#####################################################################
# Alchemist log file - simulation started at: 2025-04-16T09:59+0000 #
#####################################################################
#
# seed = 7.0, communication = 500, leaderBased = false, totalNodes = 10, totalTaskFactor = 0.5
#
# The columns have the following meaning: 
# time isDone[sum] replanning[sum] totalReplanning[sum] totalReplanning[mean] distance[sum] distance[mean] neighbors[mean] neighbors[mean] taskSize[sum] dones[sum] dones[mean] 
0.0 0.0 0.0 0.0 NaN 0.0 NaN NaN NaN 0.0 0.0 NaN
0.04977869697434523 0.0 0.0 0.0 NaN 0.0 NaN NaN NaN 0.0 0.0 NaN
1.0342212362225576 0.0 2.0 2.0 1.0 0.0 0.0 0.5 0.5 0.0 0.0 NaN
2.0497786969743452 0.0 10.0 10.0 1.0 0.0 0.0 4.5 4.5 0.0 0.0 NaN
3.0342212362225576 0.0 10.0 12.0 1.2 0.0 0.0 6.2 6.2 0.0 0.0 NaN
4.049778696974345 0.0 10.0 20.0 2.0 0.0 0.0 9.0 9.0 0.0 0.0 NaN
5.034221236222558 0.0 10.0 22.0 2.2 0.0 0.0 9.0 9.0 0.0 0.0 NaN
6.049778696974345 0.0 10.0 30.0 3.0 0.0 0.0 9.0 9.0 0.0 0.0 NaN
7.034221236222558 0.0 10.0 32.0 3.2 0.0 0.0 9.0 9.0 0.0 0.0 NaN
8.049778696974345 0.0 9.0 39.0 3.9 0.0 0.0 9.0 9.0 0.0 0.0 NaN
9.034221236222557 0.0 9.0 41.0 4.1 0.0 0.0 9.0 9.0 0.0 0.0 NaN
10.049778696974345 0.0 9.0 48.0 4.8 0.9999999999999996 0.09999999999999995 9.0 9.0 0.0 0.0 NaN
11.034221236222557 0.0 9.0 50.0 5.0 0.9999999999999996 0.09999999999999995 9.0 9.0 0.0 0.0 NaN
12.049778696974345 0.0 9.0 57.0 5.7 1.999999999999996 0.1999999999999996 9.0 9.0 0.0 0.0 NaN
13.034221236222557 0.0 9.0 59.0 5.9 1.999999999999996 0.1999999999999996 9.0 9.0 0.0 0.0 NaN
14.049778696974345 0.0 9.0 66.0 6.6 2.9999999999999893 0.29999999999999893 9.0 9.0 0.0 0.0 NaN
15.034221236222557 0.0 9.0 68.0 6.8 2.9999999999999893 0.29999999999999893 9.0 9.0 0.0 0.0 NaN
16.049778696974343 0.0 9.0 75.0 7.5 3.9999999999999925 0.39999999999999925 9.0 9.0 0.0 0.0 NaN
17.034221236222557 0.0 9.0 77.0 7.7 3.9999999999999925 0.39999999999999925 9.0 9.0 0.0 0.0 NaN
18.049778696974343 0.0 9.0 84.0 8.4 4.999999999999989 0.49999999999999895 9.0 9.0 0.0 0.0 NaN
19.034221236222557 0.0 9.0 86.0 8.6 4.999999999999989 0.49999999999999895 9.0 9.0 0.0 0.0 NaN
20.049778696974343 0.0 9.0 93.0 9.3 5.999999999999988 0.5999999999999988 9.0 9.0 0.0 0.0 NaN
21.034221236222557 0.0 9.0 95.0 9.5 5.999999999999988 0.5999999999999988 9.0 9.0 0.0 0.0 NaN
22.049778696974343 0.0 9.0 102.0 10.2 6.999999999999998 0.6999999999999998 9.0 9.0 0.0 0.0 NaN
23.034221236222557 0.0 9.0 104.0 10.4 6.999999999999998 0.6999999999999998 9.0 9.0 0.0 0.0 NaN
24.049778696974343 0.0 9.0 111.0 11.1 7.999999999999984 0.7999999999999984 9.0 9.0 0.0 0.0 NaN
25.034221236222557 0.0 9.0 113.0 11.3 7.999999999999984 0.7999999999999984 9.0 9.0 0.0 0.0 NaN
26.049778696974343 0.0 9.0 120.0 12.0 8.99999999999997 0.899999999999997 9.0 9.0 0.0 0.0 NaN
27.034221236222557 0.0 9.0 122.0 12.2 8.99999999999997 0.899999999999997 9.0 9.0 0.0 0.0 NaN
28.049778696974343 0.0 9.0 129.0 12.9 9.999999999999968 0.9999999999999968 9.0 9.0 0.0 0.0 NaN
29.034221236222557 0.0 9.0 131.0 13.1 9.999999999999968 0.9999999999999968 9.0 9.0 0.0 0.0 NaN
30.049778696974343 0.0 9.0 138.0 13.8 10.999999999999979 1.0999999999999979 9.0 9.0 0.0 0.0 NaN
31.034221236222557 0.0 9.0 140.0 14.0 10.999999999999979 1.0999999999999979 9.0 9.0 0.0 0.0 NaN
32.04977869697434 0.0 9.0 147.0 14.7 11.999999999999977 1.1999999999999977 9.0 9.0 0.0 0.0 NaN
33.03422123622256 0.0 9.0 149.0 14.9 11.999999999999977 1.1999999999999977 9.0 9.0 0.0 0.0 NaN
34.04977869697434 0.0 9.0 156.0 15.6 12.999999999999964 1.2999999999999965 9.0 9.0 0.0 0.0 NaN
35.03422123622256 0.0 9.0 158.0 15.8 12.999999999999964 1.2999999999999965 9.0 9.0 0.0 0.0 NaN
36.04977869697434 0.0 9.0 165.0 16.5 13.999999999999957 1.3999999999999957 9.0 9.0 0.0 0.0 NaN
37.03422123622256 0.0 9.0 167.0 16.7 13.999999999999957 1.3999999999999957 9.0 9.0 0.0 0.0 NaN
38.04977869697434 0.0 9.0 174.0 17.4 14.99999999999996 1.4999999999999958 9.0 9.0 0.0 0.0 NaN
39.03422123622256 0.0 9.0 176.0 17.6 14.99999999999996 1.4999999999999958 9.0 9.0 0.0 0.0 NaN
40.04977869697434 0.0 9.0 183.0 18.3 15.999999999999956 1.5999999999999954 9.0 9.0 0.0 0.0 NaN
41.03422123622256 0.0 9.0 185.0 18.5 15.999999999999956 1.5999999999999954 9.0 9.0 0.0 0.0 NaN
42.04977869697434 0.0 9.0 192.0 19.2 16.999999999999947 1.6999999999999946 9.0 9.0 0.0 0.0 NaN
43.03422123622256 0.0 9.0 194.0 19.4 16.999999999999947 1.6999999999999946 9.0 9.0 0.0 0.0 NaN
44.04977869697434 0.0 9.0 201.0 20.1 17.999999999999936 1.7999999999999936 9.0 9.0 0.0 0.0 NaN
45.03422123622256 0.0 9.0 203.0 20.3 17.999999999999936 1.7999999999999936 9.0 9.0 0.0 0.0 NaN
46.04977869697434 0.0 9.0 210.0 21.0 18.999999999999936 1.8999999999999935 9.0 9.0 0.0 0.0 NaN
47.03422123622256 0.0 9.0 212.0 21.2 18.999999999999936 1.8999999999999935 9.0 9.0 0.0 0.0 NaN
48.04977869697434 0.0 9.0 219.0 21.9 19.999999999999922 1.9999999999999922 9.0 9.0 0.0 0.0 NaN
49.03422123622256 0.0 9.0 221.0 22.1 19.999999999999922 1.9999999999999922 9.0 9.0 0.0 0.0 NaN
50.04977869697434 0.0 9.0 228.0 22.8 20.999999999999932 2.099999999999993 9.0 9.0 0.0 0.0 NaN
51.03422123622256 0.0 9.0 230.0 23.0 20.999999999999932 2.099999999999993 9.0 9.0 0.0 0.0 NaN
52.04977869697434 0.0 9.0 237.0 23.7 21.999999999999925 2.1999999999999926 9.0 9.0 0.0 0.0 NaN
53.03422123622256 0.0 9.0 239.0 23.9 21.999999999999925 2.1999999999999926 9.0 9.0 0.0 0.0 NaN
54.04977869697434 0.0 9.0 246.0 24.6 22.99999999999992 2.299999999999992 9.0 9.0 0.0 0.0 NaN
55.03422123622256 0.0 9.0 248.0 24.8 22.99999999999992 2.299999999999992 9.0 9.0 0.0 0.0 NaN
56.04977869697434 0.0 9.0 255.0 25.5 23.99999999999993 2.399999999999993 9.0 9.0 0.0 0.0 NaN
57.03422123622256 0.0 9.0 257.0 25.7 23.99999999999993 2.399999999999993 9.0 9.0 0.0 0.0 NaN
58.04977869697434 0.0 9.0 264.0 26.4 24.999999999999922 2.499999999999992 9.0 9.0 0.0 0.0 NaN
59.03422123622256 0.0 9.0 266.0 26.6 24.999999999999922 2.499999999999992 9.0 9.0 0.0 0.0 NaN
60.04977869697434 0.0 9.0 273.0 27.3 25.999999999999922 2.599999999999992 9.0 9.0 0.0 0.0 NaN
61.03422123622256 0.0 9.0 275.0 27.5 25.999999999999922 2.599999999999992 9.0 9.0 0.0 0.0 NaN
62.04977869697434 0.0 9.0 282.0 28.2 26.999999999999915 2.6999999999999913 9.0 9.0 0.0 0.0 NaN
63.03422123622256 0.0 9.0 284.0 28.4 26.999999999999915 2.6999999999999913 9.0 9.0 0.0 0.0 NaN
64.04977869697434 0.0 9.0 291.0 29.1 27.999999999999915 2.7999999999999914 9.0 9.0 0.0 0.0 NaN
65.03422123622255 0.0 9.0 293.0 29.3 27.999999999999915 2.7999999999999914 9.0 9.0 0.0 0.0 NaN
66.04977869697434 0.0 9.0 300.0 30.0 28.999999999999925 2.899999999999993 9.0 9.0 0.0 0.0 NaN
67.03422123622255 0.0 9.0 302.0 30.2 28.999999999999925 2.899999999999993 9.0 9.0 0.0 0.0 NaN
68.04977869697434 0.0 9.0 309.0 30.9 29.99999999999993 2.999999999999993 9.0 9.0 0.0 0.0 NaN
69.03422123622255 0.0 9.0 311.0 31.1 29.99999999999993 2.999999999999993 9.0 9.0 0.0 0.0 NaN
70.04977869697434 0.0 9.0 318.0 31.8 30.999999999999932 3.099999999999993 9.0 9.0 0.0 0.0 NaN
71.03422123622255 0.0 9.0 320.0 32.0 30.999999999999932 3.099999999999993 9.0 9.0 0.0 0.0 NaN
72.04977869697434 0.0 9.0 327.0 32.7 31.99999999999993 3.199999999999993 9.0 9.0 0.0 0.0 NaN
73.03422123622255 0.0 9.0 329.0 32.9 31.99999999999993 3.199999999999993 9.0 9.0 0.0 0.0 NaN
74.04977869697434 0.0 9.0 336.0 33.6 32.99999999999993 3.2999999999999927 9.0 9.0 0.0 0.0 NaN
75.03422123622255 0.0 9.0 338.0 33.8 32.99999999999993 3.2999999999999927 9.0 9.0 0.0 0.0 NaN
76.04977869697434 0.0 9.0 345.0 34.5 33.999999999999936 3.3999999999999937 9.0 9.0 0.0 0.0 NaN
77.03422123622255 0.0 9.0 347.0 34.7 33.999999999999936 3.3999999999999937 9.0 9.0 0.0 0.0 NaN
78.04977869697434 0.0 9.0 354.0 35.4 34.999999999999936 3.499999999999994 9.0 9.0 0.0 0.0 NaN
79.03422123622255 0.0 9.0 356.0 35.6 34.999999999999936 3.499999999999994 9.0 9.0 0.0 0.0 NaN
80.04977869697434 0.0 9.0 363.0 36.3 35.99999999999993 3.599999999999993 9.0 9.0 0.0 0.0 NaN
81.03422123622255 0.0 9.0 365.0 36.5 35.99999999999993 3.599999999999993 9.0 9.0 0.0 0.0 NaN
82.04977869697434 0.0 9.0 372.0 37.2 36.99999999999992 3.6999999999999917 9.0 9.0 0.0 0.0 NaN
83.03422123622255 0.0 9.0 374.0 37.4 36.99999999999992 3.6999999999999917 9.0 9.0 0.0 0.0 NaN
84.04977869697434 0.0 9.0 381.0 38.1 37.99999999999992 3.7999999999999927 9.0 9.0 0.0 0.0 NaN
85.03422123622255 0.0 9.0 383.0 38.3 37.99999999999992 3.7999999999999927 9.0 9.0 0.0 0.0 NaN
86.04977869697434 0.0 9.0 390.0 39.0 38.999999999999915 3.8999999999999915 9.0 9.0 0.0 0.0 NaN
87.03422123622255 0.0 9.0 392.0 39.2 38.999999999999915 3.8999999999999915 9.0 9.0 0.0 0.0 NaN
88.04977869697434 0.0 9.0 399.0 39.9 39.999999999999915 3.9999999999999916 9.0 9.0 0.0 0.0 NaN
89.03422123622255 0.0 9.0 401.0 40.1 39.999999999999915 3.9999999999999916 9.0 9.0 0.0 0.0 NaN
90.04977869697434 0.0 9.0 408.0 40.8 40.99999999999991 4.099999999999991 9.0 9.0 0.0 0.0 NaN
91.03422123622255 0.0 9.0 410.0 41.0 40.99999999999991 4.099999999999991 9.0 9.0 0.0 0.0 NaN
92.04977869697434 0.0 9.0 417.0 41.7 41.9999999999999 4.19999999999999 9.0 9.0 0.0 0.0 NaN
93.03422123622255 0.0 9.0 419.0 41.9 41.9999999999999 4.19999999999999 9.0 9.0 0.0 0.0 NaN
94.04977869697434 0.0 9.0 426.0 42.6 42.9999999999999 4.29999999999999 9.0 9.0 0.0 0.0 NaN
95.03422123622255 0.0 9.0 428.0 42.8 42.9999999999999 4.29999999999999 9.0 9.0 0.0 0.0 NaN
96.04977869697434 0.0 9.0 435.0 43.5 43.9999999999999 4.39999999999999 9.0 9.0 0.0 0.0 NaN
97.03422123622255 0.0 9.0 437.0 43.7 43.9999999999999 4.39999999999999 9.0 9.0 0.0 0.0 NaN
98.04977869697434 0.0 9.0 444.0 44.4 44.9999999999999 4.49999999999999 9.0 9.0 0.0 0.0 NaN
99.03422123622255 0.0 9.0 446.0 44.6 44.9999999999999 4.49999999999999 9.0 9.0 0.0 0.0 NaN
100.04977869697434 0.0 9.0 453.0 45.3 45.9999999999999 4.59999999999999 9.0 9.0 0.0 0.0 NaN
101.03422123622255 0.0 9.0 455.0 45.5 45.9999999999999 4.59999999999999 9.0 9.0 0.0 0.0 NaN
102.04977869697434 0.0 9.0 462.0 46.2 46.99999999999991 4.699999999999991 9.0 9.0 0.0 0.0 NaN
103.03422123622255 0.0 9.0 464.0 46.4 46.99999999999991 4.699999999999991 9.0 9.0 0.0 0.0 NaN
104.04977869697434 0.0 9.0 471.0 47.1 47.99999999999991 4.799999999999991 9.0 9.0 0.0 0.0 NaN
105.03422123622255 0.0 9.0 473.0 47.3 47.99999999999991 4.799999999999991 9.0 9.0 0.0 0.0 NaN
106.04977869697434 0.0 9.0 480.0 48.0 48.99999999999991 4.899999999999991 9.0 9.0 0.0 0.0 NaN
107.03422123622255 0.0 9.0 482.0 48.2 48.99999999999991 4.899999999999991 9.0 9.0 0.0 0.0 NaN
108.04977869697434 0.0 9.0 489.0 48.9 49.999999999999915 4.999999999999991 9.0 9.0 0.0 0.0 NaN
109.03422123622255 0.0 9.0 491.0 49.1 49.999999999999915 4.999999999999991 9.0 9.0 0.0 0.0 NaN
110.04977869697434 0.0 9.0 498.0 49.8 50.999999999999915 5.099999999999992 9.0 9.0 0.0 0.0 NaN
111.03422123622255 0.0 9.0 500.0 50.0 50.999999999999915 5.099999999999992 9.0 9.0 0.0 0.0 NaN
112.04977869697434 0.0 9.0 507.0 50.7 51.999999999999915 5.199999999999991 9.0 9.0 0.0 0.0 NaN
113.03422123622255 0.0 9.0 509.0 50.9 51.999999999999915 5.199999999999991 9.0 9.0 0.0 0.0 NaN
114.04977869697434 0.0 9.0 516.0 51.6 52.99999999999991 5.299999999999991 9.0 9.0 0.0 0.0 NaN
115.03422123622255 0.0 9.0 518.0 51.8 52.99999999999991 5.299999999999991 9.0 9.0 0.0 0.0 NaN
116.04977869697434 0.0 9.0 525.0 52.5 53.99999999999991 5.399999999999991 9.0 9.0 0.0 0.0 NaN
117.03422123622255 0.0 9.0 527.0 52.7 53.99999999999991 5.399999999999991 9.0 9.0 0.0 0.0 NaN
118.04977869697434 0.0 9.0 534.0 53.4 54.99999999999991 5.49999999999999 9.0 9.0 0.0 0.0 NaN
119.03422123622255 0.0 9.0 536.0 53.6 54.99999999999991 5.49999999999999 9.0 9.0 0.0 0.0 NaN
120.04977869697434 0.0 9.0 543.0 54.3 55.9999999999999 5.59999999999999 9.0 9.0 0.0 0.0 NaN
121.03422123622255 0.0 7.0 543.0 54.3 55.9999999999999 5.59999999999999 9.0 9.0 0.0 0.0 NaN
122.04977869697434 0.0 0.0 543.0 54.3 56.99999999999989 5.6999999999999895 9.0 9.0 0.0 0.0 NaN
123.03422123622255 0.0 0.0 543.0 54.3 58.99999999999989 5.89999999999999 9.0 9.0 0.0 0.0 NaN
124.04977869697434 0.0 0.0 543.0 54.3 66.99999999999994 6.699999999999994 9.0 9.0 0.0 0.0 NaN
125.03422123622255 0.0 0.0 543.0 54.3 68.99999999999993 6.899999999999993 9.0 9.0 0.0 0.0 NaN
126.04977869697434 0.0 0.0 543.0 54.3 76.99999999999993 7.699999999999992 9.0 9.0 0.0 0.0 NaN
127.03422123622255 0.0 0.0 543.0 54.3 78.99999999999991 7.899999999999992 9.0 9.0 0.0 0.0 NaN
128.04977869697433 0.0 0.0 543.0 54.3 86.9999999999999 8.69999999999999 9.0 9.0 0.0 0.0 NaN
129.03422123622255 0.0 0.0 543.0 54.3 88.9999999999999 8.89999999999999 9.0 9.0 0.0 0.0 NaN
130.04977869697433 0.0 0.0 543.0 54.3 96.9999999999999 9.699999999999992 9.0 9.0 0.0 0.0 NaN
131.03422123622255 0.0 0.0 543.0 54.3 98.9999999999999 9.899999999999991 9.0 9.0 0.0 0.0 NaN
132.04977869697433 0.0 0.0 543.0 54.3 106.99999999999989 10.699999999999989 9.0 9.0 0.0 0.0 NaN
133.03422123622255 0.0 0.0 543.0 54.3 108.9999999999999 10.89999999999999 9.0 9.0 0.0 0.0 NaN
134.04977869697433 0.0 0.0 543.0 54.3 116.9999999999999 11.69999999999999 9.0 9.0 0.0 0.0 NaN
135.03422123622255 0.0 0.0 543.0 54.3 118.9999999999999 11.89999999999999 9.0 9.0 0.0 0.0 NaN
136.04977869697433 0.0 0.0 543.0 54.3 126.99999999999989 12.699999999999989 9.0 9.0 0.0 0.0 NaN
137.03422123622255 0.0 0.0 543.0 54.3 128.9999999999999 12.899999999999986 9.0 9.0 0.0 0.0 NaN
138.04977869697433 0.0 0.0 543.0 54.3 136.99999999999991 13.699999999999992 9.0 9.0 0.0 0.0 NaN
139.03422123622255 0.0 0.0 543.0 54.3 138.99999999999994 13.899999999999993 9.0 9.0 0.0 0.0 NaN
140.04977869697433 0.0 0.0 543.0 54.3 146.99999999999994 14.699999999999996 9.0 9.0 0.0 0.0 NaN
141.03422123622255 0.0 0.0 543.0 54.3 148.99999999999994 14.899999999999999 9.0 9.0 0.0 0.0 NaN
142.04977869697433 0.0 0.0 543.0 54.3 157.0 15.7 9.0 9.0 0.0 0.0 NaN
143.03422123622255 0.0 0.0 543.0 54.3 159.0 15.899999999999999 9.0 9.0 0.0 0.0 NaN
144.04977869697433 0.0 0.0 543.0 54.3 166.99999999999997 16.7 9.0 9.0 0.0 0.0 NaN
145.03422123622255 0.0 0.0 543.0 54.3 168.99999999999997 16.900000000000002 9.0 9.0 0.0 0.0 NaN
146.04977869697433 0.0 0.0 543.0 54.3 177.00000000000003 17.700000000000003 9.0 9.0 0.0 0.0 NaN
147.03422123622255 0.0 0.0 543.0 54.3 179.00000000000003 17.900000000000002 9.0 9.0 0.0 0.0 NaN
148.04977869697433 0.0 0.0 543.0 54.3 187.00000000000006 18.700000000000003 9.0 9.0 0.0 0.0 NaN
149.03422123622255 0.0 0.0 543.0 54.3 189.00000000000006 18.900000000000002 9.0 9.0 0.0 0.0 NaN
150.04977869697433 0.0 0.0 543.0 54.3 197.0 19.700000000000003 9.0 9.0 0.0 0.0 NaN
151.03422123622255 0.0 0.0 543.0 54.3 199.00000000000006 19.900000000000002 9.0 9.0 0.0 0.0 NaN
152.04977869697433 0.0 0.0 543.0 54.3 207.0 20.7 9.0 9.0 0.0 0.0 NaN
153.03422123622255 0.0 0.0 543.0 54.3 209.00000000000003 20.9 9.0 9.0 0.0 0.0 NaN
154.04977869697433 0.0 0.0 543.0 54.3 217.0 21.7 9.0 9.0 0.0 0.0 NaN
155.03422123622255 0.0 0.0 543.0 54.3 219.0 21.9 9.0 9.0 0.0 0.0 NaN
156.04977869697433 0.0 0.0 543.0 54.3 226.99999999999994 22.7 9.0 9.0 0.0 0.0 NaN
157.03422123622255 0.0 0.0 543.0 54.3 229.0 22.9 9.0 9.0 0.0 0.0 NaN
158.04977869697433 0.0 0.0 543.0 54.3 237.0 23.7 9.0 9.0 0.0 0.0 NaN
159.03422123622255 0.0 0.0 543.0 54.3 239.0 23.900000000000002 9.0 9.0 0.0 0.0 NaN
160.04977869697433 0.0 0.0 543.0 54.3 246.99999999999997 24.700000000000003 9.0 9.0 0.0 0.0 NaN
161.03422123622255 0.0 0.0 543.0 54.3 249.0 24.900000000000002 9.0 9.0 0.0 0.0 NaN
162.04977869697433 0.0 0.0 543.0 54.3 256.99999999999994 25.7 9.0 9.0 0.0 0.0 NaN
163.03422123622255 0.0 0.0 543.0 54.3 258.99999999999994 25.9 9.0 9.0 0.0 0.0 NaN
164.04977869697433 0.0 0.0 543.0 54.3 266.99999999999994 26.699999999999996 9.0 9.0 0.0 0.0 NaN
165.03422123622255 0.0 0.0 543.0 54.3 268.99999999999994 26.899999999999995 9.0 9.0 0.0 0.0 NaN
166.04977869697433 0.0 0.0 543.0 54.3 276.99999999999994 27.699999999999996 9.0 9.0 0.0 0.0 NaN
167.03422123622255 0.0 0.0 543.0 54.3 279.0 27.9 9.0 9.0 0.0 0.0 NaN
168.04977869697433 0.0 0.0 543.0 54.3 287.0 28.700000000000003 9.0 9.0 0.0 0.0 NaN
169.03422123622255 0.0 0.0 543.0 54.3 289.0 28.900000000000002 9.0 9.0 0.0 0.0 NaN
170.04977869697433 0.0 0.0 543.0 54.3 296.99999999999994 29.7 9.0 9.0 0.0 0.0 NaN
171.03422123622255 0.0 0.0 543.0 54.3 298.99999999999994 29.9 9.0 9.0 0.0 0.0 NaN
172.04977869697433 0.0 0.0 543.0 54.3 307.0 30.7 9.0 9.0 0.0 0.0 NaN
173.03422123622255 0.0 0.0 543.0 54.3 309.00000000000006 30.9 9.0 9.0 0.0 0.0 NaN
174.04977869697433 0.0 0.0 543.0 54.3 317.0 31.7 9.0 9.0 0.0 0.0 NaN
175.03422123622255 0.0 0.0 543.0 54.3 319.0 31.9 9.0 9.0 0.0 0.0 NaN
176.04977869697433 0.0 0.0 543.0 54.3 327.0 32.7 9.0 9.0 0.0 0.0 NaN
177.03422123622255 0.0 0.0 543.0 54.3 329.0 32.900000000000006 9.0 9.0 0.0 0.0 NaN
178.04977869697433 0.0 0.0 543.0 54.3 337.0 33.7 9.0 9.0 0.0 0.0 NaN
179.03422123622255 0.0 0.0 543.0 54.3 339.00000000000006 33.900000000000006 9.0 9.0 0.0 0.0 NaN
180.04977869697433 0.0 0.0 543.0 54.3 347.00000000000006 34.7 9.0 9.0 0.0 0.0 NaN
181.03422123622255 0.0 0.0 543.0 54.3 349.00000000000006 34.900000000000006 9.0 9.0 0.0 0.0 NaN
182.04977869697433 0.0 0.0 543.0 54.3 357.00000000000006 35.7 9.0 9.0 0.0 0.0 NaN
183.03422123622255 0.0 0.0 543.0 54.3 359.0000000000001 35.900000000000006 9.0 9.0 0.0 0.0 NaN
184.04977869697433 0.0 0.0 543.0 54.3 367.00000000000006 36.7 9.0 9.0 0.0 0.0 NaN
185.03422123622255 0.0 0.0 543.0 54.3 369.00000000000006 36.900000000000006 9.0 9.0 0.0 0.0 NaN
186.04977869697433 0.0 0.0 543.0 54.3 377.00000000000006 37.7 9.0 9.0 0.0 0.0 NaN
187.03422123622255 0.0 0.0 543.0 54.3 379.00000000000006 37.900000000000006 9.0 9.0 0.0 0.0 NaN
188.04977869697433 0.0 0.0 543.0 54.3 387.00000000000006 38.7 9.0 9.0 0.0 0.0 NaN
189.03422123622255 0.0 0.0 543.0 54.3 389.00000000000006 38.900000000000006 9.0 9.0 0.0 0.0 NaN
190.04977869697433 0.0 0.0 543.0 54.3 397.00000000000006 39.7 9.0 9.0 0.0 0.0 NaN
191.03422123622255 0.0 0.0 543.0 54.3 399.00000000000006 39.9 9.0 9.0 0.0 0.0 NaN
192.04977869697433 0.0 0.0 543.0 54.3 407.0 40.7 9.0 9.0 0.0 0.0 NaN
193.03422123622255 0.0 0.0 543.0 54.3 409.0 40.9 9.0 9.0 0.0 0.0 NaN
194.04977869697433 0.0 0.0 543.0 54.3 416.99999999999994 41.699999999999996 9.0 9.0 0.0 0.0 NaN
195.03422123622255 0.0 0.0 543.0 54.3 418.99999999999994 41.9 9.0 9.0 0.0 0.0 NaN
196.04977869697433 0.0 0.0 543.0 54.3 426.9999999999999 42.699999999999996 9.0 9.0 0.0 0.0 NaN
197.03422123622255 0.0 0.0 543.0 54.3 428.9999999999999 42.9 9.0 9.0 0.0 0.0 NaN
198.04977869697433 0.0 0.0 543.0 54.3 436.9999999999999 43.699999999999996 9.0 9.0 0.0 0.0 NaN
199.03422123622255 0.0 0.0 543.0 54.3 438.9999999999999 43.89999999999999 9.0 9.0 0.0 0.0 NaN
200.0 0.0 0.0 543.0 54.3 446.99999999999994 44.699999999999996 9.0 9.0 0.0 0.0 NaN
201.03422123622255 0.0 0.0 543.0 54.3 448.9999999999999 44.89999999999999 9.0 9.0 0.0 0.0 NaN
202.04977869697433 0.0 0.0 543.0 54.3 456.99999999999994 45.699999999999996 9.0 9.0 0.0 0.0 NaN
203.03422123622255 0.0 1.0 544.0 54.4 457.99999999999994 45.8 9.0 9.0 0.0 0.0 NaN
204.04977869697433 0.0 9.0 552.0 55.2 465.99999999999994 46.599999999999994 9.0 9.0 0.0 0.0 NaN
205.03422123622255 0.0 9.0 553.0 55.3 465.99999999999994 46.599999999999994 9.0 9.0 0.0 0.0 NaN
206.04977869697433 0.0 9.0 561.0 56.1 465.99999999999994 46.599999999999994 9.0 9.0 0.0 0.0 NaN
207.03422123622255 0.0 9.0 562.0 56.2 465.99999999999994 46.599999999999994 9.0 9.0 0.0 0.0 NaN
208.04977869697433 0.0 9.0 570.0 57.0 465.99999999999994 46.599999999999994 9.0 9.0 0.0 0.0 NaN
209.03422123622255 0.0 9.0 571.0 57.1 465.99999999999994 46.599999999999994 9.0 9.0 0.0 0.0 NaN
210.04977869697433 0.0 9.0 579.0 57.9 465.99999999999994 46.599999999999994 9.0 9.0 0.0 0.0 NaN
211.03422123622255 0.0 9.0 580.0 58.0 465.99999999999994 46.599999999999994 9.0 9.0 0.0 0.0 NaN
212.04977869697433 0.0 9.0 588.0 58.8 465.99999999999994 46.599999999999994 9.0 9.0 0.0 0.0 NaN
213.03422123622255 0.0 9.0 589.0 58.9 465.99999999999994 46.599999999999994 9.0 9.0 0.0 0.0 NaN
214.04977869697433 0.0 9.0 597.0 59.7 465.99999999999994 46.599999999999994 9.0 9.0 0.0 0.0 NaN
215.03422123622255 0.0 9.0 598.0 59.8 465.99999999999994 46.599999999999994 9.0 9.0 0.0 0.0 NaN
216.04977869697433 0.0 9.0 606.0 60.6 465.99999999999994 46.599999999999994 9.0 9.0 0.0 0.0 NaN
217.03422123622255 0.0 9.0 607.0 60.7 465.99999999999994 46.599999999999994 9.0 9.0 0.0 0.0 NaN
218.04977869697433 0.0 9.0 615.0 61.5 465.99999999999994 46.599999999999994 9.0 9.0 0.0 0.0 NaN
219.03422123622255 0.0 9.0 616.0 61.6 465.99999999999994 46.599999999999994 9.0 9.0 0.0 0.0 NaN
220.04977869697433 0.0 9.0 624.0 62.4 465.99999999999994 46.599999999999994 9.0 9.0 0.0 0.0 NaN
221.03422123622255 0.0 9.0 625.0 62.5 465.99999999999994 46.599999999999994 9.0 9.0 0.0 0.0 NaN
222.04977869697433 0.0 9.0 633.0 63.3 465.99999999999994 46.599999999999994 9.0 9.0 0.0 0.0 NaN
223.03422123622255 0.0 9.0 634.0 63.4 465.99999999999994 46.599999999999994 9.0 9.0 0.0 0.0 NaN
224.04977869697433 0.0 9.0 642.0 64.2 465.99999999999994 46.599999999999994 9.0 9.0 0.0 0.0 NaN
225.03422123622255 0.0 9.0 643.0 64.3 465.99999999999994 46.599999999999994 9.0 9.0 0.0 0.0 NaN
226.04977869697433 0.0 9.0 651.0 65.1 465.99999999999994 46.599999999999994 9.0 9.0 0.0 0.0 NaN
227.03422123622255 0.0 9.0 652.0 65.2 465.99999999999994 46.599999999999994 9.0 9.0 0.0 0.0 NaN
228.04977869697433 0.0 9.0 660.0 66.0 465.99999999999994 46.599999999999994 9.0 9.0 0.0 0.0 NaN
229.03422123622255 0.0 9.0 661.0 66.1 465.99999999999994 46.599999999999994 9.0 9.0 0.0 0.0 NaN
230.04977869697433 0.0 9.0 669.0 66.9 465.99999999999994 46.599999999999994 9.0 9.0 0.0 0.0 NaN
231.03422123622255 0.0 9.0 670.0 67.0 465.99999999999994 46.599999999999994 9.0 9.0 0.0 0.0 NaN
232.04977869697433 0.0 9.0 678.0 67.8 465.99999999999994 46.599999999999994 9.0 9.0 0.0 0.0 NaN
233.03422123622255 0.0 9.0 679.0 67.9 465.99999999999994 46.599999999999994 9.0 9.0 0.0 0.0 NaN
234.04977869697433 0.0 9.0 687.0 68.7 465.99999999999994 46.599999999999994 9.0 9.0 0.0 0.0 NaN
235.03422123622255 0.0 9.0 688.0 68.8 465.99999999999994 46.599999999999994 9.0 9.0 0.0 0.0 NaN
236.04977869697433 0.0 9.0 696.0 69.6 465.99999999999994 46.599999999999994 9.0 9.0 0.0 0.0 NaN
237.03422123622255 0.0 9.0 697.0 69.7 465.99999999999994 46.599999999999994 9.0 9.0 0.0 0.0 NaN
238.04977869697433 0.0 9.0 705.0 70.5 465.99999999999994 46.599999999999994 9.0 9.0 0.0 0.0 NaN
239.03422123622255 0.0 9.0 706.0 70.6 465.99999999999994 46.599999999999994 9.0 9.0 0.0 0.0 NaN
240.04977869697433 0.0 9.0 714.0 71.4 465.99999999999994 46.599999999999994 9.0 9.0 0.0 0.0 NaN
241.03422123622255 0.0 9.0 715.0 71.5 465.99999999999994 46.599999999999994 9.0 9.0 0.0 0.0 NaN
242.04977869697433 0.0 9.0 723.0 72.3 465.99999999999994 46.599999999999994 9.0 9.0 0.0 0.0 NaN
243.03422123622255 0.0 9.0 724.0 72.4 465.99999999999994 46.599999999999994 9.0 9.0 0.0 0.0 NaN
244.04977869697433 0.0 9.0 732.0 73.2 465.99999999999994 46.599999999999994 9.0 9.0 0.0 0.0 NaN
245.03422123622255 0.0 9.0 733.0 73.3 465.99999999999994 46.599999999999994 9.0 9.0 0.0 0.0 NaN
246.04977869697433 0.0 9.0 741.0 74.1 465.99999999999994 46.599999999999994 9.0 9.0 0.0 0.0 NaN
247.03422123622255 0.0 9.0 742.0 74.2 465.99999999999994 46.599999999999994 9.0 9.0 0.0 0.0 NaN
248.04977869697433 0.0 9.0 750.0 75.0 465.99999999999994 46.599999999999994 9.0 9.0 0.0 0.0 NaN
249.03422123622255 0.0 9.0 751.0 75.1 465.99999999999994 46.599999999999994 9.0 9.0 0.0 0.0 NaN
250.04977869697433 0.0 9.0 759.0 75.9 465.99999999999994 46.599999999999994 9.0 9.0 0.0 0.0 NaN
251.03422123622255 0.0 9.0 760.0 76.0 465.99999999999994 46.599999999999994 9.0 9.0 0.0 0.0 NaN
252.04977869697433 0.0 9.0 768.0 76.8 465.99999999999994 46.599999999999994 9.0 9.0 0.0 0.0 NaN
253.03422123622255 0.0 9.0 769.0 76.9 465.99999999999994 46.599999999999994 9.0 9.0 0.0 0.0 NaN
254.04977869697433 0.0 9.0 777.0 77.7 465.99999999999994 46.599999999999994 9.0 9.0 0.0 0.0 NaN
255.03422123622255 0.0 9.0 778.0 77.8 465.99999999999994 46.599999999999994 9.0 9.0 0.0 0.0 NaN
256.04977869697433 0.0 9.0 786.0 78.6 465.99999999999994 46.599999999999994 9.0 9.0 0.0 0.0 NaN
257.03422123622255 0.0 9.0 787.0 78.7 465.99999999999994 46.599999999999994 9.0 9.0 0.0 0.0 NaN
258.04977869697433 0.0 9.0 795.0 79.5 465.99999999999994 46.599999999999994 9.0 9.0 0.0 0.0 NaN
259.03422123622255 0.0 9.0 796.0 79.6 465.99999999999994 46.599999999999994 9.0 9.0 0.0 0.0 NaN
260.04977869697433 0.0 9.0 804.0 80.4 465.99999999999994 46.599999999999994 9.0 9.0 0.0 0.0 NaN
261.03422123622255 0.0 9.0 805.0 80.5 465.99999999999994 46.599999999999994 9.0 9.0 0.0 0.0 NaN
262.04977869697433 0.0 9.0 813.0 81.3 465.99999999999994 46.599999999999994 9.0 9.0 0.0 0.0 NaN
263.03422123622255 0.0 9.0 814.0 81.4 465.99999999999994 46.599999999999994 9.0 9.0 0.0 0.0 NaN
264.04977869697433 0.0 9.0 822.0 82.2 465.99999999999994 46.599999999999994 9.0 9.0 0.0 0.0 NaN
265.03422123622255 0.0 9.0 823.0 82.3 465.99999999999994 46.599999999999994 9.0 9.0 0.0 0.0 NaN
266.04977869697433 0.0 9.0 831.0 83.1 465.99999999999994 46.599999999999994 9.0 9.0 0.0 0.0 NaN
267.03422123622255 0.0 9.0 832.0 83.2 465.99999999999994 46.599999999999994 9.0 9.0 0.0 0.0 NaN
268.04977869697433 0.0 9.0 840.0 84.0 465.99999999999994 46.599999999999994 9.0 9.0 0.0 0.0 NaN
269.03422123622255 0.0 9.0 841.0 84.1 465.99999999999994 46.599999999999994 9.0 9.0 0.0 0.0 NaN
270.04977869697433 0.0 9.0 849.0 84.9 465.99999999999994 46.599999999999994 9.0 9.0 0.0 0.0 NaN
271.03422123622255 0.0 9.0 850.0 85.0 465.99999999999994 46.599999999999994 9.0 9.0 0.0 0.0 NaN
272.04977869697433 0.0 9.0 858.0 85.8 465.99999999999994 46.599999999999994 9.0 9.0 0.0 0.0 NaN
273.03422123622255 0.0 9.0 859.0 85.9 465.99999999999994 46.599999999999994 9.0 9.0 0.0 0.0 NaN
274.04977869697433 0.0 9.0 867.0 86.7 465.99999999999994 46.599999999999994 9.0 9.0 0.0 0.0 NaN
275.03422123622255 0.0 9.0 868.0 86.8 465.99999999999994 46.599999999999994 9.0 9.0 0.0 0.0 NaN
276.04977869697433 0.0 9.0 876.0 87.6 465.99999999999994 46.599999999999994 9.0 9.0 0.0 0.0 NaN
277.03422123622255 0.0 9.0 877.0 87.7 465.99999999999994 46.599999999999994 9.0 9.0 0.0 0.0 NaN
278.04977869697433 0.0 9.0 885.0 88.5 465.99999999999994 46.599999999999994 9.0 9.0 0.0 0.0 NaN
279.03422123622255 0.0 9.0 886.0 88.6 465.99999999999994 46.599999999999994 9.0 9.0 0.0 0.0 NaN
280.04977869697433 0.0 9.0 894.0 89.4 465.99999999999994 46.599999999999994 9.0 9.0 0.0 0.0 NaN
281.03422123622255 0.0 9.0 895.0 89.5 465.99999999999994 46.599999999999994 9.0 9.0 0.0 0.0 NaN
282.04977869697433 0.0 9.0 903.0 90.3 465.99999999999994 46.599999999999994 9.0 9.0 0.0 0.0 NaN
283.03422123622255 0.0 9.0 904.0 90.4 465.99999999999994 46.599999999999994 9.0 9.0 0.0 0.0 NaN
284.04977869697433 0.0 9.0 912.0 91.2 465.99999999999994 46.599999999999994 9.0 9.0 0.0 0.0 NaN
285.03422123622255 0.0 9.0 913.0 91.3 465.99999999999994 46.599999999999994 9.0 9.0 0.0 0.0 NaN
286.04977869697433 0.0 9.0 921.0 92.1 465.99999999999994 46.599999999999994 9.0 9.0 0.0 0.0 NaN
287.03422123622255 0.0 9.0 922.0 92.2 465.99999999999994 46.599999999999994 9.0 9.0 0.0 0.0 NaN
288.04977869697433 0.0 9.0 930.0 93.0 465.99999999999994 46.599999999999994 9.0 9.0 0.0 0.0 NaN
289.03422123622255 0.0 9.0 931.0 93.1 465.99999999999994 46.599999999999994 9.0 9.0 0.0 0.0 NaN
290.04977869697433 0.0 9.0 939.0 93.9 465.99999999999994 46.599999999999994 9.0 9.0 0.0 0.0 NaN
291.03422123622255 0.0 9.0 940.0 94.0 465.99999999999994 46.599999999999994 9.0 9.0 0.0 0.0 NaN
292.04977869697433 0.0 9.0 948.0 94.8 465.99999999999994 46.599999999999994 9.0 9.0 0.0 0.0 NaN
293.03422123622255 0.0 9.0 949.0 94.9 465.99999999999994 46.599999999999994 9.0 9.0 0.0 0.0 NaN
294.04977869697433 0.0 9.0 957.0 95.7 465.99999999999994 46.599999999999994 9.0 9.0 0.0 0.0 NaN
295.03422123622255 0.0 9.0 958.0 95.8 465.99999999999994 46.599999999999994 9.0 9.0 0.0 0.0 NaN
296.04977869697433 0.0 9.0 966.0 96.6 465.99999999999994 46.599999999999994 9.0 9.0 0.0 0.0 NaN
297.03422123622255 0.0 9.0 967.0 96.7 465.99999999999994 46.599999999999994 9.0 9.0 0.0 0.0 NaN
298.04977869697433 0.0 9.0 975.0 97.5 465.99999999999994 46.599999999999994 9.0 9.0 0.0 0.0 NaN
299.03422123622255 0.0 9.0 976.0 97.6 465.99999999999994 46.599999999999994 9.0 9.0 0.0 0.0 NaN
300.04977869697433 0.0 9.0 984.0 98.4 465.99999999999994 46.599999999999994 9.0 9.0 0.0 0.0 NaN
301.03422123622255 0.0 9.0 985.0 98.5 465.99999999999994 46.599999999999994 9.0 9.0 0.0 0.0 NaN
302.04977869697433 0.0 9.0 993.0 99.3 465.99999999999994 46.599999999999994 9.0 9.0 0.0 0.0 NaN
303.03422123622255 0.0 9.0 994.0 99.4 465.99999999999994 46.599999999999994 9.0 9.0 0.0 0.0 NaN
304.04977869697433 0.0 9.0 1002.0 100.2 465.99999999999994 46.599999999999994 9.0 9.0 0.0 0.0 NaN
305.03422123622255 0.0 9.0 1003.0 100.3 465.99999999999994 46.599999999999994 9.0 9.0 0.0 0.0 NaN
306.04977869697433 0.0 9.0 1011.0 101.1 465.99999999999994 46.599999999999994 9.0 9.0 0.0 0.0 NaN
307.03422123622255 0.0 9.0 1012.0 101.2 465.99999999999994 46.599999999999994 9.0 9.0 0.0 0.0 NaN
308.04977869697433 0.0 9.0 1020.0 102.0 465.99999999999994 46.599999999999994 9.0 9.0 0.0 0.0 NaN
309.03422123622255 0.0 9.0 1021.0 102.1 465.99999999999994 46.599999999999994 9.0 9.0 0.0 0.0 NaN
310.04977869697433 0.0 9.0 1029.0 102.9 465.99999999999994 46.599999999999994 9.0 9.0 0.0 0.0 NaN
311.03422123622255 0.0 9.0 1030.0 103.0 465.99999999999994 46.599999999999994 9.0 9.0 0.0 0.0 NaN
312.04977869697433 0.0 9.0 1038.0 103.8 465.99999999999994 46.599999999999994 9.0 9.0 0.0 0.0 NaN
313.03422123622255 0.0 9.0 1039.0 103.9 465.99999999999994 46.599999999999994 9.0 9.0 0.0 0.0 NaN
314.04977869697433 0.0 9.0 1047.0 104.7 465.99999999999994 46.599999999999994 9.0 9.0 0.0 0.0 NaN
315.03422123622255 0.0 9.0 1048.0 104.8 465.99999999999994 46.599999999999994 9.0 9.0 0.0 0.0 NaN
316.04977869697433 0.0 9.0 1056.0 105.6 465.99999999999994 46.599999999999994 9.0 9.0 0.0 0.0 NaN
317.03422123622255 0.0 9.0 1057.0 105.7 465.99999999999994 46.599999999999994 9.0 9.0 0.0 0.0 NaN
318.04977869697433 0.0 9.0 1065.0 106.5 465.99999999999994 46.599999999999994 9.0 9.0 0.0 0.0 NaN
319.03422123622255 0.0 9.0 1066.0 106.6 465.99999999999994 46.599999999999994 9.0 9.0 0.0 0.0 NaN
320.04977869697433 0.0 9.0 1074.0 107.4 465.99999999999994 46.599999999999994 9.0 9.0 0.0 0.0 NaN
321.03422123622255 0.0 8.0 1074.0 107.4 465.99999999999994 46.599999999999994 9.0 9.0 0.0 0.0 NaN
322.04977869697433 0.0 0.0 1074.0 107.4 465.99999999999994 46.599999999999994 9.0 9.0 0.0 0.0 NaN
323.03422123622255 0.0 0.0 1074.0 107.4 466.99999999999994 46.699999999999996 9.0 9.0 0.0 0.0 NaN
324.04977869697433 0.0 0.0 1074.0 107.4 474.9999999999999 47.49999999999999 9.0 9.0 0.0 0.0 NaN
325.03422123622255 0.0 0.0 1074.0 107.4 475.9999999999999 47.599999999999994 9.0 9.0 0.0 0.0 NaN
326.04977869697433 0.0 0.0 1074.0 107.4 483.9999999999999 48.39999999999999 9.0 9.0 0.0 0.0 NaN
327.03422123622255 0.0 0.0 1074.0 107.4 484.9999999999999 48.49999999999999 9.0 9.0 0.0 0.0 NaN
328.04977869697433 0.0 0.0 1074.0 107.4 492.99999999999983 49.29999999999999 9.0 9.0 0.0 0.0 NaN
329.03422123622255 0.0 0.0 1074.0 107.4 493.99999999999983 49.39999999999999 9.0 9.0 0.0 0.0 NaN
330.04977869697433 0.0 0.0 1074.0 107.4 501.9999999999999 50.19999999999999 9.0 9.0 0.0 0.0 NaN
331.03422123622255 0.0 0.0 1074.0 107.4 502.9999999999999 50.29999999999999 9.0 9.0 0.0 0.0 NaN
332.04977869697433 0.0 0.0 1074.0 107.4 510.9999999999999 51.099999999999994 9.0 9.0 0.0 0.0 NaN
333.03422123622255 0.0 0.0 1074.0 107.4 511.9999999999999 51.19999999999999 9.0 9.0 0.0 0.0 NaN
334.04977869697433 0.0 0.0 1074.0 107.4 519.9999999999999 51.99999999999999 9.0 9.0 0.0 0.0 NaN
335.03422123622255 0.0 0.0 1074.0 107.4 520.9999999999999 52.09999999999999 9.0 9.0 0.0 0.0 NaN
336.04977869697433 0.0 0.0 1074.0 107.4 528.9999999999999 52.89999999999999 9.0 9.0 0.0 0.0 NaN
337.03422123622255 0.0 0.0 1074.0 107.4 530.0 52.99999999999999 9.0 9.0 0.0 0.0 NaN
338.04977869697433 0.0 0.0 1074.0 107.4 538.0 53.79999999999999 9.0 9.0 0.0 0.0 NaN
339.03422123622255 0.0 0.0 1074.0 107.4 539.0 53.89999999999999 9.0 9.0 0.0 0.0 NaN
340.04977869697433 0.0 0.0 1074.0 107.4 546.9999999999999 54.69999999999999 9.0 9.0 0.0 0.0 NaN
341.03422123622255 0.0 0.0 1074.0 107.4 547.9999999999999 54.79999999999999 9.0 9.0 0.0 0.0 NaN
342.04977869697433 0.0 0.0 1074.0 107.4 556.0 55.599999999999994 9.0 9.0 0.0 0.0 NaN
343.03422123622255 0.0 0.0 1074.0 107.4 557.0 55.699999999999996 9.0 9.0 0.0 0.0 NaN
344.04977869697433 0.0 0.0 1074.0 107.4 565.0 56.49999999999999 9.0 9.0 0.0 0.0 NaN
345.03422123622255 0.0 0.0 1074.0 107.4 566.0 56.599999999999994 9.0 9.0 0.0 0.0 NaN
346.04977869697433 0.0 0.0 1074.0 107.4 574.0 57.39999999999999 9.0 9.0 0.0 0.0 NaN
347.03422123622255 0.0 0.0 1074.0 107.4 574.9999999999999 57.49999999999999 9.0 9.0 0.0 0.0 NaN
348.04977869697433 0.0 0.0 1074.0 107.4 583.0 58.29999999999999 9.0 9.0 0.0 0.0 NaN
349.03422123622255 0.0 0.0 1074.0 107.4 584.0 58.39999999999999 9.0 9.0 0.0 0.0 NaN
350.04977869697433 0.0 0.0 1074.0 107.4 592.0 59.19999999999999 9.0 9.0 0.0 0.0 NaN
351.03422123622255 0.0 0.0 1074.0 107.4 593.0 59.29999999999999 9.0 9.0 0.0 0.0 NaN
352.04977869697433 0.0 0.0 1074.0 107.4 601.0 60.099999999999994 9.0 9.0 0.0 0.0 NaN
353.03422123622255 0.0 0.0 1074.0 107.4 602.0 60.19999999999999 9.0 9.0 0.0 0.0 NaN
354.04977869697433 0.0 0.0 1074.0 107.4 610.0 60.99999999999999 9.0 9.0 0.0 0.0 NaN
355.03422123622255 0.0 0.0 1074.0 107.4 611.0 61.099999999999994 9.0 9.0 0.0 0.0 NaN
356.04977869697433 0.0 0.0 1074.0 107.4 619.0 61.89999999999999 9.0 9.0 0.0 0.0 NaN
357.03422123622255 0.0 0.0 1074.0 107.4 620.0 61.99999999999999 9.0 9.0 0.0 0.0 NaN
358.04977869697433 0.0 0.0 1074.0 107.4 628.0 62.79999999999999 9.0 9.0 0.0 0.0 NaN
359.03422123622255 0.0 0.0 1074.0 107.4 629.0 62.89999999999999 9.0 9.0 0.0 0.0 NaN
360.04977869697433 0.0 0.0 1074.0 107.4 637.0 63.69999999999999 9.0 9.0 0.0 0.0 NaN
361.03422123622255 0.0 0.0 1074.0 107.4 638.0 63.79999999999999 9.0 9.0 0.0 0.0 NaN
362.04977869697433 0.0 0.0 1074.0 107.4 646.0 64.6 9.0 9.0 0.0 0.0 NaN
363.03422123622255 0.0 0.0 1074.0 107.4 646.9999999999998 64.69999999999999 9.0 9.0 0.0 0.0 NaN
364.04977869697433 0.0 0.0 1074.0 107.4 654.9999999999998 65.49999999999999 9.0 9.0 0.0 0.0 NaN
365.03422123622255 0.0 0.0 1074.0 107.4 655.9999999999998 65.59999999999998 9.0 9.0 0.0 0.0 NaN
366.04977869697433 0.0 0.0 1074.0 107.4 663.9999999999999 66.39999999999999 9.0 9.0 0.0 0.0 NaN
367.03422123622255 0.0 0.0 1074.0 107.4 664.9999999999999 66.49999999999999 9.0 9.0 0.0 0.0 NaN
368.04977869697433 0.0 0.0 1074.0 107.4 672.9999999999999 67.29999999999998 9.0 9.0 0.0 0.0 NaN
369.03422123622255 0.0 0.0 1074.0 107.4 673.9999999999999 67.39999999999999 9.0 9.0 0.0 0.0 NaN
370.04977869697433 0.0 0.0 1074.0 107.4 681.9999999999999 68.19999999999999 9.0 9.0 0.0 0.0 NaN
371.03422123622255 0.0 0.0 1074.0 107.4 683.0 68.3 9.0 9.0 0.0 0.0 NaN
372.04977869697433 0.0 0.0 1074.0 107.4 691.0 69.1 9.0 9.0 0.0 0.0 NaN
373.03422123622255 0.0 0.0 1074.0 107.4 692.0 69.19999999999999 9.0 9.0 0.0 0.0 NaN
374.04977869697433 0.0 0.0 1074.0 107.4 700.0 70.0 9.0 9.0 0.0 0.0 NaN
375.03422123622255 0.0 0.0 1074.0 107.4 701.0 70.1 9.0 9.0 0.0 0.0 NaN
376.04977869697433 0.0 0.0 1074.0 107.4 709.0 70.89999999999999 9.0 9.0 0.0 0.0 NaN
377.03422123622255 0.0 0.0 1074.0 107.4 710.0 71.0 9.0 9.0 0.0 0.0 NaN
378.04977869697433 0.0 0.0 1074.0 107.4 718.0 71.8 9.0 9.0 0.0 0.0 NaN
379.03422123622255 0.0 0.0 1074.0 107.4 719.0 71.89999999999999 9.0 9.0 0.0 0.0 NaN
380.04977869697433 0.0 0.0 1074.0 107.4 727.0 72.69999999999999 9.0 9.0 0.0 0.0 NaN
381.03422123622255 0.0 0.0 1074.0 107.4 728.0 72.8 9.0 9.0 0.0 0.0 NaN
382.04977869697433 0.0 0.0 1074.0 107.4 736.0 73.6 9.0 9.0 0.0 0.0 NaN
383.03422123622255 0.0 0.0 1074.0 107.4 737.0 73.69999999999999 9.0 9.0 0.0 0.0 NaN
384.04977869697433 0.0 0.0 1074.0 107.4 745.0 74.5 9.0 9.0 0.0 0.0 NaN
385.03422123622255 0.0 0.0 1074.0 107.4 746.0 74.6 9.0 9.0 0.0 0.0 NaN
386.04977869697433 0.0 0.0 1074.0 107.4 754.0 75.4 9.0 9.0 0.0 0.0 NaN
387.03422123622255 0.0 0.0 1074.0 107.4 755.0 75.5 9.0 9.0 0.0 0.0 NaN
388.04977869697433 0.0 0.0 1074.0 107.4 763.0 76.3 9.0 9.0 0.0 0.0 NaN
389.03422123622255 0.0 0.0 1074.0 107.4 764.0 76.4 9.0 9.0 0.0 0.0 NaN
390.04977869697433 0.0 0.0 1074.0 107.4 772.0 77.2 9.0 9.0 0.0 0.0 NaN
391.03422123622255 0.0 0.0 1074.0 107.4 773.0 77.3 9.0 9.0 0.0 0.0 NaN
392.04977869697433 0.0 0.0 1074.0 107.4 781.0 78.1 9.0 9.0 0.0 0.0 NaN
393.03422123622255 0.0 0.0 1074.0 107.4 782.0 78.2 9.0 9.0 0.0 0.0 NaN
394.04977869697433 0.0 0.0 1074.0 107.4 790.0 79.0 9.0 9.0 0.0 0.0 NaN
395.03422123622255 0.0 0.0 1074.0 107.4 791.0 79.1 9.0 9.0 0.0 0.0 NaN
396.04977869697433 0.0 0.0 1074.0 107.4 799.0 79.9 9.0 9.0 0.0 0.0 NaN
397.03422123622255 0.0 0.0 1074.0 107.4 800.0 80.0 9.0 9.0 0.0 0.0 NaN
398.04977869697433 0.0 0.0 1074.0 107.4 808.0 80.8 9.0 9.0 0.0 0.0 NaN
399.03422123622255 0.0 0.0 1074.0 107.4 809.0 80.89999999999999 9.0 9.0 0.0 0.0 NaN
400.0 0.0 0.0 1074.0 107.4 817.0 81.7 9.0 9.0 0.0 0.0 NaN
401.03422123622255 0.0 0.0 1074.0 107.4 818.0 81.8 9.0 9.0 0.0 0.0 NaN
402.04977869697433 0.0 0.0 1074.0 107.4 826.0 82.6 9.0 9.0 0.0 0.0 NaN
403.03422123622255 0.0 0.0 1074.0 107.4 827.0 82.7 9.0 9.0 0.0 0.0 NaN
404.04977869697433 0.0 0.0 1074.0 107.4 835.0 83.5 9.0 9.0 0.0 0.0 NaN
405.03422123622255 0.0 0.0 1074.0 107.4 836.0 83.6 9.0 9.0 0.0 0.0 NaN
406.04977869697433 0.0 0.0 1074.0 107.4 844.0 84.39999999999999 9.0 9.0 0.0 0.0 NaN
407.03422123622255 0.0 0.0 1074.0 107.4 845.0 84.5 9.0 9.0 0.0 0.0 NaN
408.04977869697433 0.0 0.0 1074.0 107.4 853.0 85.3 9.0 9.0 0.0 0.0 NaN
409.03422123622255 0.0 0.0 1074.0 107.4 854.0 85.39999999999999 9.0 9.0 0.0 0.0 NaN
410.04977869697433 0.0 0.0 1074.0 107.4 862.0 86.2 9.0 9.0 0.0 0.0 NaN
411.03422123622255 0.0 0.0 1074.0 107.4 863.0 86.3 9.0 9.0 0.0 0.0 NaN
412.04977869697433 0.0 0.0 1074.0 107.4 871.0 87.1 9.0 9.0 0.0 0.0 NaN
413.03422123622255 0.0 0.0 1074.0 107.4 872.0 87.2 9.0 9.0 0.0 0.0 NaN
414.04977869697433 0.0 0.0 1074.0 107.4 880.0 88.0 9.0 9.0 0.0 0.0 NaN
415.03422123622255 0.0 0.0 1074.0 107.4 881.0 88.1 9.0 9.0 0.0 0.0 NaN
416.04977869697433 0.0 0.0 1074.0 107.4 889.0 88.89999999999999 9.0 9.0 0.0 0.0 NaN
417.03422123622255 0.0 0.0 1074.0 107.4 890.0 89.0 9.0 9.0 0.0 0.0 NaN
418.04977869697433 0.0 0.0 1074.0 107.4 898.0 89.8 9.0 9.0 0.0 0.0 NaN
419.03422123622255 0.0 0.0 1074.0 107.4 899.0 89.89999999999999 9.0 9.0 0.0 0.0 NaN
420.04977869697433 0.0 0.0 1074.0 107.4 907.0 90.7 9.0 9.0 0.0 0.0 NaN
421.03422123622255 0.0 0.0 1074.0 107.4 908.0 90.8 9.0 9.0 0.0 0.0 NaN
422.04977869697433 0.0 0.0 1074.0 107.4 916.0 91.6 9.0 9.0 0.0 0.0 NaN
423.03422123622255 0.0 0.0 1074.0 107.4 917.0 91.7 9.0 9.0 0.0 0.0 NaN
424.04977869697433 0.0 0.0 1074.0 107.4 925.0 92.5 9.0 9.0 0.0 0.0 NaN
425.03422123622255 0.0 0.0 1074.0 107.4 926.0 92.6 9.0 9.0 0.0 0.0 NaN
426.04977869697433 0.0 0.0 1074.0 107.4 934.0 93.39999999999999 9.0 9.0 0.0 0.0 NaN
427.03422123622255 0.0 0.0 1074.0 107.4 935.0 93.5 9.0 9.0 0.0 0.0 NaN
428.04977869697433 0.0 0.0 1074.0 107.4 943.0 94.3 9.0 9.0 0.0 0.0 NaN
429.03422123622255 0.0 0.0 1074.0 107.4 944.0 94.39999999999999 9.0 9.0 0.0 0.0 NaN
430.04977869697433 0.0 0.0 1074.0 107.4 952.0 95.2 9.0 9.0 0.0 0.0 NaN
431.03422123622255 0.0 0.0 1074.0 107.4 953.0 95.3 9.0 9.0 0.0 0.0 NaN
432.04977869697433 0.0 0.0 1074.0 107.4 961.0 96.1 9.0 9.0 0.0 0.0 NaN
433.03422123622255 0.0 0.0 1074.0 107.4 962.0 96.2 9.0 9.0 0.0 0.0 NaN
434.04977869697433 0.0 0.0 1074.0 107.4 970.0 97.0 9.0 9.0 0.0 0.0 NaN
435.03422123622255 0.0 0.0 1074.0 107.4 971.0 97.1 9.0 9.0 0.0 0.0 NaN
436.04977869697433 0.0 0.0 1074.0 107.4 979.0 97.89999999999999 9.0 9.0 0.0 0.0 NaN
437.03422123622255 0.0 0.0 1074.0 107.4 980.0 98.0 9.0 9.0 0.0 0.0 NaN
438.04977869697433 0.0 0.0 1074.0 107.4 988.0 98.8 9.0 9.0 0.0 0.0 NaN
439.03422123622255 0.0 0.0 1074.0 107.4 989.0 98.89999999999999 9.0 9.0 0.0 0.0 NaN
440.04977869697433 0.0 0.0 1074.0 107.4 997.0 99.7 9.0 9.0 0.0 0.0 NaN
441.03422123622255 0.0 0.0 1074.0 107.4 998.0 99.8 9.0 9.0 0.0 0.0 NaN
442.04977869697433 0.0 0.0 1074.0 107.4 1006.0 100.6 9.0 9.0 0.0 0.0 NaN
443.03422123622255 0.0 0.0 1074.0 107.4 1007.0 100.7 9.0 9.0 0.0 0.0 NaN
444.04977869697433 0.0 0.0 1074.0 107.4 1015.0 101.5 9.0 9.0 0.0 0.0 NaN
445.03422123622255 0.0 0.0 1074.0 107.4 1016.0 101.6 9.0 9.0 0.0 0.0 NaN
446.04977869697433 0.0 0.0 1074.0 107.4 1024.0 102.39999999999999 9.0 9.0 0.0 0.0 NaN
447.03422123622255 0.0 0.0 1074.0 107.4 1025.0 102.5 9.0 9.0 0.0 0.0 NaN
448.04977869697433 0.0 0.0 1074.0 107.4 1033.0 103.3 9.0 9.0 0.0 0.0 NaN
449.03422123622255 0.0 0.0 1074.0 107.4 1034.0 103.39999999999999 9.0 9.0 0.0 0.0 NaN
450.04977869697433 0.0 0.0 1074.0 107.4 1042.0 104.2 9.0 9.0 0.0 0.0 NaN
451.03422123622255 0.0 0.0 1074.0 107.4 1043.0 104.3 9.0 9.0 0.0 0.0 NaN
452.04977869697433 0.0 0.0 1074.0 107.4 1050.3378711141931 105.03378711141933 9.0 9.0 0.0 0.0 NaN
453.03422123622255 0.0 0.0 1074.0 107.4 1051.3378711141931 105.13378711141932 9.0 9.0 0.0 0.0 NaN
454.04977869697433 0.0 0.0 1074.0 107.4 1058.3379908084787 105.83379908084785 9.0 9.0 0.0 0.0 NaN
455.03422123622255 0.0 0.0 1074.0 107.4 1059.3379908084787 105.93379908084786 9.0 9.0 0.0 0.0 NaN
456.04977869697433 0.0 0.0 1074.0 107.4 1066.338136718177 106.6338136718177 9.0 9.0 0.0 0.0 NaN
457.03422123622255 0.0 0.0 1074.0 107.4 1067.338136718177 106.7338136718177 9.0 9.0 0.0 0.0 NaN
458.04977869697433 0.0 0.0 1074.0 107.4 1074.3382335260376 107.43382335260375 9.0 9.0 0.0 0.0 NaN
459.03422123622255 0.0 0.0 1074.0 107.4 1075.3382335260376 107.53382335260376 9.0 9.0 0.0 0.0 NaN
460.04977869697433 0.0 0.0 1074.0 107.4 1082.3384409987543 108.23384409987543 9.0 9.0 0.0 0.0 NaN
461.03422123622255 0.0 0.0 1074.0 107.4 1083.3384409987543 108.33384409987544 9.0 9.0 0.0 0.0 NaN
462.04977869697433 0.0 0.0 1074.0 107.4 1090.3386038163649 109.03386038163649 9.0 9.0 0.0 0.0 NaN
463.03422123622255 0.0 0.0 1074.0 107.4 1091.3386038163649 109.13386038163648 9.0 9.0 0.0 0.0 NaN
464.04977869697433 0.0 0.0 1074.0 107.4 1098.3387908934826 109.83387908934824 9.0 9.0 0.0 0.0 NaN
465.03422123622255 0.0 0.0 1074.0 107.4 1099.3387908934826 109.93387908934825 9.0 9.0 0.0 0.0 NaN
466.04977869697433 0.0 0.0 1074.0 107.4 1106.3389320130473 110.63389320130472 9.0 9.0 0.0 0.0 NaN
467.03422123622255 0.0 0.0 1074.0 107.4 1107.3389320130473 110.73389320130471 9.0 9.0 0.0 0.0 NaN
468.04977869697433 0.0 0.0 1074.0 107.4 1114.3389700571806 111.43389700571805 9.0 9.0 0.0 0.0 NaN
469.03422123622255 0.0 0.0 1074.0 107.4 1115.3389700571806 111.53389700571805 9.0 9.0 0.0 0.0 NaN
470.04977869697433 0.0 0.0 1074.0 107.4 1122.3392282369437 112.23392282369437 9.0 9.0 0.0 0.0 NaN
471.03422123622255 0.0 0.0 1074.0 107.4 1123.3392282369437 112.33392282369437 9.0 9.0 0.0 0.0 NaN
472.04977869697433 0.0 0.0 1074.0 107.4 1130.3393429423982 113.0339342942398 9.0 9.0 0.0 0.0 NaN
473.03422123622255 0.0 0.0 1074.0 107.4 1131.3393429423982 113.13393429423981 9.0 9.0 0.0 0.0 NaN
474.04977869697433 0.0 0.0 1074.0 107.4 1138.33948106337 113.83394810633699 9.0 9.0 0.0 0.0 NaN
475.03422123622255 0.0 0.0 1074.0 107.4 1139.33948106337 113.93394810633698 9.0 9.0 0.0 0.0 NaN
476.04977869697433 0.0 0.0 1074.0 107.4 1146.3398281380462 114.63398281380461 9.0 9.0 0.0 0.0 NaN
477.03422123622255 0.0 0.0 1074.0 107.4 1147.3398281380462 114.7339828138046 9.0 9.0 0.0 0.0 NaN
478.04977869697433 0.0 0.0 1074.0 107.4 1154.3401193614493 115.43401193614491 9.0 9.0 0.0 0.0 NaN
479.03422123622255 0.0 0.0 1074.0 107.4 1155.3401193614493 115.5340119361449 9.0 9.0 0.0 0.0 NaN
480.04977869697433 0.0 0.0 1074.0 107.4 1162.3403478819464 116.23403478819463 9.0 9.0 0.0 0.0 NaN
481.03422123622255 0.0 0.0 1074.0 107.4 1163.3403478819464 116.33403478819464 9.0 9.0 0.0 0.0 NaN
482.04977869697433 0.0 0.0 1074.0 107.4 1170.3404269649081 117.0340426964908 9.0 9.0 0.0 0.0 NaN
483.03422123622255 0.0 0.0 1074.0 107.4 1171.3404269649081 117.13404269649081 9.0 9.0 0.0 0.0 NaN
484.04977869697433 0.0 0.0 1074.0 107.4 1178.3405464559175 117.83405464559173 9.0 9.0 0.0 0.0 NaN
485.03422123622255 0.0 0.0 1074.0 107.4 1179.3405464559175 117.93405464559173 9.0 9.0 0.0 0.0 NaN
486.04977869697433 0.0 0.0 1074.0 107.4 1186.3407815055086 118.63407815055086 9.0 9.0 0.0 0.0 NaN
487.03422123622255 0.0 0.0 1074.0 107.4 1187.3407815055086 118.73407815055086 9.0 9.0 0.0 0.0 NaN
488.04977869697433 0.0 0.0 1074.0 107.4 1194.3410050599532 119.4341005059953 9.0 9.0 0.0 0.0 NaN
489.03422123622255 0.0 0.0 1074.0 107.4 1195.3410050599532 119.53410050599531 9.0 9.0 0.0 0.0 NaN
490.04977869697433 0.0 0.0 1074.0 107.4 1202.34130557322 120.234130557322 9.0 9.0 0.0 0.0 NaN
491.03422123622255 0.0 0.0 1074.0 107.4 1203.34130557322 120.334130557322 9.0 9.0 0.0 0.0 NaN
492.04977869697433 0.0 0.0 1074.0 107.4 1210.3414102297006 121.03414102297005 9.0 9.0 0.0 0.0 NaN
493.03422123622255 0.0 0.0 1074.0 107.4 1211.3414102297006 121.13414102297006 9.0 9.0 0.0 0.0 NaN
494.04977869697433 0.0 0.0 1074.0 107.4 1218.3414794876428 121.83414794876427 9.0 9.0 0.0 0.0 NaN
495.03422123622255 0.0 0.0 1074.0 107.4 1219.3414794876426 121.93414794876426 9.0 9.0 0.0 0.0 NaN
496.04977869697433 0.0 0.0 1074.0 107.4 1226.341708195332 122.63417081953322 9.0 9.0 0.0 0.0 NaN
497.03422123622255 0.0 0.0 1074.0 107.4 1227.341708195332 122.73417081953322 9.0 9.0 0.0 0.0 NaN
498.04977869697433 0.0 0.0 1074.0 107.4 1234.3419090340396 123.43419090340397 9.0 9.0 0.0 0.0 NaN
499.03422123622255 0.0 0.0 1074.0 107.4 1235.3419090340396 123.53419090340398 9.0 9.0 0.0 0.0 NaN
500.04977869697433 0.0 0.0 1074.0 107.4 1242.3420392391286 124.23420392391287 9.0 9.0 0.0 0.0 NaN
501.03422123622255 0.0 0.0 1074.0 107.4 1243.3420392391286 124.33420392391287 9.0 9.0 0.0 0.0 NaN
502.04977869697433 0.0 0.0 1074.0 107.4 1250.342163716791 125.03421637167911 9.0 9.0 0.0 0.0 NaN
503.03422123622255 0.0 0.0 1074.0 107.4 1251.342163716791 125.13421637167912 9.0 9.0 0.0 0.0 NaN
504.04977869697433 0.0 0.0 1074.0 107.4 1258.3422900242947 125.83422900242948 9.0 9.0 0.0 0.0 NaN
505.03422123622255 0.0 0.0 1074.0 107.4 1259.3422900242947 125.93422900242948 9.0 9.0 0.0 0.0 NaN
506.04977869697433 0.0 0.0 1074.0 107.4 1266.3423689743433 126.63423689743433 9.0 9.0 0.0 0.0 NaN
507.03422123622255 0.0 0.0 1074.0 107.4 1267.3423689743433 126.73423689743433 9.0 9.0 0.0 0.0 NaN
508.04977869697433 0.0 0.0 1074.0 107.4 1274.342531621382 127.4342531621382 9.0 9.0 0.0 0.0 NaN
509.03422123622255 0.0 0.0 1074.0 107.4 1275.342531621382 127.5342531621382 9.0 9.0 0.0 0.0 NaN
510.04977869697433 0.0 0.0 1074.0 107.4 1282.3426988144167 128.23426988144166 9.0 9.0 0.0 0.0 NaN
511.03422123622255 0.0 0.0 1074.0 107.4 1283.3426988144167 128.33426988144166 9.0 9.0 0.0 0.0 NaN
512.0497786969743 0.0 0.0 1074.0 107.4 1290.342980083878 129.0342980083878 9.0 9.0 0.0 0.0 NaN
513.0342212362225 0.0 0.0 1074.0 107.4 1291.342980083878 129.1342980083878 9.0 9.0 0.0 0.0 NaN
514.0497786969743 0.0 0.0 1074.0 107.4 1297.945491836523 129.7945491836523 9.0 9.0 0.0 0.0 NaN
515.0342212362225 0.0 0.0 1074.0 107.4 1298.945491836523 129.8945491836523 9.0 9.0 0.0 0.0 NaN
516.0497786969743 0.0 0.0 1074.0 107.4 1304.945659589624 130.4945659589624 9.0 9.0 0.0 0.0 NaN
517.0342212362225 0.0 0.0 1074.0 107.4 1305.945659589624 130.5945659589624 9.0 9.0 0.0 0.0 NaN
518.0497786969743 0.0 0.0 1074.0 107.4 1311.9460106042695 131.19460106042695 9.0 9.0 0.0 0.0 NaN
519.0342212362225 0.0 0.0 1074.0 107.4 1312.9460106042695 131.29460106042694 9.0 9.0 0.0 0.0 NaN
520.0497786969743 0.0 0.0 1074.0 107.4 1318.9462859191242 131.8946285919124 9.0 9.0 0.0 0.0 NaN
521.0342212362225 0.0 0.0 1074.0 107.4 1319.9462859191242 131.99462859191243 9.0 9.0 0.0 0.0 NaN
522.0497786969743 0.0 0.0 1074.0 107.4 1325.9465882350332 132.59465882350332 9.0 9.0 0.0 0.0 NaN
523.0342212362225 0.0 0.0 1074.0 107.4 1326.9465882350332 132.69465882350335 9.0 9.0 0.0 0.0 NaN
524.0497786969743 0.0 0.0 1074.0 107.4 1332.9467778341768 133.29467778341768 9.0 9.0 0.0 0.0 NaN
525.0342212362225 0.0 0.0 1074.0 107.4 1333.9467778341768 133.39467778341768 9.0 9.0 0.0 0.0 NaN
526.0497786969743 0.0 0.0 1074.0 107.4 1339.9470423020148 133.99470423020148 9.0 9.0 0.0 0.0 NaN
527.0342212362225 0.0 0.0 1074.0 107.4 1340.9470423020148 134.09470423020147 9.0 9.0 0.0 0.0 NaN
528.0497786969743 0.0 0.0 1074.0 107.4 1346.9473234301327 134.69473234301327 9.0 9.0 0.0 0.0 NaN
529.0342212362225 0.0 0.0 1074.0 107.4 1347.9473234301327 134.79473234301327 9.0 9.0 0.0 0.0 NaN
530.0497786969743 0.0 0.0 1074.0 107.4 1353.9474858604292 135.3947485860429 9.0 9.0 0.0 0.0 NaN
531.0342212362225 0.0 0.0 1074.0 107.4 1354.9474858604292 135.49474858604293 9.0 9.0 0.0 0.0 NaN
532.0497786969743 0.0 0.0 1074.0 107.4 1360.9477426996425 136.09477426996426 9.0 9.0 0.0 0.0 NaN
533.0342212362225 0.0 0.0 1074.0 107.4 1361.9477426996425 136.19477426996426 9.0 9.0 0.0 0.0 NaN
534.0497786969743 0.0 0.0 1074.0 107.4 1367.948063746062 136.7948063746062 9.0 9.0 0.0 0.0 NaN
535.0342212362225 0.0 0.0 1074.0 107.4 1368.948063746062 136.8948063746062 9.0 9.0 0.0 0.0 NaN
536.0497786969743 0.0 0.0 1074.0 107.4 1374.9483664982624 137.49483664982625 9.0 9.0 0.0 0.0 NaN
537.0342212362225 0.0 0.0 1074.0 107.4 1375.9483664982624 137.59483664982625 9.0 9.0 0.0 0.0 NaN
538.0497786969743 0.0 0.0 1074.0 107.4 1381.9486061721161 138.19486061721162 9.0 9.0 0.0 0.0 NaN
539.0342212362225 0.0 0.0 1074.0 107.4 1382.9486061721161 138.2948606172116 9.0 9.0 0.0 0.0 NaN
540.0497786969743 0.0 0.0 1074.0 107.4 1388.9488534156092 138.89488534156092 9.0 9.0 0.0 0.0 NaN
541.0342212362225 0.0 0.0 1074.0 107.4 1389.9488534156092 138.99488534156092 9.0 9.0 0.0 0.0 NaN
542.0497786969743 0.0 0.0 1074.0 107.4 1395.9491243816371 139.59491243816373 9.0 9.0 0.0 0.0 NaN
543.0342212362225 0.0 0.0 1074.0 107.4 1396.9491243816371 139.69491243816373 9.0 9.0 0.0 0.0 NaN
544.0497786969743 0.0 0.0 1074.0 107.4 1402.9492752416913 140.29492752416914 9.0 9.0 0.0 0.0 NaN
545.0342212362225 0.0 0.0 1074.0 107.4 1403.9492752416913 140.39492752416913 9.0 9.0 0.0 0.0 NaN
546.0497786969743 0.0 0.0 1074.0 107.4 1409.9496124757386 140.99496124757385 9.0 9.0 0.0 0.0 NaN
547.0342212362225 0.0 0.0 1074.0 107.4 1410.9496124757386 141.09496124757385 9.0 9.0 0.0 0.0 NaN
548.0497786969743 0.0 0.0 1074.0 107.4 1416.9500513861908 141.69500513861908 9.0 9.0 0.0 0.0 NaN
549.0342212362225 0.0 0.0 1074.0 107.4 1417.9500513861908 141.79500513861908 9.0 9.0 0.0 0.0 NaN
550.0497786969743 0.0 0.0 1074.0 107.4 1423.9504038811626 142.39504038811626 9.0 9.0 0.0 0.0 NaN
551.0342212362225 0.0 0.0 1074.0 107.4 1424.9504038811626 142.49504038811625 9.0 9.0 0.0 0.0 NaN
552.0497786969743 0.0 0.0 1074.0 107.4 1430.95068737057 143.095068737057 9.0 9.0 0.0 0.0 NaN
553.0342212362225 0.0 0.0 1074.0 107.4 1431.95068737057 143.195068737057 9.0 9.0 0.0 0.0 NaN
554.0497786969743 0.0 0.0 1074.0 107.4 1437.9509984798065 143.79509984798065 9.0 9.0 0.0 0.0 NaN
555.0342212362225 0.0 0.0 1074.0 107.4 1438.9509984798065 143.89509984798065 9.0 9.0 0.0 0.0 NaN
556.0497786969743 0.0 0.0 1074.0 107.4 1444.951299975192 144.49512999751917 9.0 9.0 0.0 0.0 NaN
557.0342212362225 0.0 0.0 1074.0 107.4 1445.951299975192 144.5951299975192 9.0 9.0 0.0 0.0 NaN
558.0497786969743 0.0 0.0 1074.0 107.4 1451.9516561882858 145.19516561882858 9.0 9.0 0.0 0.0 NaN
559.0342212362225 0.0 0.0 1074.0 107.4 1452.9516561882858 145.29516561882858 9.0 9.0 0.0 0.0 NaN
560.0497786969743 0.0 0.0 1074.0 107.4 1458.9521910414348 145.89521910414348 9.0 9.0 0.0 0.0 NaN
561.0342212362225 0.0 0.0 1074.0 107.4 1459.9521910414348 145.99521910414347 9.0 9.0 0.0 0.0 NaN
562.0497786969743 0.0 0.0 1074.0 107.4 1465.9526121412955 146.59526121412955 9.0 9.0 0.0 0.0 NaN
563.0342212362225 0.0 0.0 1074.0 107.4 1466.9526121412955 146.69526121412954 9.0 9.0 0.0 0.0 NaN
564.0497786969743 0.0 0.0 1074.0 107.4 1472.952949713103 147.29529497131028 9.0 9.0 0.0 0.0 NaN
565.0342212362225 0.0 0.0 1074.0 107.4 1473.952949713103 147.3952949713103 9.0 9.0 0.0 0.0 NaN
566.0497786969743 0.0 0.0 1074.0 107.4 1479.953455876935 147.99534558769352 9.0 9.0 0.0 0.0 NaN
567.0342212362225 0.0 0.0 1074.0 107.4 1480.953455876935 148.09534558769352 9.0 9.0 0.0 0.0 NaN
568.0497786969743 0.0 0.0 1074.0 107.4 1486.9538757065052 148.69538757065052 9.0 9.0 0.0 0.0 NaN
569.0342212362225 0.0 0.0 1074.0 107.4 1487.9538757065052 148.79538757065052 9.0 9.0 0.0 0.0 NaN
570.0497786969743 0.0 0.0 1074.0 107.4 1493.9541067287034 149.39541067287036 9.0 9.0 0.0 0.0 NaN
571.0342212362225 0.0 0.0 1074.0 107.4 1494.9541067287034 149.49541067287035 9.0 9.0 0.0 0.0 NaN
572.0497786969743 0.0 0.0 1074.0 107.4 1500.9545899680359 150.0954589968036 9.0 9.0 0.0 0.0 NaN
573.0342212362225 1.0 0.0 1074.0 107.4 1501.9545899680359 150.19545899680358 9.0 9.0 0.0 0.0 NaN
574.0497786969743 1.0 0.0 1074.0 107.4 1507.955239799932 150.7955239799932 9.0 9.0 0.0 1.0 1.0
575.0342212362225 1.0 0.0 1074.0 107.4 1508.955239799932 150.8955239799932 9.0 9.0 0.0 1.0 1.0
576.0497786969743 1.0 0.0 1074.0 107.4 1514.9556374653478 151.49556374653477 9.0 9.0 0.0 1.0 1.0
577.0342212362225 1.0 0.0 1074.0 107.4 1515.9556374653478 151.59556374653476 9.0 9.0 0.0 1.0 1.0
578.0497786969743 1.0 0.0 1074.0 107.4 1522.9556898146109 152.2955689814611 9.0 9.0 0.0 1.0 1.0
579.0342212362225 1.0 0.0 1074.0 107.4 1523.9556898146109 152.39556898146108 9.0 9.0 0.0 1.0 1.0
580.0497786969743 1.0 0.0 1074.0 107.4 1530.9558350303478 153.0955835030348 9.0 9.0 0.0 1.0 1.0
581.0342212362225 1.0 0.0 1074.0 107.4 1531.9558350303478 153.19558350303478 9.0 9.0 0.0 1.0 1.0
582.0497786969743 1.0 0.0 1074.0 107.4 1538.956005958522 153.8956005958522 9.0 9.0 0.0 1.0 1.0
583.0342212362225 1.0 0.0 1074.0 107.4 1539.956005958522 153.99560059585218 9.0 9.0 0.0 1.0 1.0
584.0497786969743 1.0 0.0 1074.0 107.4 1546.9561736289438 154.69561736289438 9.0 9.0 0.0 1.0 1.0
585.0342212362225 1.0 0.0 1074.0 107.4 1547.9561736289438 154.79561736289438 9.0 9.0 0.0 1.0 1.0
586.0497786969743 1.0 0.0 1074.0 107.4 1554.9563975717388 155.49563975717388 9.0 9.0 0.0 1.0 1.0
587.0342212362225 1.0 0.0 1074.0 107.4 1555.9563975717388 155.59563975717387 9.0 9.0 0.0 1.0 1.0
588.0497786969743 1.0 0.0 1074.0 107.4 1562.9568365207283 156.29568365207285 9.0 9.0 0.0 1.0 1.0
589.0342212362225 1.0 0.0 1074.0 107.4 1563.9568365207283 156.39568365207285 9.0 9.0 0.0 1.0 1.0
590.0497786969743 1.0 0.0 1074.0 107.4 1570.9569435356166 157.09569435356164 9.0 9.0 0.0 1.0 1.0
591.0342212362225 1.0 0.0 1074.0 107.4 1571.9569435356166 157.19569435356163 9.0 9.0 0.0 1.0 1.0
592.0497786969743 1.0 0.0 1074.0 107.4 1578.9573284520611 157.8957328452061 9.0 9.0 0.0 1.0 1.0
593.0342212362225 1.0 0.0 1074.0 107.4 1579.9573284520611 157.99573284520613 9.0 9.0 0.0 1.0 1.0
594.0497786969743 1.0 0.0 1074.0 107.4 1586.9576593623465 158.69576593623464 9.0 9.0 0.0 1.0 1.0
595.0342212362225 1.0 0.0 1074.0 107.4 1587.9576593623465 158.79576593623466 9.0 9.0 0.0 1.0 1.0
596.0497786969743 1.0 0.0 1074.0 107.4 1594.9578709564385 159.49578709564383 9.0 9.0 0.0 1.0 1.0
597.0342212362225 1.0 0.0 1074.0 107.4 1595.9578709564385 159.59578709564383 9.0 9.0 0.0 1.0 1.0
598.0497786969743 1.0 0.0 1074.0 107.4 1602.9580006881038 160.2958000688104 9.0 9.0 0.0 1.0 1.0
599.0342212362225 1.0 0.0 1074.0 107.4 1603.9580006881038 160.3958000688104 9.0 9.0 0.0 1.0 1.0
600.0 1.0 0.0 1074.0 107.4 1610.9580665936962 161.09580665936963 9.0 9.0 0.0 1.0 1.0
601.0342212362225 1.0 0.0 1074.0 107.4 1611.9580665936962 161.19580665936962 9.0 9.0 0.0 1.0 1.0
602.0497786969743 1.0 0.0 1074.0 107.4 1618.9583822896182 161.89583822896182 9.0 9.0 0.0 1.0 1.0
603.0342212362225 1.0 0.0 1074.0 107.4 1619.9583822896182 161.99583822896182 9.0 9.0 0.0 1.0 1.0
604.0497786969743 1.0 3.0 1077.0 107.7 1625.958647560275 162.5958647560275 9.0 9.0 0.0 1.0 1.0
605.0342212362225 1.0 4.0 1078.0 107.8 1626.958647560275 162.6958647560275 9.0 9.0 0.0 1.0 1.0
606.0497786969743 1.0 8.0 1085.0 108.5 1629.958821504706 162.9958821504706 9.0 9.0 0.0 1.0 1.0
607.0342212362225 1.0 8.0 1086.0 108.6 1629.958821504706 162.9958821504706 9.0 9.0 0.0 1.0 1.0
608.0497786969743 1.0 8.0 1093.0 109.3 1629.958821504706 162.9958821504706 9.0 9.0 0.0 1.0 1.0
609.0342212362225 1.0 8.0 1094.0 109.4 1629.958821504706 162.9958821504706 9.0 9.0 0.0 1.0 1.0
610.0497786969743 1.0 8.0 1101.0 110.1 1629.958821504706 162.9958821504706 9.0 9.0 0.0 1.0 1.0
611.0342212362225 1.0 8.0 1102.0 110.2 1629.958821504706 162.9958821504706 9.0 9.0 0.0 1.0 1.0
612.0497786969743 1.0 8.0 1109.0 110.9 1629.958821504706 162.9958821504706 9.0 9.0 0.0 1.0 1.0
613.0342212362225 1.0 8.0 1110.0 111.0 1629.958821504706 162.9958821504706 9.0 9.0 0.0 1.0 1.0
614.0497786969743 1.0 8.0 1117.0 111.7 1629.958821504706 162.9958821504706 9.0 9.0 0.0 1.0 1.0
615.0342212362225 1.0 8.0 1118.0 111.8 1629.958821504706 162.9958821504706 9.0 9.0 0.0 1.0 1.0
616.0497786969743 1.0 8.0 1125.0 112.5 1629.958821504706 162.9958821504706 9.0 9.0 0.0 1.0 1.0
617.0342212362225 1.0 8.0 1126.0 112.6 1629.958821504706 162.9958821504706 9.0 9.0 0.0 1.0 1.0
618.0497786969743 1.0 8.0 1133.0 113.3 1629.958821504706 162.9958821504706 9.0 9.0 0.0 1.0 1.0
619.0342212362225 1.0 8.0 1134.0 113.4 1629.958821504706 162.9958821504706 9.0 9.0 0.0 1.0 1.0
620.0497786969743 1.0 8.0 1141.0 114.1 1629.958821504706 162.9958821504706 9.0 9.0 0.0 1.0 1.0
621.0342212362225 1.0 8.0 1142.0 114.2 1629.958821504706 162.9958821504706 9.0 9.0 0.0 1.0 1.0
622.0497786969743 1.0 8.0 1149.0 114.9 1629.958821504706 162.9958821504706 9.0 9.0 0.0 1.0 1.0
623.0342212362225 1.0 8.0 1150.0 115.0 1629.958821504706 162.9958821504706 9.0 9.0 0.0 1.0 1.0
624.0497786969743 1.0 8.0 1157.0 115.7 1629.958821504706 162.9958821504706 9.0 9.0 0.0 1.0 1.0
625.0342212362225 1.0 8.0 1158.0 115.8 1629.958821504706 162.9958821504706 9.0 9.0 0.0 1.0 1.0
626.0497786969743 1.0 8.0 1165.0 116.5 1629.958821504706 162.9958821504706 9.0 9.0 0.0 1.0 1.0
627.0342212362225 1.0 8.0 1166.0 116.6 1629.958821504706 162.9958821504706 9.0 9.0 0.0 1.0 1.0
628.0497786969743 1.0 8.0 1173.0 117.3 1629.958821504706 162.9958821504706 9.0 9.0 0.0 1.0 1.0
629.0342212362225 1.0 8.0 1174.0 117.4 1629.958821504706 162.9958821504706 9.0 9.0 0.0 1.0 1.0
630.0497786969743 1.0 8.0 1181.0 118.1 1629.958821504706 162.9958821504706 9.0 9.0 0.0 1.0 1.0
631.0342212362225 1.0 8.0 1182.0 118.2 1629.958821504706 162.9958821504706 9.0 9.0 0.0 1.0 1.0
632.0497786969743 1.0 8.0 1189.0 118.9 1629.958821504706 162.9958821504706 9.0 9.0 0.0 1.0 1.0
633.0342212362225 1.0 8.0 1190.0 119.0 1629.958821504706 162.9958821504706 9.0 9.0 0.0 1.0 1.0
634.0497786969743 1.0 8.0 1197.0 119.7 1629.958821504706 162.9958821504706 9.0 9.0 0.0 1.0 1.0
635.0342212362225 2.0 8.0 1198.0 119.8 1629.958821504706 162.9958821504706 9.0 9.0 0.0 1.0 1.0
636.0497786969743 2.0 8.0 1205.0 120.5 1629.958821504706 162.9958821504706 9.0 9.0 0.0 1.0 1.0
637.0342212362225 2.0 8.0 1206.0 120.6 1629.958821504706 162.9958821504706 9.0 9.0 0.0 1.0 1.0
638.0497786969743 2.0 8.0 1213.0 121.3 1629.958821504706 162.9958821504706 9.0 9.0 0.0 1.0 1.0
639.0342212362225 2.0 8.0 1214.0 121.4 1629.958821504706 162.9958821504706 9.0 9.0 0.0 1.0 1.0
640.0497786969743 2.0 8.0 1221.0 122.1 1629.958821504706 162.9958821504706 9.0 9.0 0.0 1.0 1.0
641.0342212362225 2.0 8.0 1222.0 122.2 1629.958821504706 162.9958821504706 9.0 9.0 0.0 1.0 1.0
642.0497786969743 2.0 8.0 1229.0 122.9 1629.958821504706 162.9958821504706 9.0 9.0 0.0 1.0 1.0
643.0342212362225 2.0 8.0 1230.0 123.0 1629.958821504706 162.9958821504706 9.0 9.0 0.0 1.0 1.0
644.0497786969743 2.0 8.0 1237.0 123.7 1629.958821504706 162.9958821504706 9.0 9.0 0.0 1.0 1.0
645.0342212362225 2.0 8.0 1238.0 123.8 1629.958821504706 162.9958821504706 9.0 9.0 0.0 1.0 1.0
646.0497786969743 2.0 8.0 1245.0 124.5 1629.958821504706 162.9958821504706 9.0 9.0 0.0 1.0 1.0
647.0342212362225 2.0 8.0 1246.0 124.6 1629.958821504706 162.9958821504706 9.0 9.0 0.0 1.0 1.0
648.0497786969743 2.0 8.0 1253.0 125.3 1629.958821504706 162.9958821504706 9.0 9.0 0.0 1.0 1.0
649.0342212362225 2.0 8.0 1254.0 125.4 1629.958821504706 162.9958821504706 9.0 9.0 0.0 1.0 1.0
650.0497786969743 2.0 8.0 1261.0 126.1 1629.958821504706 162.9958821504706 9.0 9.0 0.0 1.0 1.0
651.0342212362225 2.0 8.0 1262.0 126.2 1629.958821504706 162.9958821504706 9.0 9.0 0.0 1.0 1.0
652.0497786969743 2.0 8.0 1269.0 126.9 1629.958821504706 162.9958821504706 9.0 9.0 0.0 1.0 1.0
653.0342212362225 2.0 8.0 1270.0 127.0 1629.958821504706 162.9958821504706 9.0 9.0 0.0 1.0 1.0
654.0497786969743 2.0 8.0 1277.0 127.7 1629.958821504706 162.9958821504706 9.0 9.0 0.0 1.0 1.0
655.0342212362225 2.0 8.0 1278.0 127.8 1629.958821504706 162.9958821504706 9.0 9.0 0.0 1.0 1.0
656.0497786969743 2.0 8.0 1285.0 128.5 1629.958821504706 162.9958821504706 9.0 9.0 0.0 1.0 1.0
657.0342212362225 2.0 8.0 1286.0 128.6 1629.958821504706 162.9958821504706 9.0 9.0 0.0 1.0 1.0
658.0497786969743 2.0 8.0 1293.0 129.3 1629.958821504706 162.9958821504706 9.0 9.0 0.0 1.0 1.0
659.0342212362225 2.0 8.0 1294.0 129.4 1629.958821504706 162.9958821504706 9.0 9.0 0.0 1.0 1.0
660.0497786969743 2.0 8.0 1301.0 130.1 1629.958821504706 162.9958821504706 9.0 9.0 0.0 1.0 1.0
661.0342212362225 2.0 8.0 1302.0 130.2 1629.958821504706 162.9958821504706 9.0 9.0 0.0 1.0 1.0
662.0497786969743 2.0 8.0 1309.0 130.9 1629.958821504706 162.9958821504706 9.0 9.0 0.0 1.0 1.0
663.0342212362225 2.0 8.0 1310.0 131.0 1629.958821504706 162.9958821504706 9.0 9.0 0.0 1.0 1.0
664.0497786969743 2.0 8.0 1317.0 131.7 1629.958821504706 162.9958821504706 9.0 9.0 0.0 1.0 1.0
665.0342212362225 2.0 8.0 1318.0 131.8 1629.958821504706 162.9958821504706 9.0 9.0 0.0 1.0 1.0
666.0497786969743 2.0 8.0 1325.0 132.5 1629.958821504706 162.9958821504706 9.0 9.0 0.0 1.0 1.0
667.0342212362225 2.0 8.0 1326.0 132.6 1629.958821504706 162.9958821504706 9.0 9.0 0.0 1.0 1.0
668.0497786969743 2.0 8.0 1333.0 133.3 1629.958821504706 162.9958821504706 9.0 9.0 0.0 1.0 1.0
669.0342212362225 2.0 8.0 1334.0 133.4 1629.958821504706 162.9958821504706 9.0 9.0 0.0 1.0 1.0
670.0497786969743 2.0 8.0 1341.0 134.1 1629.958821504706 162.9958821504706 9.0 9.0 0.0 1.0 1.0
671.0342212362225 2.0 8.0 1342.0 134.2 1629.958821504706 162.9958821504706 9.0 9.0 0.0 1.0 1.0
672.0497786969743 2.0 8.0 1349.0 134.9 1629.958821504706 162.9958821504706 9.0 9.0 0.0 1.0 1.0
673.0342212362225 2.0 8.0 1350.0 135.0 1629.958821504706 162.9958821504706 9.0 9.0 0.0 1.0 1.0
674.0497786969743 2.0 8.0 1357.0 135.7 1629.958821504706 162.9958821504706 9.0 9.0 0.0 1.0 1.0
675.0342212362225 2.0 8.0 1358.0 135.8 1629.958821504706 162.9958821504706 9.0 9.0 0.0 1.0 1.0
676.0497786969743 2.0 8.0 1365.0 136.5 1629.958821504706 162.9958821504706 9.0 9.0 0.0 1.0 1.0
677.0342212362225 2.0 8.0 1366.0 136.6 1629.958821504706 162.9958821504706 9.0 9.0 0.0 1.0 1.0
678.0497786969743 2.0 8.0 1373.0 137.3 1629.958821504706 162.9958821504706 9.0 9.0 0.0 1.0 1.0
679.0342212362225 2.0 8.0 1374.0 137.4 1629.958821504706 162.9958821504706 9.0 9.0 0.0 1.0 1.0
680.0497786969743 2.0 8.0 1381.0 138.1 1629.958821504706 162.9958821504706 9.0 9.0 0.0 1.0 1.0
681.0342212362225 2.0 8.0 1382.0 138.2 1629.958821504706 162.9958821504706 9.0 9.0 0.0 1.0 1.0
682.0497786969743 2.0 8.0 1389.0 138.9 1629.958821504706 162.9958821504706 9.0 9.0 0.0 1.0 1.0
683.0342212362225 2.0 8.0 1390.0 139.0 1629.958821504706 162.9958821504706 9.0 9.0 0.0 1.0 1.0
684.0497786969743 2.0 8.0 1397.0 139.7 1629.958821504706 162.9958821504706 9.0 9.0 0.0 1.0 1.0
685.0342212362225 2.0 8.0 1398.0 139.8 1629.958821504706 162.9958821504706 9.0 9.0 0.0 1.0 1.0
686.0497786969743 2.0 8.0 1405.0 140.5 1629.958821504706 162.9958821504706 9.0 9.0 0.0 1.0 1.0
687.0342212362225 2.0 8.0 1406.0 140.6 1629.958821504706 162.9958821504706 9.0 9.0 0.0 1.0 1.0
688.0497786969743 2.0 8.0 1413.0 141.3 1629.958821504706 162.9958821504706 9.0 9.0 0.0 1.0 1.0
689.0342212362225 2.0 8.0 1414.0 141.4 1629.958821504706 162.9958821504706 9.0 9.0 0.0 1.0 1.0
690.0497786969743 2.0 8.0 1421.0 142.1 1629.958821504706 162.9958821504706 9.0 9.0 0.0 1.0 1.0
691.0342212362225 2.0 8.0 1422.0 142.2 1629.958821504706 162.9958821504706 9.0 9.0 0.0 1.0 1.0
692.0497786969743 2.0 8.0 1429.0 142.9 1629.958821504706 162.9958821504706 9.0 9.0 0.0 1.0 1.0
693.0342212362225 2.0 8.0 1430.0 143.0 1629.958821504706 162.9958821504706 9.0 9.0 0.0 1.0 1.0
694.0497786969743 2.0 8.0 1437.0 143.7 1629.958821504706 162.9958821504706 9.0 9.0 0.0 1.0 1.0
695.0342212362225 2.0 8.0 1438.0 143.8 1629.958821504706 162.9958821504706 9.0 9.0 0.0 1.0 1.0
696.0497786969743 2.0 8.0 1445.0 144.5 1629.958821504706 162.9958821504706 9.0 9.0 0.0 1.0 1.0
697.0342212362225 2.0 8.0 1446.0 144.6 1629.958821504706 162.9958821504706 9.0 9.0 0.0 1.0 1.0
698.0497786969743 2.0 8.0 1453.0 145.3 1629.958821504706 162.9958821504706 9.0 9.0 0.0 1.0 1.0
699.0342212362225 2.0 8.0 1454.0 145.4 1629.958821504706 162.9958821504706 9.0 9.0 0.0 1.0 1.0
700.0497786969743 2.0 8.0 1461.0 146.1 1629.958821504706 162.9958821504706 9.0 9.0 0.0 1.0 1.0
701.0342212362225 2.0 8.0 1462.0 146.2 1629.958821504706 162.9958821504706 9.0 9.0 0.0 1.0 1.0
702.0497786969743 2.0 8.0 1469.0 146.9 1629.958821504706 162.9958821504706 9.0 9.0 0.0 1.0 1.0
703.0342212362225 2.0 8.0 1470.0 147.0 1629.958821504706 162.9958821504706 9.0 9.0 0.0 1.0 1.0
704.0497786969743 2.0 8.0 1477.0 147.7 1629.958821504706 162.9958821504706 9.0 9.0 0.0 1.0 1.0
705.0342212362225 2.0 8.0 1478.0 147.8 1629.958821504706 162.9958821504706 9.0 9.0 0.0 1.0 1.0
706.0497786969743 2.0 8.0 1485.0 148.5 1629.958821504706 162.9958821504706 9.0 9.0 0.0 1.0 1.0
707.0342212362225 2.0 8.0 1486.0 148.6 1629.958821504706 162.9958821504706 9.0 9.0 0.0 1.0 1.0
708.0497786969743 2.0 8.0 1493.0 149.3 1629.958821504706 162.9958821504706 9.0 9.0 0.0 1.0 1.0
709.0342212362225 2.0 8.0 1494.0 149.4 1629.958821504706 162.9958821504706 9.0 9.0 0.0 1.0 1.0
710.0497786969743 2.0 8.0 1501.0 150.1 1629.958821504706 162.9958821504706 9.0 9.0 0.0 1.0 1.0
711.0342212362225 2.0 8.0 1502.0 150.2 1629.958821504706 162.9958821504706 9.0 9.0 0.0 1.0 1.0
712.0497786969743 2.0 8.0 1509.0 150.9 1629.958821504706 162.9958821504706 9.0 9.0 0.0 1.0 1.0
713.0342212362225 2.0 8.0 1510.0 151.0 1629.958821504706 162.9958821504706 9.0 9.0 0.0 1.0 1.0
714.0497786969743 2.0 8.0 1517.0 151.7 1629.958821504706 162.9958821504706 9.0 9.0 0.0 1.0 1.0
715.0342212362225 2.0 8.0 1518.0 151.8 1629.958821504706 162.9958821504706 9.0 9.0 0.0 1.0 1.0
716.0497786969743 2.0 8.0 1525.0 152.5 1629.958821504706 162.9958821504706 9.0 9.0 0.0 1.0 1.0
717.0342212362225 2.0 8.0 1526.0 152.6 1629.958821504706 162.9958821504706 9.0 9.0 0.0 1.0 1.0
718.0497786969743 2.0 8.0 1533.0 153.3 1629.958821504706 162.9958821504706 9.0 9.0 0.0 1.0 1.0
719.0342212362225 2.0 8.0 1534.0 153.4 1629.958821504706 162.9958821504706 9.0 9.0 0.0 1.0 1.0
720.0497786969743 2.0 8.0 1541.0 154.1 1629.958821504706 162.9958821504706 9.0 9.0 0.0 1.0 1.0
721.0342212362225 2.0 8.0 1542.0 154.2 1629.958821504706 162.9958821504706 9.0 9.0 0.0 1.0 1.0
722.0497786969743 2.0 5.0 1546.0 154.6 1629.958821504706 162.9958821504706 9.0 9.0 0.0 1.0 1.0
723.0342212362225 2.0 4.0 1546.0 154.6 1629.958821504706 162.9958821504706 9.0 9.0 0.0 1.0 1.0
724.0497786969743 2.0 0.0 1546.0 154.6 1632.958821504706 163.29588215047062 9.0 9.0 0.0 2.0 1.0
725.0342212362225 2.0 0.0 1546.0 154.6 1633.958821504706 163.3958821504706 9.0 9.0 0.0 2.0 1.0
726.0497786969743 2.0 0.0 1546.0 154.6 1639.9590571228719 163.99590571228717 9.0 9.0 0.0 2.0 1.0
727.0342212362225 2.0 0.0 1546.0 154.6 1640.9590571228719 164.0959057122872 9.0 9.0 0.0 2.0 1.0
728.0497786969743 2.0 0.0 1546.0 154.6 1647.9590571228719 164.79590571228718 9.0 9.0 0.0 2.0 1.0
729.0342212362225 2.0 0.0 1546.0 154.6 1648.9590571228719 164.89590571228717 9.0 9.0 0.0 2.0 1.0
730.0497786969743 2.0 0.0 1546.0 154.6 1655.9590571228719 165.5959057122872 9.0 9.0 0.0 2.0 1.0
731.0342212362225 2.0 0.0 1546.0 154.6 1656.9590571228719 165.69590571228719 9.0 9.0 0.0 2.0 1.0
732.0497786969743 2.0 0.0 1546.0 154.6 1663.8421036633506 166.38421036633508 9.0 9.0 0.0 2.0 1.0
733.0342212362225 2.0 0.0 1546.0 154.6 1664.8421036633506 166.48421036633508 9.0 9.0 0.0 2.0 1.0
734.0497786969743 2.0 0.0 1546.0 154.6 1670.8422090789081 167.08422090789082 9.0 9.0 0.0 2.0 1.0
735.0342212362225 2.0 0.0 1546.0 154.6 1671.8422090789081 167.18422090789082 9.0 9.0 0.0 2.0 1.0
736.0497786969743 2.0 0.0 1546.0 154.6 1677.8423363433546 167.78423363433546 9.0 9.0 0.0 2.0 1.0
737.0342212362225 2.0 0.0 1546.0 154.6 1678.8423363433546 167.8842336343355 9.0 9.0 0.0 2.0 1.0
738.0497786969743 2.0 0.0 1546.0 154.6 1684.8425368167589 168.4842536816759 9.0 9.0 0.0 2.0 1.0
739.0342212362225 2.0 0.0 1546.0 154.6 1685.8425368167589 168.5842536816759 9.0 9.0 0.0 2.0 1.0
740.0497786969743 2.0 0.0 1546.0 154.6 1691.8426853104904 169.18426853104904 9.0 9.0 0.0 2.0 1.0
741.0342212362225 2.0 0.0 1546.0 154.6 1692.8426853104904 169.28426853104904 9.0 9.0 0.0 2.0 1.0
742.0497786969743 2.0 0.0 1546.0 154.6 1698.8429062863775 169.88429062863776 9.0 9.0 0.0 2.0 1.0
743.0342212362225 2.0 0.0 1546.0 154.6 1699.8429062863775 169.98429062863775 9.0 9.0 0.0 2.0 1.0
744.0497786969743 2.0 0.0 1546.0 154.6 1705.8430461052837 170.58430461052836 9.0 9.0 0.0 2.0 1.0
745.0342212362225 2.0 0.0 1546.0 154.6 1706.8430461052837 170.6843046105284 9.0 9.0 0.0 2.0 1.0
746.0497786969743 2.0 0.0 1546.0 154.6 1712.843138450577 171.2843138450577 9.0 9.0 0.0 2.0 1.0
747.0342212362225 2.0 0.0 1546.0 154.6 1713.843138450577 171.3843138450577 9.0 9.0 0.0 2.0 1.0
748.0497786969743 2.0 0.0 1546.0 154.6 1719.843296307038 171.9843296307038 9.0 9.0 0.0 2.0 1.0
749.0342212362225 2.0 0.0 1546.0 154.6 1720.843296307038 172.0843296307038 9.0 9.0 0.0 2.0 1.0
750.0497786969743 2.0 0.0 1546.0 154.6 1726.8435452046383 172.68435452046384 9.0 9.0 0.0 2.0 1.0
751.0342212362225 2.0 0.0 1546.0 154.6 1727.8435452046383 172.78435452046384 9.0 9.0 0.0 2.0 1.0
752.0497786969743 2.0 0.0 1546.0 154.6 1733.8436434229798 173.384364342298 9.0 9.0 0.0 2.0 1.0
753.0342212362225 2.0 0.0 1546.0 154.6 1734.8436434229798 173.484364342298 9.0 9.0 0.0 2.0 1.0
754.0497786969743 2.0 0.0 1546.0 154.6 1740.843866480009 174.0843866480009 9.0 9.0 0.0 2.0 1.0
755.0342212362225 2.0 0.0 1546.0 154.6 1741.843866480009 174.1843866480009 9.0 9.0 0.0 2.0 1.0
756.0497786969743 2.0 0.0 1546.0 154.6 1747.8441021069361 174.78441021069364 9.0 9.0 0.0 2.0 1.0
757.0342212362225 2.0 0.0 1546.0 154.6 1748.8441021069361 174.88441021069363 9.0 9.0 0.0 2.0 1.0
758.0497786969743 2.0 0.0 1546.0 154.6 1754.844166837299 175.4844166837299 9.0 9.0 0.0 2.0 1.0
759.0342212362225 2.0 0.0 1546.0 154.6 1755.844166837299 175.5844166837299 9.0 9.0 0.0 2.0 1.0
760.0497786969743 2.0 0.0 1546.0 154.6 1761.844208390385 176.1844208390385 9.0 9.0 0.0 2.0 1.0
761.0342212362225 2.0 0.0 1546.0 154.6 1762.844208390385 176.2844208390385 9.0 9.0 0.0 2.0 1.0
762.0497786969743 2.0 0.0 1546.0 154.6 1768.8442738915135 176.88442738915137 9.0 9.0 0.0 2.0 1.0
763.0342212362225 2.0 0.0 1546.0 154.6 1769.8442738915135 176.98442738915136 9.0 9.0 0.0 2.0 1.0
764.0497786969743 2.0 0.0 1546.0 154.6 1775.8443530041573 177.58443530041572 9.0 9.0 0.0 2.0 1.0
765.0342212362225 2.0 0.0 1546.0 154.6 1776.8443530041573 177.6844353004157 9.0 9.0 0.0 2.0 1.0
766.0497786969743 2.0 0.0 1546.0 154.6 1782.8445670270062 178.28445670270062 9.0 9.0 0.0 2.0 1.0
767.0342212362225 2.0 0.0 1546.0 154.6 1783.8445670270062 178.38445670270062 9.0 9.0 0.0 2.0 1.0
768.0497786969743 2.0 0.0 1546.0 154.6 1789.8448496039628 178.9844849603963 9.0 9.0 0.0 2.0 1.0
769.0342212362225 2.0 0.0 1546.0 154.6 1790.8448496039628 179.08448496039628 9.0 9.0 0.0 2.0 1.0
770.0497786969743 2.0 0.0 1546.0 154.6 1796.8448719351713 179.68448719351713 9.0 9.0 0.0 2.0 1.0
771.0342212362225 2.0 0.0 1546.0 154.6 1797.8448719351713 179.78448719351712 9.0 9.0 0.0 2.0 1.0
772.0497786969743 2.0 0.0 1546.0 154.6 1803.7675934895226 180.37675934895225 9.0 9.0 0.0 2.0 1.0
773.0342212362225 2.0 0.0 1546.0 154.6 1804.7675934895226 180.47675934895227 9.0 9.0 0.0 2.0 1.0
774.0497786969743 2.0 0.0 1546.0 154.6 1809.767814967536 180.9767814967536 9.0 9.0 0.0 2.0 1.0
775.0342212362225 2.0 0.0 1546.0 154.6 1810.767814967536 181.07678149675363 9.0 9.0 0.0 2.0 1.0
776.0497786969743 2.0 0.0 1546.0 154.6 1815.768053846835 181.57680538468352 9.0 9.0 0.0 2.0 1.0
777.0342212362225 2.0 0.0 1546.0 154.6 1816.768053846835 181.67680538468352 9.0 9.0 0.0 2.0 1.0
778.0497786969743 2.0 0.0 1546.0 154.6 1821.7682180473262 182.17682180473264 9.0 9.0 0.0 2.0 1.0
779.0342212362225 2.0 0.0 1546.0 154.6 1822.7682180473262 182.27682180473263 9.0 9.0 0.0 2.0 1.0
780.0497786969743 2.0 0.0 1546.0 154.6 1827.7686710552014 182.77686710552015 9.0 9.0 0.0 2.0 1.0
781.0342212362225 2.0 0.0 1546.0 154.6 1828.7686710552014 182.87686710552015 9.0 9.0 0.0 2.0 1.0
782.0497786969743 2.0 0.0 1546.0 154.6 1833.7696256603642 183.37696256603644 9.0 9.0 0.0 2.0 1.0
783.0342212362225 2.0 0.0 1546.0 154.6 1834.7696256603642 183.47696256603643 9.0 9.0 0.0 2.0 1.0
784.0497786969743 2.0 0.0 1546.0 154.6 1839.7700874500597 183.97700874500595 9.0 9.0 0.0 2.0 1.0
785.0342212362225 2.0 0.0 1546.0 154.6 1840.7700874500597 184.07700874500597 9.0 9.0 0.0 2.0 1.0
786.0497786969743 2.0 0.0 1546.0 154.6 1845.7707347629148 184.57707347629147 9.0 9.0 0.0 2.0 1.0
787.0342212362225 2.0 0.0 1546.0 154.6 1846.7707347629148 184.67707347629147 9.0 9.0 0.0 2.0 1.0
788.0497786969743 2.0 0.0 1546.0 154.6 1851.7713261656515 185.17713261656516 9.0 9.0 0.0 2.0 1.0
789.0342212362225 2.0 0.0 1546.0 154.6 1852.7713261656515 185.27713261656515 9.0 9.0 0.0 2.0 1.0
790.0497786969743 2.0 0.0 1546.0 154.6 1857.771527616093 185.7771527616093 9.0 9.0 0.0 2.0 1.0
791.0342212362225 2.0 0.0 1546.0 154.6 1858.771527616093 185.8771527616093 9.0 9.0 0.0 2.0 1.0
792.0497786969743 2.0 0.0 1546.0 154.6 1863.771863438884 186.3771863438884 9.0 9.0 0.0 2.0 1.0
793.0342212362225 2.0 0.0 1546.0 154.6 1864.771863438884 186.4771863438884 9.0 9.0 0.0 2.0 1.0
794.0497786969743 2.0 0.0 1546.0 154.6 1869.772181467706 186.9772181467706 9.0 9.0 0.0 2.0 1.0
795.0342212362225 2.0 0.0 1546.0 154.6 1870.772181467706 187.0772181467706 9.0 9.0 0.0 2.0 1.0
796.0497786969743 2.0 0.0 1546.0 154.6 1875.7725953864879 187.57725953864878 9.0 9.0 0.0 2.0 1.0
797.0342212362225 2.0 0.0 1546.0 154.6 1876.7725953864879 187.6772595386488 9.0 9.0 0.0 2.0 1.0
798.0497786969743 2.0 0.0 1546.0 154.6 1881.7728844757798 188.17728844757798 9.0 9.0 0.0 2.0 1.0
799.0342212362225 2.0 0.0 1546.0 154.6 1882.7728844757798 188.27728844757797 9.0 9.0 0.0 2.0 1.0
800.0497786969743 2.0 0.0 1546.0 154.6 1887.7733255360245 188.77733255360243 9.0 9.0 0.0 2.0 1.0
801.0342212362225 2.0 0.0 1546.0 154.6 1888.7733255360245 188.87733255360243 9.0 9.0 0.0 2.0 1.0
802.0497786969743 2.0 0.0 1546.0 154.6 1893.7739197095175 189.37739197095175 9.0 9.0 0.0 2.0 1.0
803.0342212362225 2.0 0.0 1546.0 154.6 1894.7739197095175 189.47739197095174 9.0 9.0 0.0 2.0 1.0
804.0497786969743 2.0 0.0 1546.0 154.6 1899.7742251460668 189.9774225146067 9.0 9.0 0.0 2.0 1.0
805.0342212362225 2.0 0.0 1546.0 154.6 1900.7742251460668 190.0774225146067 9.0 9.0 0.0 2.0 1.0
806.0497786969743 2.0 0.0 1546.0 154.6 1905.7747699608306 190.57747699608305 9.0 9.0 0.0 2.0 1.0
807.0342212362225 2.0 0.0 1546.0 154.6 1906.7747699608306 190.67747699608304 9.0 9.0 0.0 2.0 1.0
808.0497786969743 2.0 0.0 1546.0 154.6 1911.774931611472 191.17749316114723 9.0 9.0 0.0 2.0 1.0
809.0342212362225 2.0 0.0 1546.0 154.6 1912.774931611472 191.27749316114722 9.0 9.0 0.0 2.0 1.0
810.0497786969743 2.0 0.0 1546.0 154.6 1917.7753602804544 191.77753602804543 9.0 9.0 0.0 2.0 1.0
811.0342212362225 2.0 0.0 1546.0 154.6 1918.7753602804542 191.87753602804543 9.0 9.0 0.0 2.0 1.0
812.0497786969743 2.0 0.0 1546.0 154.6 1923.7757625174327 192.3775762517433 9.0 9.0 0.0 2.0 1.0
813.0342212362225 2.0 0.0 1546.0 154.6 1924.7757625174327 192.4775762517433 9.0 9.0 0.0 2.0 1.0
814.0497786969743 2.0 0.0 1546.0 154.6 1929.776151160822 192.97761511608223 9.0 9.0 0.0 2.0 1.0
815.0342212362225 2.0 0.0 1546.0 154.6 1930.776151160822 193.07761511608223 9.0 9.0 0.0 2.0 1.0
816.0497786969743 2.0 0.0 1546.0 154.6 1935.7766366851893 193.57766366851897 9.0 9.0 0.0 2.0 1.0
817.0342212362225 2.0 0.0 1546.0 154.6 1936.7766366851895 193.67766366851896 9.0 9.0 0.0 2.0 1.0
818.0497786969743 2.0 0.0 1546.0 154.6 1941.6049989910869 194.16049989910866 9.0 9.0 0.0 2.0 1.0
819.0342212362225 2.0 0.0 1546.0 154.6 1942.6049989910869 194.26049989910865 9.0 9.0 0.0 2.0 1.0
820.0497786969743 2.0 0.0 1546.0 154.6 1946.6055404532588 194.66055404532588 9.0 9.0 0.0 2.0 1.0
821.0342212362225 2.0 0.0 1546.0 154.6 1947.6055404532588 194.76055404532588 9.0 9.0 0.0 2.0 1.0
822.0497786969743 2.0 0.0 1546.0 154.6 1951.6059843998496 195.16059843998497 9.0 9.0 0.0 2.0 1.0
823.0342212362225 2.0 0.0 1546.0 154.6 1952.6059843998494 195.26059843998496 9.0 9.0 0.0 2.0 1.0
824.0497786969743 2.0 0.0 1546.0 154.6 1956.6062010632313 195.66062010632317 9.0 9.0 0.0 2.0 1.0
825.0342212362225 2.0 0.0 1546.0 154.6 1957.6062010632313 195.76062010632316 9.0 9.0 0.0 2.0 1.0
826.0497786969743 2.0 0.0 1546.0 154.6 1961.6065695415282 196.16065695415284 9.0 9.0 0.0 2.0 1.0
827.0342212362225 2.0 0.0 1546.0 154.6 1962.6065695415282 196.26065695415284 9.0 9.0 0.0 2.0 1.0
828.0497786969743 2.0 0.0 1546.0 154.6 1966.6070180775305 196.66070180775304 9.0 9.0 0.0 2.0 1.0
829.0342212362225 2.0 0.0 1546.0 154.6 1967.6070180775305 196.76070180775304 9.0 9.0 0.0 2.0 1.0
830.0497786969743 2.0 0.0 1546.0 154.6 1971.6072990337975 197.16072990337977 9.0 9.0 0.0 2.0 1.0
831.0342212362225 2.0 0.0 1546.0 154.6 1972.6072990337975 197.26072990337977 9.0 9.0 0.0 2.0 1.0
832.0497786969743 2.0 0.0 1546.0 154.6 1976.6079237306824 197.66079237306826 9.0 9.0 0.0 2.0 1.0
833.0342212362225 2.0 0.0 1546.0 154.6 1977.6079237306824 197.76079237306826 9.0 9.0 0.0 2.0 1.0
834.0497786969743 2.0 0.0 1546.0 154.6 1981.6083457993711 198.1608345799371 9.0 9.0 0.0 2.0 1.0
835.0342212362225 2.0 0.0 1546.0 154.6 1982.6083457993711 198.26083457993712 9.0 9.0 0.0 2.0 1.0
836.0497786969743 2.0 0.0 1546.0 154.6 1986.6088229755971 198.66088229755974 9.0 9.0 0.0 2.0 1.0
837.0342212362225 2.0 0.0 1546.0 154.6 1987.6088229755971 198.76088229755973 9.0 9.0 0.0 2.0 1.0
838.0497786969743 2.0 0.0 1546.0 154.6 1991.6093977349867 199.16093977349868 9.0 9.0 0.0 2.0 1.0
839.0342212362225 2.0 0.0 1546.0 154.6 1992.6093977349867 199.26093977349868 9.0 9.0 0.0 2.0 1.0
840.0497786969743 2.0 0.0 1546.0 154.6 1996.609750759301 199.66097507593014 9.0 9.0 0.0 2.0 1.0
841.0342212362225 2.0 0.0 1546.0 154.6 1997.609750759301 199.76097507593013 9.0 9.0 0.0 2.0 1.0
842.0497786969743 2.0 0.0 1546.0 154.6 2001.6099822419778 200.16099822419778 9.0 9.0 0.0 2.0 1.0
843.0342212362225 2.0 0.0 1546.0 154.6 2002.6099822419778 200.26099822419778 9.0 9.0 0.0 2.0 1.0
844.0497786969743 2.0 0.0 1546.0 154.6 2006.6106849963805 200.66106849963808 9.0 9.0 0.0 2.0 1.0
845.0342212362225 2.0 0.0 1546.0 154.6 2007.6106849963805 200.76106849963807 9.0 9.0 0.0 2.0 1.0
846.0497786969743 2.0 0.0 1546.0 154.6 2011.6113281383562 201.16113281383562 9.0 9.0 0.0 2.0 1.0
847.0342212362225 2.0 0.0 1546.0 154.6 2012.6113281383562 201.26113281383562 9.0 9.0 0.0 2.0 1.0
848.0497786969743 2.0 0.0 1546.0 154.6 2016.611744484285 201.6611744484285 9.0 9.0 0.0 2.0 1.0
849.0342212362225 2.0 0.0 1546.0 154.6 2017.611744484285 201.7611744484285 9.0 9.0 0.0 2.0 1.0
850.0497786969743 2.0 0.0 1546.0 154.6 2021.612212409699 202.16122124096992 9.0 9.0 0.0 2.0 1.0
851.0342212362225 2.0 0.0 1546.0 154.6 2022.612212409699 202.26122124096992 9.0 9.0 0.0 2.0 1.0
852.0497786969743 3.0 0.0 1546.0 154.6 2026.612599075493 202.66125990754932 9.0 9.0 0.0 2.0 1.0
853.0342212362225 3.0 0.0 1546.0 154.6 2027.612599075493 202.76125990754932 9.0 9.0 0.0 2.0 1.0
854.0497786969743 3.0 0.0 1546.0 154.6 2031.6131925306722 203.16131925306723 9.0 9.0 0.0 3.0 1.0
855.0342212362225 3.0 0.0 1546.0 154.6 2032.6131925306722 203.26131925306723 9.0 9.0 0.0 3.0 1.0
856.0497786969743 3.0 0.0 1546.0 154.6 2036.6137226799488 203.66137226799486 9.0 9.0 0.0 3.0 1.0
857.0342212362225 3.0 0.0 1546.0 154.6 2037.6137226799488 203.7613722679949 9.0 9.0 0.0 3.0 1.0
858.0497786969743 3.0 0.0 1546.0 154.6 2042.6139687445846 204.26139687445846 9.0 9.0 0.0 3.0 1.0
859.0342212362225 3.0 0.0 1546.0 154.6 2043.6139687445846 204.36139687445845 9.0 9.0 0.0 3.0 1.0
860.0497786969743 3.0 0.0 1546.0 154.6 2048.614162776103 204.86141627761032 9.0 9.0 0.0 3.0 1.0
861.0342212362225 3.0 0.0 1546.0 154.6 2049.614162776103 204.96141627761034 9.0 9.0 0.0 3.0 1.0
862.0497786969743 3.0 0.0 1546.0 154.6 2054.614437875684 205.4614437875684 9.0 9.0 0.0 3.0 1.0
863.0342212362225 3.0 0.0 1546.0 154.6 2055.614437875684 205.5614437875684 9.0 9.0 0.0 3.0 1.0
864.0497786969743 3.0 0.0 1546.0 154.6 2060.614783898244 206.06147838982437 9.0 9.0 0.0 3.0 1.0
865.0342212362225 3.0 0.0 1546.0 154.6 2061.614783898244 206.16147838982437 9.0 9.0 0.0 3.0 1.0
866.0497786969743 3.0 0.0 1546.0 154.6 2066.615078748449 206.66150787484492 9.0 9.0 0.0 3.0 1.0
867.0342212362225 3.0 0.0 1546.0 154.6 2067.615078748449 206.7615078748449 9.0 9.0 0.0 3.0 1.0
868.0497786969743 3.0 0.0 1546.0 154.6 2072.615562828907 207.26155628289067 9.0 9.0 0.0 3.0 1.0
869.0342212362225 3.0 0.0 1546.0 154.6 2073.615562828907 207.36155628289066 9.0 9.0 0.0 3.0 1.0
870.0497786969743 3.0 0.0 1546.0 154.6 2078.6160275710026 207.8616027571003 9.0 9.0 0.0 3.0 1.0
871.0342212362225 3.0 0.0 1546.0 154.6 2079.6160275710026 207.96160275710028 9.0 9.0 0.0 3.0 1.0
872.0497786969743 3.0 0.0 1546.0 154.6 2084.616383168022 208.46163831680218 9.0 9.0 0.0 3.0 1.0
873.0342212362225 3.0 0.0 1546.0 154.6 2085.616383168022 208.56163831680217 9.0 9.0 0.0 3.0 1.0
874.0497786969743 3.0 0.0 1546.0 154.6 2090.6166203601642 209.06166203601643 9.0 9.0 0.0 3.0 1.0
875.0342212362225 3.0 0.0 1546.0 154.6 2091.6166203601642 209.16166203601642 9.0 9.0 0.0 3.0 1.0
876.0497786969743 3.0 0.0 1546.0 154.6 2096.617034818353 209.66170348183536 9.0 9.0 0.0 3.0 1.0
877.0342212362225 3.0 0.0 1546.0 154.6 2097.617034818353 209.76170348183535 9.0 9.0 0.0 3.0 1.0
878.0497786969743 3.0 0.0 1546.0 154.6 2102.617444376678 210.26174443766783 9.0 9.0 0.0 3.0 1.0
879.0342212362225 3.0 0.0 1546.0 154.6 2103.617444376678 210.36174443766782 9.0 9.0 0.0 3.0 1.0
880.0497786969743 3.0 0.0 1546.0 154.6 2108.6179965243887 210.86179965243886 9.0 9.0 0.0 3.0 1.0
881.0342212362225 3.0 0.0 1546.0 154.6 2109.6179965243887 210.96179965243888 9.0 9.0 0.0 3.0 1.0
882.0497786969743 3.0 0.0 1546.0 154.6 2114.6183831596622 211.46183831596625 9.0 9.0 0.0 3.0 1.0
883.0342212362225 3.0 0.0 1546.0 154.6 2115.6183831596622 211.56183831596624 9.0 9.0 0.0 3.0 1.0
884.0497786969743 3.0 0.0 1546.0 154.6 2120.6189755138757 212.06189755138757 9.0 9.0 0.0 3.0 1.0
885.0342212362225 3.0 0.0 1546.0 154.6 2121.6189755138757 212.16189755138757 9.0 9.0 0.0 3.0 1.0
886.0497786969743 3.0 0.0 1546.0 154.6 2126.6194689942367 212.66194689942367 9.0 9.0 0.0 3.0 1.0
887.0342212362225 3.0 0.0 1546.0 154.6 2127.6194689942367 212.76194689942366 9.0 9.0 0.0 3.0 1.0
888.0497786969743 3.0 0.0 1546.0 154.6 2132.619801297645 213.2619801297645 9.0 9.0 0.0 3.0 1.0
889.0342212362225 3.0 0.0 1546.0 154.6 2133.619801297645 213.3619801297645 9.0 9.0 0.0 3.0 1.0
890.0497786969743 3.0 0.0 1546.0 154.6 2138.620192603318 213.8620192603318 9.0 9.0 0.0 3.0 1.0
891.0342212362225 3.0 0.0 1546.0 154.6 2139.620192603318 213.96201926033183 9.0 9.0 0.0 3.0 1.0
892.0497786969743 3.0 0.0 1546.0 154.6 2144.6204995160124 214.46204995160127 9.0 9.0 0.0 3.0 1.0
893.0342212362225 3.0 0.0 1546.0 154.6 2145.6204995160124 214.56204995160127 9.0 9.0 0.0 3.0 1.0
894.0497786969743 4.0 0.0 1546.0 154.6 2150.6208926990907 215.06208926990908 9.0 9.0 0.0 4.0 1.0
895.0342212362225 4.0 0.0 1546.0 154.6 2151.6208926990907 215.16208926990907 9.0 9.0 0.0 4.0 1.0
896.0497786969743 4.0 0.0 1546.0 154.6 2156.6213683828855 215.66213683828855 9.0 9.0 0.0 4.0 1.0
897.0342212362225 4.0 0.0 1546.0 154.6 2157.6213683828855 215.76213683828854 9.0 9.0 0.0 4.0 1.0
898.0497786969743 4.0 0.0 1546.0 154.6 2163.3837273002464 216.33837273002462 9.0 9.0 0.0 4.0 1.0
899.0342212362225 4.0 0.0 1546.0 154.6 2163.6199468940904 216.36199468940904 9.0 9.0 0.0 4.0 1.0
900.0497786969743 4.0 0.0 1546.0 154.6 2168.620196462401 216.86201964624013 9.0 9.0 0.0 4.0 1.0
901.0342212362225 4.0 0.0 1546.0 154.6 2168.620196462401 216.86201964624013 9.0 9.0 0.0 4.0 1.0
902.0497786969743 4.0 0.0 1546.0 154.6 2173.3811926024728 217.33811926024725 9.0 9.0 0.0 4.0 1.0
903.0342212362225 4.0 0.0 1546.0 154.6 2173.3811926024728 217.33811926024725 9.0 9.0 0.0 4.0 1.0
904.0497786969743 4.0 0.0 1546.0 154.6 2177.3814136058104 217.73814136058104 9.0 9.0 0.0 4.0 1.0
905.0342212362225 4.0 0.0 1546.0 154.6 2177.3814136058104 217.73814136058104 9.0 9.0 0.0 4.0 1.0
906.0497786969743 4.0 0.0 1546.0 154.6 2181.3815290333932 218.13815290333932 9.0 9.0 0.0 4.0 1.0
907.0342212362225 4.0 0.0 1546.0 154.6 2181.3815290333932 218.13815290333932 9.0 9.0 0.0 4.0 1.0
908.0497786969743 4.0 0.0 1546.0 154.6 2185.381892362644 218.5381892362644 9.0 9.0 0.0 4.0 1.0
909.0342212362225 4.0 0.0 1546.0 154.6 2185.381892362644 218.5381892362644 9.0 9.0 0.0 4.0 1.0
910.0497786969743 4.0 0.0 1546.0 154.6 2189.382181694239 218.93821816942392 9.0 9.0 0.0 4.0 1.0
911.0342212362225 4.0 0.0 1546.0 154.6 2189.382181694239 218.93821816942392 9.0 9.0 0.0 4.0 1.0
912.0497786969743 4.0 0.0 1546.0 154.6 2193.3823300229283 219.33823300229284 9.0 9.0 0.0 4.0 1.0
913.0342212362225 4.0 0.0 1546.0 154.6 2193.3823300229283 219.33823300229284 9.0 9.0 0.0 4.0 1.0
914.0497786969743 4.0 0.0 1546.0 154.6 2197.382461878427 219.7382461878427 9.0 9.0 0.0 4.0 1.0
915.0342212362225 4.0 0.0 1546.0 154.6 2197.382461878427 219.7382461878427 9.0 9.0 0.0 4.0 1.0
916.0497786969743 4.0 0.0 1546.0 154.6 2201.3827631702775 220.13827631702773 9.0 9.0 0.0 4.0 1.0
917.0342212362225 4.0 0.0 1546.0 154.6 2201.3827631702775 220.13827631702773 9.0 9.0 0.0 4.0 1.0
918.0497786969743 4.0 0.0 1546.0 154.6 2205.382873794135 220.53828737941348 9.0 9.0 0.0 4.0 1.0
919.0342212362225 4.0 0.0 1546.0 154.6 2205.382873794135 220.53828737941348 9.0 9.0 0.0 4.0 1.0
920.0497786969743 4.0 0.0 1546.0 154.6 2209.3830587762664 220.93830587762665 9.0 9.0 0.0 4.0 1.0
921.0342212362225 4.0 0.0 1546.0 154.6 2209.3830587762664 220.93830587762665 9.0 9.0 0.0 4.0 1.0
922.0497786969743 4.0 0.0 1546.0 154.6 2213.3833682836644 221.33833682836644 9.0 9.0 0.0 4.0 1.0
923.0342212362225 4.0 0.0 1546.0 154.6 2213.3833682836644 221.33833682836644 9.0 9.0 0.0 4.0 1.0
924.0497786969743 4.0 0.0 1546.0 154.6 2217.383496891099 221.73834968910992 9.0 9.0 0.0 4.0 1.0
925.0342212362225 4.0 0.0 1546.0 154.6 2217.383496891099 221.73834968910992 9.0 9.0 0.0 4.0 1.0
926.0497786969743 4.0 0.0 1546.0 154.6 2221.3836115505546 222.13836115505543 9.0 9.0 0.0 4.0 1.0
927.0342212362225 4.0 0.0 1546.0 154.6 2221.3836115505546 222.13836115505543 9.0 9.0 0.0 4.0 1.0
928.0497786969743 4.0 0.0 1546.0 154.6 2225.3837687264718 222.53837687264718 9.0 9.0 0.0 4.0 1.0
929.0342212362225 4.0 0.0 1546.0 154.6 2225.3837687264718 222.53837687264718 9.0 9.0 0.0 4.0 1.0
930.0497786969743 4.0 0.0 1546.0 154.6 2229.383924084234 222.9383924084234 9.0 9.0 0.0 4.0 1.0
931.0342212362225 4.0 0.0 1546.0 154.6 2229.383924084234 222.9383924084234 9.0 9.0 0.0 4.0 1.0
932.0497786969743 4.0 0.0 1546.0 154.6 2233.3840579659172 223.3384057965917 9.0 9.0 0.0 4.0 1.0
933.0342212362225 4.0 0.0 1546.0 154.6 2233.3840579659172 223.3384057965917 9.0 9.0 0.0 4.0 1.0
934.0497786969743 4.0 0.0 1546.0 154.6 2237.3841983330767 223.73841983330766 9.0 9.0 0.0 4.0 1.0
935.0342212362225 4.0 0.0 1546.0 154.6 2237.3841983330767 223.73841983330766 9.0 9.0 0.0 4.0 1.0
936.0497786969743 4.0 0.0 1546.0 154.6 2241.3842179657895 224.13842179657894 9.0 9.0 0.0 4.0 1.0
937.0342212362225 4.0 0.0 1546.0 154.6 2241.3842179657895 224.13842179657894 9.0 9.0 0.0 4.0 1.0
938.0497786969743 5.0 0.0 1546.0 154.6 2245.384335760037 224.5384335760037 9.0 9.0 0.0 4.0 1.0
939.0342212362225 5.0 0.0 1546.0 154.6 2245.384335760037 224.5384335760037 9.0 9.0 0.0 4.0 1.0
940.0497786969743 5.0 0.0 1546.0 154.6 2249.384566002405 224.9384566002405 9.0 9.0 0.0 5.0 1.0
941.0342212362225 5.0 0.0 1546.0 154.6 2249.384566002405 224.9384566002405 9.0 9.0 0.0 5.0 1.0
942.0497786969743 5.0 0.0 1546.0 154.6 2253.3848970612075 225.33848970612075 9.0 9.0 0.0 5.0 1.0
943.0342212362225 5.0 0.0 1546.0 154.6 2253.3848970612075 225.33848970612075 9.0 9.0 0.0 5.0 1.0
944.0497786969743 5.0 0.0 1546.0 154.6 2258.3848970612075 225.83848970612075 9.0 9.0 0.0 5.0 1.0
945.0342212362225 5.0 0.0 1546.0 154.6 2258.3848970612075 225.83848970612075 9.0 9.0 0.0 5.0 1.0
946.0497786969743 5.0 0.0 1546.0 154.6 2263.3848970612075 226.33848970612075 9.0 9.0 0.0 5.0 1.0
947.0342212362225 5.0 0.0 1546.0 154.6 2263.3848970612075 226.33848970612075 9.0 9.0 0.0 5.0 1.0
948.0497786969743 5.0 0.0 1546.0 154.6 2268.3848970612075 226.83848970612075 9.0 9.0 0.0 5.0 1.0
949.0342212362225 5.0 0.0 1546.0 154.6 2268.3848970612075 226.83848970612075 9.0 9.0 0.0 5.0 1.0
950.0497786969743 5.0 0.0 1546.0 154.6 2273.3848970612075 227.33848970612075 9.0 9.0 0.0 5.0 1.0
951.0342212362225 5.0 0.0 1546.0 154.6 2273.3848970612075 227.33848970612075 9.0 9.0 0.0 5.0 1.0
952.0497786969743 5.0 0.0 1546.0 154.6 2278.3848970612075 227.83848970612075 9.0 9.0 0.0 5.0 1.0
953.0342212362225 5.0 0.0 1546.0 154.6 2278.3848970612075 227.83848970612075 9.0 9.0 0.0 5.0 1.0
954.0497786969743 5.0 0.0 1546.0 154.6 2283.3848970612075 228.33848970612075 9.0 9.0 0.0 5.0 1.0
955.0342212362225 5.0 0.0 1546.0 154.6 2283.3848970612075 228.33848970612075 9.0 9.0 0.0 5.0 1.0
956.0497786969743 5.0 0.0 1546.0 154.6 2288.3848970612075 228.83848970612075 9.0 9.0 0.0 5.0 1.0
957.0342212362225 5.0 0.0 1546.0 154.6 2288.3848970612075 228.83848970612075 9.0 9.0 0.0 5.0 1.0
958.0497786969743 5.0 0.0 1546.0 154.6 2293.384897061208 229.33848970612075 9.0 9.0 0.0 5.0 1.0
959.0342212362225 5.0 0.0 1546.0 154.6 2293.384897061208 229.33848970612075 9.0 9.0 0.0 5.0 1.0
960.0497786969743 5.0 0.0 1546.0 154.6 2298.384897061208 229.83848970612075 9.0 9.0 0.0 5.0 1.0
961.0342212362225 5.0 0.0 1546.0 154.6 2298.384897061208 229.83848970612075 9.0 9.0 0.0 5.0 1.0
962.0497786969743 5.0 0.0 1546.0 154.6 2303.384897061208 230.33848970612075 9.0 9.0 0.0 5.0 1.0
963.0342212362225 5.0 0.0 1546.0 154.6 2303.384897061208 230.33848970612075 9.0 9.0 0.0 5.0 1.0
964.0497786969743 5.0 0.0 1546.0 154.6 2308.384897061208 230.83848970612075 9.0 9.0 0.0 5.0 1.0
965.0342212362225 5.0 0.0 1546.0 154.6 2308.384897061208 230.83848970612075 9.0 9.0 0.0 5.0 1.0
966.0497786969743 5.0 0.0 1546.0 154.6 2313.3848970612075 231.33848970612075 9.0 9.0 0.0 5.0 1.0
967.0342212362225 5.0 0.0 1546.0 154.6 2313.3848970612075 231.33848970612075 9.0 9.0 0.0 5.0 1.0
968.0497786969743 5.0 0.0 1546.0 154.6 2318.3848970612075 231.83848970612075 9.0 9.0 0.0 5.0 1.0
969.0342212362225 5.0 0.0 1546.0 154.6 2318.3848970612075 231.83848970612075 9.0 9.0 0.0 5.0 1.0
970.0497786969743 5.0 0.0 1546.0 154.6 2323.3848970612075 232.33848970612075 9.0 9.0 0.0 5.0 1.0
971.0342212362225 5.0 0.0 1546.0 154.6 2323.3848970612075 232.33848970612075 9.0 9.0 0.0 5.0 1.0
972.0497786969743 5.0 0.0 1546.0 154.6 2328.3848970612075 232.83848970612075 9.0 9.0 0.0 5.0 1.0
973.0342212362225 5.0 0.0 1546.0 154.6 2328.3848970612075 232.83848970612075 9.0 9.0 0.0 5.0 1.0
974.0497786969743 5.0 0.0 1546.0 154.6 2333.3848970612075 233.33848970612075 9.0 9.0 0.0 5.0 1.0
975.0342212362225 5.0 0.0 1546.0 154.6 2333.3848970612075 233.33848970612075 9.0 9.0 0.0 5.0 1.0
976.0497786969743 5.0 0.0 1546.0 154.6 2338.3848970612075 233.83848970612075 9.0 9.0 0.0 5.0 1.0
977.0342212362225 5.0 0.0 1546.0 154.6 2338.3848970612075 233.83848970612075 9.0 9.0 0.0 5.0 1.0
978.0497786969743 5.0 0.0 1546.0 154.6 2343.3848970612075 234.33848970612075 9.0 9.0 0.0 5.0 1.0
979.0342212362225 5.0 0.0 1546.0 154.6 2343.3848970612075 234.33848970612075 9.0 9.0 0.0 5.0 1.0
980.0497786969743 5.0 0.0 1546.0 154.6 2348.3848970612075 234.83848970612075 9.0 9.0 0.0 5.0 1.0
981.0342212362225 5.0 0.0 1546.0 154.6 2348.3848970612075 234.83848970612075 9.0 9.0 0.0 5.0 1.0
982.0497786969743 5.0 0.0 1546.0 154.6 2353.3848970612075 235.33848970612075 9.0 9.0 0.0 5.0 1.0
983.0342212362225 5.0 0.0 1546.0 154.6 2353.3848970612075 235.33848970612075 9.0 9.0 0.0 5.0 1.0
984.0497786969743 5.0 0.0 1546.0 154.6 2358.3848970612075 235.83848970612075 9.0 9.0 0.0 5.0 1.0
985.0342212362225 5.0 0.0 1546.0 154.6 2358.3848970612075 235.83848970612075 9.0 9.0 0.0 5.0 1.0
986.0497786969743 5.0 0.0 1546.0 154.6 2363.3848970612075 236.33848970612075 9.0 9.0 0.0 5.0 1.0
987.0342212362225 5.0 0.0 1546.0 154.6 2363.3848970612075 236.33848970612075 9.0 9.0 0.0 5.0 1.0
988.0497786969743 5.0 0.0 1546.0 154.6 2368.3848970612075 236.83848970612075 9.0 9.0 0.0 5.0 1.0
989.0342212362225 5.0 0.0 1546.0 154.6 2368.3848970612075 236.83848970612075 9.0 9.0 0.0 5.0 1.0
990.0497786969743 5.0 0.0 1546.0 154.6 2373.3848970612075 237.33848970612075 9.0 9.0 0.0 5.0 1.0
991.0342212362225 5.0 0.0 1546.0 154.6 2373.3848970612075 237.33848970612075 9.0 9.0 0.0 5.0 1.0
992.0497786969743 5.0 0.0 1546.0 154.6 2378.3848970612075 237.83848970612075 9.0 9.0 0.0 5.0 1.0
993.0342212362225 5.0 0.0 1546.0 154.6 2378.3848970612075 237.83848970612075 9.0 9.0 0.0 5.0 1.0
994.0497786969743 5.0 0.0 1546.0 154.6 2383.3848970612075 238.33848970612075 9.0 9.0 0.0 5.0 1.0
995.0342212362225 5.0 0.0 1546.0 154.6 2383.3848970612075 238.33848970612075 9.0 9.0 0.0 5.0 1.0
996.0497786969743 5.0 0.0 1546.0 154.6 2388.3848970612075 238.83848970612075 9.0 9.0 0.0 5.0 1.0
997.0342212362225 5.0 0.0 1546.0 154.6 2388.3848970612075 238.83848970612075 9.0 9.0 0.0 5.0 1.0
998.0497786969743 5.0 0.0 1546.0 154.6 2393.3848970612075 239.33848970612075 9.0 9.0 0.0 5.0 1.0
999.0342212362225 5.0 0.0 1546.0 154.6 2393.3848970612075 239.33848970612075 9.0 9.0 0.0 5.0 1.0
1000.0497786969743 5.0 0.0 1546.0 154.6 2398.3848970612075 239.83848970612075 9.0 9.0 0.0 5.0 1.0
1001.0342212362225 5.0 0.0 1546.0 154.6 2398.3848970612075 239.83848970612075 9.0 9.0 0.0 5.0 1.0
1002.0497786969743 5.0 0.0 1546.0 154.6 2402.6985170610137 240.26985170610135 9.0 9.0 0.0 5.0 1.0
1003.0342212362225 5.0 0.0 1546.0 154.6 2402.6985170610137 240.26985170610135 9.0 9.0 0.0 5.0 1.0
1004.0497786969743 5.0 0.0 1546.0 154.6 2406.6985170610137 240.66985170610135 9.0 9.0 0.0 5.0 1.0
1005.0342212362225 5.0 0.0 1546.0 154.6 2406.6985170610137 240.66985170610135 9.0 9.0 0.0 5.0 1.0
1006.0497786969743 5.0 0.0 1546.0 154.6 2410.6985170610137 241.06985170610136 9.0 9.0 0.0 5.0 1.0
1007.0342212362225 5.0 0.0 1546.0 154.6 2410.6985170610137 241.06985170610136 9.0 9.0 0.0 5.0 1.0
1008.0497786969743 5.0 0.0 1546.0 154.6 2414.6985170610137 241.46985170610134 9.0 9.0 0.0 5.0 1.0
1009.0342212362225 5.0 0.0 1546.0 154.6 2414.6985170610137 241.46985170610134 9.0 9.0 0.0 5.0 1.0
1010.0497786969743 5.0 0.0 1546.0 154.6 2418.6985170610137 241.86985170610134 9.0 9.0 0.0 5.0 1.0
1011.0342212362225 5.0 0.0 1546.0 154.6 2418.6985170610137 241.86985170610134 9.0 9.0 0.0 5.0 1.0
1012.0497786969743 5.0 0.0 1546.0 154.6 2422.6985170610137 242.26985170610135 9.0 9.0 0.0 5.0 1.0
1013.0342212362225 5.0 0.0 1546.0 154.6 2422.6985170610137 242.26985170610135 9.0 9.0 0.0 5.0 1.0
1014.0497786969743 5.0 0.0 1546.0 154.6 2426.6985170610137 242.66985170610135 9.0 9.0 0.0 5.0 1.0
1015.0342212362225 5.0 0.0 1546.0 154.6 2426.6985170610137 242.66985170610135 9.0 9.0 0.0 5.0 1.0
1016.0497786969743 5.0 0.0 1546.0 154.6 2430.6985170610137 243.06985170610136 9.0 9.0 0.0 5.0 1.0
1017.0342212362225 5.0 0.0 1546.0 154.6 2430.6985170610137 243.06985170610136 9.0 9.0 0.0 5.0 1.0
1018.0497786969743 5.0 0.0 1546.0 154.6 2434.6985170610137 243.46985170610134 9.0 9.0 0.0 5.0 1.0
1019.0342212362225 5.0 0.0 1546.0 154.6 2434.6985170610137 243.46985170610134 9.0 9.0 0.0 5.0 1.0
1020.0497786969743 5.0 0.0 1546.0 154.6 2438.6985170610137 243.86985170610134 9.0 9.0 0.0 5.0 1.0
1021.0342212362225 5.0 0.0 1546.0 154.6 2438.6985170610137 243.86985170610134 9.0 9.0 0.0 5.0 1.0
1022.0497786969743 5.0 0.0 1546.0 154.6 2442.6985170610137 244.26985170610135 9.0 9.0 0.0 5.0 1.0
1023.0342212362225 5.0 0.0 1546.0 154.6 2442.6985170610137 244.26985170610135 9.0 9.0 0.0 5.0 1.0
1024.0497786969743 5.0 0.0 1546.0 154.6 2445.8583656673873 244.58583656673866 9.0 9.0 0.0 5.0 1.0
1025.0342212362225 5.0 0.0 1546.0 154.6 2445.8583656673873 244.58583656673866 9.0 9.0 0.0 5.0 1.0
1026.0497786969743 5.0 0.0 1546.0 154.6 2448.8583656673873 244.88583656673867 9.0 9.0 0.0 5.0 1.0
1027.0342212362225 5.0 0.0 1546.0 154.6 2448.8583656673873 244.88583656673867 9.0 9.0 0.0 5.0 1.0
1028.0497786969743 5.0 0.0 1546.0 154.6 2451.7761969492913 245.1776196949291 9.0 9.0 0.0 5.0 1.0
1029.0342212362225 5.0 0.0 1546.0 154.6 2451.7761969492913 245.1776196949291 9.0 9.0 0.0 5.0 1.0
1030.0497786969743 5.0 0.0 1546.0 154.6 2453.7761969492913 245.3776196949291 9.0 9.0 0.0 5.0 1.0
1031.0342212362225 5.0 0.0 1546.0 154.6 2453.7761969492913 245.3776196949291 9.0 9.0 0.0 5.0 1.0
1032.0497786969743 5.0 0.0 1546.0 154.6 2455.7761969492913 245.5776196949291 9.0 9.0 0.0 5.0 1.0
1033.0342212362225 5.0 0.0 1546.0 154.6 2455.7761969492913 245.5776196949291 9.0 9.0 0.0 5.0 1.0
1034.0497786969743 5.0 0.0 1546.0 154.6 2457.7761969492913 245.77761969492911 9.0 9.0 0.0 5.0 1.0
1035.0342212362225 5.0 0.0 1546.0 154.6 2457.7761969492913 245.77761969492911 9.0 9.0 0.0 5.0 1.0
1036.0497786969743 5.0 0.0 1546.0 154.6 2459.7761969492913 245.9776196949291 9.0 9.0 0.0 5.0 1.0
1037.0342212362225 5.0 0.0 1546.0 154.6 2459.7761969492913 245.9776196949291 9.0 9.0 0.0 5.0 1.0
1038.0497786969743 5.0 0.0 1546.0 154.6 2461.7761969492913 246.1776196949291 9.0 9.0 0.0 5.0 1.0
1039.0342212362225 5.0 0.0 1546.0 154.6 2461.7761969492913 246.1776196949291 9.0 9.0 0.0 5.0 1.0
1040.0497786969743 5.0 0.0 1546.0 154.6 2463.7761969492913 246.3776196949291 9.0 9.0 0.0 5.0 1.0
1041.0342212362225 5.0 0.0 1546.0 154.6 2463.7761969492913 246.3776196949291 9.0 9.0 0.0 5.0 1.0
1042.0497786969743 5.0 0.0 1546.0 154.6 2465.7761969492913 246.5776196949291 9.0 9.0 0.0 5.0 1.0
1043.0342212362225 5.0 0.0 1546.0 154.6 2465.7761969492913 246.5776196949291 9.0 9.0 0.0 5.0 1.0
1044.0497786969743 5.0 0.0 1546.0 154.6 2467.7761969492913 246.77761969492911 9.0 9.0 0.0 5.0 1.0
1045.0342212362225 5.0 0.0 1546.0 154.6 2467.7761969492913 246.77761969492911 9.0 9.0 0.0 5.0 1.0
1046.0497786969743 5.0 0.0 1546.0 154.6 2469.7761969492913 246.9776196949291 9.0 9.0 0.0 5.0 1.0
1047.0342212362225 5.0 0.0 1546.0 154.6 2469.7761969492913 246.9776196949291 9.0 9.0 0.0 5.0 1.0
1048.0497786969743 5.0 0.0 1546.0 154.6 2471.7761969492913 247.1776196949291 9.0 9.0 0.0 5.0 1.0
1049.0342212362225 5.0 0.0 1546.0 154.6 2471.7761969492913 247.1776196949291 9.0 9.0 0.0 5.0 1.0
1050.0497786969743 5.0 0.0 1546.0 154.6 2473.7761969492913 247.3776196949291 9.0 9.0 0.0 5.0 1.0
1051.0342212362225 5.0 0.0 1546.0 154.6 2473.7761969492913 247.3776196949291 9.0 9.0 0.0 5.0 1.0
1052.0497786969743 5.0 0.0 1546.0 154.6 2475.7761969492913 247.5776196949291 9.0 9.0 0.0 5.0 1.0
1053.0342212362225 5.0 0.0 1546.0 154.6 2475.7761969492913 247.5776196949291 9.0 9.0 0.0 5.0 1.0
1054.0497786969743 5.0 0.0 1546.0 154.6 2477.7761969492913 247.77761969492911 9.0 9.0 0.0 5.0 1.0
1055.0342212362225 5.0 0.0 1546.0 154.6 2477.7761969492913 247.77761969492911 9.0 9.0 0.0 5.0 1.0
1056.0497786969743 5.0 0.0 1546.0 154.6 2479.7761969492913 247.9776196949291 9.0 9.0 0.0 5.0 1.0
1057.0342212362225 5.0 0.0 1546.0 154.6 2479.7761969492913 247.9776196949291 9.0 9.0 0.0 5.0 1.0
1058.0497786969743 5.0 0.0 1546.0 154.6 2481.7761969492913 248.1776196949291 9.0 9.0 0.0 5.0 1.0
1059.0342212362225 5.0 0.0 1546.0 154.6 2481.7761969492913 248.1776196949291 9.0 9.0 0.0 5.0 1.0
1060.0497786969743 5.0 0.0 1546.0 154.6 2483.7761969492913 248.3776196949291 9.0 9.0 0.0 5.0 1.0
1061.0342212362225 5.0 0.0 1546.0 154.6 2483.7761969492913 248.3776196949291 9.0 9.0 0.0 5.0 1.0
1062.0497786969743 5.0 0.0 1546.0 154.6 2485.7761969492913 248.5776196949291 9.0 9.0 0.0 5.0 1.0
1063.0342212362225 5.0 0.0 1546.0 154.6 2485.7761969492913 248.5776196949291 9.0 9.0 0.0 5.0 1.0
1064.0497786969743 5.0 0.0 1546.0 154.6 2487.7761969492913 248.77761969492911 9.0 9.0 0.0 5.0 1.0
1065.0342212362225 5.0 0.0 1546.0 154.6 2487.7761969492913 248.77761969492911 9.0 9.0 0.0 5.0 1.0
1066.0497786969743 5.0 0.0 1546.0 154.6 2489.391167883595 248.93911678835948 9.0 9.0 0.0 5.0 1.0
1067.0342212362225 5.0 0.0 1546.0 154.6 2489.391167883595 248.93911678835948 9.0 9.0 0.0 5.0 1.0
1068.0497786969743 5.0 0.0 1546.0 154.6 2490.391167883595 249.03911678835948 9.0 9.0 0.0 5.0 1.0
1069.0342212362225 5.0 0.0 1546.0 154.6 2490.391167883595 249.03911678835948 9.0 9.0 0.0 5.0 1.0
1070.0497786969743 5.0 0.0 1546.0 154.6 2491.391167883595 249.1391167883595 9.0 9.0 0.0 5.0 1.0
1071.0342212362225 5.0 0.0 1546.0 154.6 2491.391167883595 249.1391167883595 9.0 9.0 0.0 5.0 1.0
1072.0497786969743 5.0 0.0 1546.0 154.6 2492.391167883595 249.2391167883595 9.0 9.0 0.0 5.0 1.0
1073.0342212362225 5.0 0.0 1546.0 154.6 2492.391167883595 249.2391167883595 9.0 9.0 0.0 5.0 1.0
1074.0497786969743 5.0 0.0 1546.0 154.6 2493.391167883595 249.3391167883595 9.0 9.0 0.0 5.0 1.0
1075.0342212362225 5.0 0.0 1546.0 154.6 2493.391167883595 249.3391167883595 9.0 9.0 0.0 5.0 1.0
1076.0497786969743 5.0 0.0 1546.0 154.6 2494.391167883595 249.43911678835948 9.0 9.0 0.0 5.0 1.0
1077.0342212362225 5.0 0.0 1546.0 154.6 2494.391167883595 249.43911678835948 9.0 9.0 0.0 5.0 1.0
1078.0497786969743 5.0 0.0 1546.0 154.6 2495.391167883595 249.53911678835948 9.0 9.0 0.0 5.0 1.0
1079.0342212362225 5.0 0.0 1546.0 154.6 2495.391167883595 249.53911678835948 9.0 9.0 0.0 5.0 1.0
1080.0497786969743 5.0 0.0 1546.0 154.6 2496.391167883595 249.6391167883595 9.0 9.0 0.0 5.0 1.0
1081.0342212362225 5.0 0.0 1546.0 154.6 2496.391167883595 249.6391167883595 9.0 9.0 0.0 5.0 1.0
1082.0497786969743 5.0 0.0 1546.0 154.6 2497.391167883595 249.7391167883595 9.0 9.0 0.0 5.0 1.0
1083.0342212362225 5.0 0.0 1546.0 154.6 2497.391167883595 249.7391167883595 9.0 9.0 0.0 5.0 1.0
1084.0497786969743 5.0 0.0 1546.0 154.6 2498.391167883595 249.8391167883595 9.0 9.0 0.0 5.0 1.0
1085.0342212362225 5.0 0.0 1546.0 154.6 2498.391167883595 249.8391167883595 9.0 9.0 0.0 5.0 1.0
1086.0497786969743 5.0 0.0 1546.0 154.6 2499.391167883595 249.93911678835948 9.0 9.0 0.0 5.0 1.0
1087.0342212362225 5.0 0.0 1546.0 154.6 2499.391167883595 249.93911678835948 9.0 9.0 0.0 5.0 1.0
1088.0497786969743 5.0 0.0 1546.0 154.6 2500.391167883595 250.03911678835948 9.0 9.0 0.0 5.0 1.0
1089.0342212362225 5.0 0.0 1546.0 154.6 2500.391167883595 250.03911678835948 9.0 9.0 0.0 5.0 1.0
1090.0497786969743 5.0 0.0 1546.0 154.6 2501.391167883595 250.1391167883595 9.0 9.0 0.0 5.0 1.0
1091.0342212362225 5.0 0.0 1546.0 154.6 2501.391167883595 250.1391167883595 9.0 9.0 0.0 5.0 1.0
1092.0497786969743 5.0 0.0 1546.0 154.6 2502.391167883595 250.2391167883595 9.0 9.0 0.0 5.0 1.0
1093.0342212362225 5.0 0.0 1546.0 154.6 2502.391167883595 250.2391167883595 9.0 9.0 0.0 5.0 1.0
1094.0497786969743 5.0 0.0 1546.0 154.6 2503.391167883595 250.3391167883595 9.0 9.0 0.0 5.0 1.0
1095.0342212362225 5.0 0.0 1546.0 154.6 2503.391167883595 250.3391167883595 9.0 9.0 0.0 5.0 1.0
1096.0497786969743 5.0 0.0 1546.0 154.6 2504.391167883595 250.43911678835948 9.0 9.0 0.0 5.0 1.0
1097.0342212362225 5.0 0.0 1546.0 154.6 2504.391167883595 250.43911678835948 9.0 9.0 0.0 5.0 1.0
1098.0497786969743 5.0 0.0 1546.0 154.6 2505.391167883595 250.53911678835948 9.0 9.0 0.0 5.0 1.0
1099.0342212362225 5.0 0.0 1546.0 154.6 2505.391167883595 250.53911678835948 9.0 9.0 0.0 5.0 1.0
1100.0497786969743 5.0 0.0 1546.0 154.6 2506.391167883595 250.6391167883595 9.0 9.0 0.0 5.0 1.0
1101.0342212362225 5.0 0.0 1546.0 154.6 2506.391167883595 250.6391167883595 9.0 9.0 0.0 5.0 1.0
1102.0497786969743 5.0 0.0 1546.0 154.6 2507.391167883595 250.7391167883595 9.0 9.0 0.0 5.0 1.0
1103.0342212362225 5.0 0.0 1546.0 154.6 2507.391167883595 250.7391167883595 9.0 9.0 0.0 5.0 1.0
1104.0497786969743 5.0 0.0 1546.0 154.6 2508.391167883595 250.8391167883595 9.0 9.0 0.0 5.0 1.0
1105.0342212362225 5.0 0.0 1546.0 154.6 2508.391167883595 250.8391167883595 9.0 9.0 0.0 5.0 1.0
1106.0497786969743 5.0 0.0 1546.0 154.6 2509.391167883595 250.93911678835948 9.0 9.0 0.0 5.0 1.0
1107.0342212362225 5.0 0.0 1546.0 154.6 2509.391167883595 250.93911678835948 9.0 9.0 0.0 5.0 1.0
1108.0497786969743 5.0 0.0 1546.0 154.6 2510.391167883595 251.03911678835948 9.0 9.0 0.0 5.0 1.0
1109.0342212362225 5.0 0.0 1546.0 154.6 2510.391167883595 251.03911678835948 9.0 9.0 0.0 5.0 1.0
1110.0497786969743 5.0 0.0 1546.0 154.6 2511.391167883595 251.1391167883595 9.0 9.0 0.0 5.0 1.0
1111.0342212362225 5.0 0.0 1546.0 154.6 2511.391167883595 251.1391167883595 9.0 9.0 0.0 5.0 1.0
1112.0497786969743 5.0 0.0 1546.0 154.6 2512.391167883595 251.2391167883595 9.0 9.0 0.0 5.0 1.0
1113.0342212362225 5.0 0.0 1546.0 154.6 2512.391167883595 251.2391167883595 9.0 9.0 0.0 5.0 1.0
1114.0497786969743 5.0 0.0 1546.0 154.6 2513.391167883595 251.3391167883595 9.0 9.0 0.0 5.0 1.0
1115.0342212362225 5.0 0.0 1546.0 154.6 2513.391167883595 251.3391167883595 9.0 9.0 0.0 5.0 1.0
1116.0497786969743 5.0 0.0 1546.0 154.6 2514.391167883595 251.43911678835948 9.0 9.0 0.0 5.0 1.0
1117.0342212362225 5.0 0.0 1546.0 154.6 2514.391167883595 251.43911678835948 9.0 9.0 0.0 5.0 1.0
1118.0497786969743 5.0 0.0 1546.0 154.6 2515.391167883595 251.53911678835948 9.0 9.0 0.0 5.0 1.0
1119.0342212362225 5.0 0.0 1546.0 154.6 2515.391167883595 251.53911678835948 9.0 9.0 0.0 5.0 1.0
1120.0497786969743 5.0 0.0 1546.0 154.6 2516.391167883595 251.6391167883595 9.0 9.0 0.0 5.0 1.0
1121.0342212362225 5.0 0.0 1546.0 154.6 2516.391167883595 251.6391167883595 9.0 9.0 0.0 5.0 1.0
1122.0497786969743 5.0 0.0 1546.0 154.6 2517.391167883595 251.7391167883595 9.0 9.0 0.0 5.0 1.0
1123.0342212362225 5.0 0.0 1546.0 154.6 2517.391167883595 251.7391167883595 9.0 9.0 0.0 5.0 1.0
1124.0497786969743 5.0 0.0 1546.0 154.6 2518.391167883595 251.8391167883595 9.0 9.0 0.0 5.0 1.0
1125.0342212362225 5.0 0.0 1546.0 154.6 2518.391167883595 251.8391167883595 9.0 9.0 0.0 5.0 1.0
1126.0497786969743 5.0 0.0 1546.0 154.6 2519.391167883595 251.93911678835948 9.0 9.0 0.0 5.0 1.0
1127.0342212362225 5.0 0.0 1546.0 154.6 2519.391167883595 251.93911678835948 9.0 9.0 0.0 5.0 1.0
1128.0497786969743 5.0 0.0 1546.0 154.6 2520.391167883595 252.03911678835948 9.0 9.0 0.0 5.0 1.0
1129.0342212362225 5.0 0.0 1546.0 154.6 2520.391167883595 252.03911678835948 9.0 9.0 0.0 5.0 1.0
1130.0497786969743 5.0 0.0 1546.0 154.6 2521.391167883595 252.1391167883595 9.0 9.0 0.0 5.0 1.0
1131.0342212362225 5.0 0.0 1546.0 154.6 2521.391167883595 252.1391167883595 9.0 9.0 0.0 5.0 1.0
1132.0497786969743 5.0 0.0 1546.0 154.6 2522.391167883595 252.2391167883595 9.0 9.0 0.0 5.0 1.0
1133.0342212362225 5.0 0.0 1546.0 154.6 2522.391167883595 252.2391167883595 9.0 9.0 0.0 5.0 1.0
1134.0497786969743 5.0 0.0 1546.0 154.6 2522.773853679379 252.27738536793794 9.0 9.0 0.0 5.0 1.0
1135.0342212362225 5.0 0.0 1546.0 154.6 2522.773853679379 252.27738536793794 9.0 9.0 0.0 5.0 1.0
1136.0497786969743 5.0 0.0 1546.0 154.6 2522.773853679379 252.27738536793794 9.0 9.0 0.0 5.0 1.0
1137.0342212362225 5.0 0.0 1546.0 154.6 2522.773853679379 252.27738536793794 9.0 9.0 0.0 5.0 1.0
1138.0497786969743 5.0 0.0 1546.0 154.6 2522.773853679379 252.27738536793794 9.0 9.0 0.0 5.0 1.0
1139.0342212362225 5.0 0.0 1546.0 154.6 2522.773853679379 252.27738536793794 9.0 9.0 0.0 5.0 1.0
1140.0497786969743 5.0 0.0 1546.0 154.6 2522.773853679379 252.27738536793794 9.0 9.0 0.0 5.0 1.0
1141.0342212362225 5.0 0.0 1546.0 154.6 2522.773853679379 252.27738536793794 9.0 9.0 0.0 5.0 1.0
1142.0497786969743 5.0 0.0 1546.0 154.6 2522.773853679379 252.27738536793794 9.0 9.0 0.0 5.0 1.0
1143.0342212362225 5.0 0.0 1546.0 154.6 2522.773853679379 252.27738536793794 9.0 9.0 0.0 5.0 1.0
1144.0497786969743 5.0 0.0 1546.0 154.6 2522.773853679379 252.27738536793794 9.0 9.0 0.0 5.0 1.0
1145.0342212362225 5.0 0.0 1546.0 154.6 2522.773853679379 252.27738536793794 9.0 9.0 0.0 5.0 1.0
1146.0497786969743 5.0 0.0 1546.0 154.6 2522.773853679379 252.27738536793794 9.0 9.0 0.0 5.0 1.0
1147.0342212362225 5.0 0.0 1546.0 154.6 2522.773853679379 252.27738536793794 9.0 9.0 0.0 5.0 1.0
1148.0497786969743 5.0 0.0 1546.0 154.6 2522.773853679379 252.27738536793794 9.0 9.0 0.0 5.0 1.0
1149.0342212362225 5.0 0.0 1546.0 154.6 2522.773853679379 252.27738536793794 9.0 9.0 0.0 5.0 1.0
1150.0497786969743 5.0 0.0 1546.0 154.6 2522.773853679379 252.27738536793794 9.0 9.0 0.0 5.0 1.0
1151.0342212362225 5.0 0.0 1546.0 154.6 2522.773853679379 252.27738536793794 9.0 9.0 0.0 5.0 1.0
1152.0497786969743 5.0 0.0 1546.0 154.6 2522.773853679379 252.27738536793794 9.0 9.0 0.0 5.0 1.0
1153.0342212362225 5.0 0.0 1546.0 154.6 2522.773853679379 252.27738536793794 9.0 9.0 0.0 5.0 1.0
1154.0497786969743 5.0 0.0 1546.0 154.6 2522.773853679379 252.27738536793794 9.0 9.0 0.0 5.0 1.0
1155.0342212362225 5.0 0.0 1546.0 154.6 2522.773853679379 252.27738536793794 9.0 9.0 0.0 5.0 1.0
1156.0497786969743 5.0 0.0 1546.0 154.6 2522.773853679379 252.27738536793794 9.0 9.0 0.0 5.0 1.0
1157.0342212362225 5.0 0.0 1546.0 154.6 2522.773853679379 252.27738536793794 9.0 9.0 0.0 5.0 1.0
1158.0497786969743 5.0 0.0 1546.0 154.6 2522.773853679379 252.27738536793794 9.0 9.0 0.0 5.0 1.0
1159.0342212362225 5.0 0.0 1546.0 154.6 2522.773853679379 252.27738536793794 9.0 9.0 0.0 5.0 1.0
1160.0497786969743 5.0 0.0 1546.0 154.6 2522.773853679379 252.27738536793794 9.0 9.0 0.0 5.0 1.0
1161.0342212362225 5.0 0.0 1546.0 154.6 2522.773853679379 252.27738536793794 9.0 9.0 0.0 5.0 1.0
1162.0497786969743 5.0 0.0 1546.0 154.6 2522.773853679379 252.27738536793794 9.0 9.0 0.0 5.0 1.0
1163.0342212362225 5.0 0.0 1546.0 154.6 2522.773853679379 252.27738536793794 9.0 9.0 0.0 5.0 1.0
1164.0497786969743 5.0 0.0 1546.0 154.6 2522.773853679379 252.27738536793794 9.0 9.0 0.0 5.0 1.0
1165.0342212362225 5.0 0.0 1546.0 154.6 2522.773853679379 252.27738536793794 9.0 9.0 0.0 5.0 1.0
1166.0497786969743 5.0 0.0 1546.0 154.6 2522.773853679379 252.27738536793794 9.0 9.0 0.0 5.0 1.0
1167.0342212362225 5.0 0.0 1546.0 154.6 2522.773853679379 252.27738536793794 9.0 9.0 0.0 5.0 1.0
1168.0497786969743 5.0 0.0 1546.0 154.6 2522.773853679379 252.27738536793794 9.0 9.0 0.0 5.0 1.0
1169.0342212362225 5.0 0.0 1546.0 154.6 2522.773853679379 252.27738536793794 9.0 9.0 0.0 5.0 1.0
1170.0497786969743 5.0 0.0 1546.0 154.6 2522.773853679379 252.27738536793794 9.0 9.0 0.0 5.0 1.0
1171.0342212362225 5.0 0.0 1546.0 154.6 2522.773853679379 252.27738536793794 9.0 9.0 0.0 5.0 1.0
1172.0497786969743 5.0 0.0 1546.0 154.6 2522.773853679379 252.27738536793794 9.0 9.0 0.0 5.0 1.0
1173.0342212362225 5.0 0.0 1546.0 154.6 2522.773853679379 252.27738536793794 9.0 9.0 0.0 5.0 1.0
1174.0497786969743 5.0 0.0 1546.0 154.6 2522.773853679379 252.27738536793794 9.0 9.0 0.0 5.0 1.0
1175.0342212362225 5.0 0.0 1546.0 154.6 2522.773853679379 252.27738536793794 9.0 9.0 0.0 5.0 1.0
1176.0497786969743 5.0 0.0 1546.0 154.6 2522.773853679379 252.27738536793794 9.0 9.0 0.0 5.0 1.0
1177.0342212362225 5.0 0.0 1546.0 154.6 2522.773853679379 252.27738536793794 9.0 9.0 0.0 5.0 1.0
1178.0497786969743 5.0 0.0 1546.0 154.6 2522.773853679379 252.27738536793794 9.0 9.0 0.0 5.0 1.0
1179.0342212362225 5.0 0.0 1546.0 154.6 2522.773853679379 252.27738536793794 9.0 9.0 0.0 5.0 1.0
1180.0497786969743 5.0 0.0 1546.0 154.6 2522.773853679379 252.27738536793794 9.0 9.0 0.0 5.0 1.0
1181.0342212362225 5.0 0.0 1546.0 154.6 2522.773853679379 252.27738536793794 9.0 9.0 0.0 5.0 1.0
1182.0497786969743 5.0 0.0 1546.0 154.6 2522.773853679379 252.27738536793794 9.0 9.0 0.0 5.0 1.0
1183.0342212362225 5.0 0.0 1546.0 154.6 2522.773853679379 252.27738536793794 9.0 9.0 0.0 5.0 1.0
1184.0497786969743 5.0 0.0 1546.0 154.6 2522.773853679379 252.27738536793794 9.0 9.0 0.0 5.0 1.0
1185.0342212362225 5.0 0.0 1546.0 154.6 2522.773853679379 252.27738536793794 9.0 9.0 0.0 5.0 1.0
1186.0497786969743 5.0 0.0 1546.0 154.6 2522.773853679379 252.27738536793794 9.0 9.0 0.0 5.0 1.0
1187.0342212362225 5.0 0.0 1546.0 154.6 2522.773853679379 252.27738536793794 9.0 9.0 0.0 5.0 1.0
1188.0497786969743 5.0 0.0 1546.0 154.6 2522.773853679379 252.27738536793794 9.0 9.0 0.0 5.0 1.0
1189.0342212362225 5.0 0.0 1546.0 154.6 2522.773853679379 252.27738536793794 9.0 9.0 0.0 5.0 1.0
1190.0497786969743 5.0 0.0 1546.0 154.6 2522.773853679379 252.27738536793794 9.0 9.0 0.0 5.0 1.0
1191.0342212362225 5.0 0.0 1546.0 154.6 2522.773853679379 252.27738536793794 9.0 9.0 0.0 5.0 1.0
1192.0497786969743 5.0 0.0 1546.0 154.6 2522.773853679379 252.27738536793794 9.0 9.0 0.0 5.0 1.0
1193.0342212362225 5.0 0.0 1546.0 154.6 2522.773853679379 252.27738536793794 9.0 9.0 0.0 5.0 1.0
1194.0497786969743 5.0 0.0 1546.0 154.6 2522.773853679379 252.27738536793794 9.0 9.0 0.0 5.0 1.0
1195.0342212362225 5.0 0.0 1546.0 154.6 2522.773853679379 252.27738536793794 9.0 9.0 0.0 5.0 1.0
1196.0497786969743 5.0 0.0 1546.0 154.6 2522.773853679379 252.27738536793794 9.0 9.0 0.0 5.0 1.0
1197.0342212362225 5.0 0.0 1546.0 154.6 2522.773853679379 252.27738536793794 9.0 9.0 0.0 5.0 1.0
1198.0497786969743 5.0 0.0 1546.0 154.6 2522.773853679379 252.27738536793794 9.0 9.0 0.0 5.0 1.0
1199.0342212362225 5.0 0.0 1546.0 154.6 2522.773853679379 252.27738536793794 9.0 9.0 0.0 5.0 1.0
1200.0497786969743 5.0 0.0 1546.0 154.6 2522.773853679379 252.27738536793794 9.0 9.0 0.0 5.0 1.0
1201.0342212362225 5.0 0.0 1546.0 154.6 2522.773853679379 252.27738536793794 9.0 9.0 0.0 5.0 1.0
1202.0497786969743 5.0 0.0 1546.0 154.6 2522.773853679379 252.27738536793794 9.0 9.0 0.0 5.0 1.0
1203.0342212362225 5.0 0.0 1546.0 154.6 2522.773853679379 252.27738536793794 9.0 9.0 0.0 5.0 1.0
1204.0497786969743 5.0 0.0 1546.0 154.6 2522.773853679379 252.27738536793794 9.0 9.0 0.0 5.0 1.0
1205.0342212362225 5.0 0.0 1546.0 154.6 2522.773853679379 252.27738536793794 9.0 9.0 0.0 5.0 1.0
1206.0497786969743 5.0 0.0 1546.0 154.6 2522.773853679379 252.27738536793794 9.0 9.0 0.0 5.0 1.0
1207.0342212362225 5.0 0.0 1546.0 154.6 2522.773853679379 252.27738536793794 9.0 9.0 0.0 5.0 1.0
1208.0497786969743 5.0 0.0 1546.0 154.6 2522.773853679379 252.27738536793794 9.0 9.0 0.0 5.0 1.0
1209.0342212362225 5.0 0.0 1546.0 154.6 2522.773853679379 252.27738536793794 9.0 9.0 0.0 5.0 1.0
1210.0497786969743 5.0 0.0 1546.0 154.6 2522.773853679379 252.27738536793794 9.0 9.0 0.0 5.0 1.0
1211.0342212362225 5.0 0.0 1546.0 154.6 2522.773853679379 252.27738536793794 9.0 9.0 0.0 5.0 1.0
1212.0497786969743 5.0 0.0 1546.0 154.6 2522.773853679379 252.27738536793794 9.0 9.0 0.0 5.0 1.0
1213.0342212362225 5.0 0.0 1546.0 154.6 2522.773853679379 252.27738536793794 9.0 9.0 0.0 5.0 1.0
1214.0497786969743 5.0 0.0 1546.0 154.6 2522.773853679379 252.27738536793794 9.0 9.0 0.0 5.0 1.0
1215.0342212362225 5.0 0.0 1546.0 154.6 2522.773853679379 252.27738536793794 9.0 9.0 0.0 5.0 1.0
1216.0497786969743 5.0 0.0 1546.0 154.6 2522.773853679379 252.27738536793794 9.0 9.0 0.0 5.0 1.0
1217.0342212362225 5.0 0.0 1546.0 154.6 2522.773853679379 252.27738536793794 9.0 9.0 0.0 5.0 1.0
1218.0497786969743 5.0 0.0 1546.0 154.6 2522.773853679379 252.27738536793794 9.0 9.0 0.0 5.0 1.0
1219.0342212362225 5.0 0.0 1546.0 154.6 2522.773853679379 252.27738536793794 9.0 9.0 0.0 5.0 1.0
1220.0497786969743 5.0 0.0 1546.0 154.6 2522.773853679379 252.27738536793794 9.0 9.0 0.0 5.0 1.0
1221.0342212362225 5.0 0.0 1546.0 154.6 2522.773853679379 252.27738536793794 9.0 9.0 0.0 5.0 1.0
1222.0497786969743 5.0 0.0 1546.0 154.6 2522.773853679379 252.27738536793794 9.0 9.0 0.0 5.0 1.0
1223.0342212362225 5.0 0.0 1546.0 154.6 2522.773853679379 252.27738536793794 9.0 9.0 0.0 5.0 1.0
1224.0497786969743 5.0 0.0 1546.0 154.6 2522.773853679379 252.27738536793794 9.0 9.0 0.0 5.0 1.0
1225.0342212362225 5.0 0.0 1546.0 154.6 2522.773853679379 252.27738536793794 9.0 9.0 0.0 5.0 1.0
1226.0497786969743 5.0 0.0 1546.0 154.6 2522.773853679379 252.27738536793794 9.0 9.0 0.0 5.0 1.0
1227.0342212362225 5.0 0.0 1546.0 154.6 2522.773853679379 252.27738536793794 9.0 9.0 0.0 5.0 1.0
1228.0497786969743 5.0 0.0 1546.0 154.6 2522.773853679379 252.27738536793794 9.0 9.0 0.0 5.0 1.0
1229.0342212362225 5.0 0.0 1546.0 154.6 2522.773853679379 252.27738536793794 9.0 9.0 0.0 5.0 1.0
1230.0497786969743 5.0 0.0 1546.0 154.6 2522.773853679379 252.27738536793794 9.0 9.0 0.0 5.0 1.0
1231.0342212362225 5.0 0.0 1546.0 154.6 2522.773853679379 252.27738536793794 9.0 9.0 0.0 5.0 1.0
1232.0497786969743 5.0 0.0 1546.0 154.6 2522.773853679379 252.27738536793794 9.0 9.0 0.0 5.0 1.0
1233.0342212362225 5.0 0.0 1546.0 154.6 2522.773853679379 252.27738536793794 9.0 9.0 0.0 5.0 1.0
1234.0497786969743 5.0 0.0 1546.0 154.6 2522.773853679379 252.27738536793794 9.0 9.0 0.0 5.0 1.0
1235.0342212362225 5.0 0.0 1546.0 154.6 2522.773853679379 252.27738536793794 9.0 9.0 0.0 5.0 1.0
1236.0497786969743 5.0 0.0 1546.0 154.6 2522.773853679379 252.27738536793794 9.0 9.0 0.0 5.0 1.0
1237.0342212362225 5.0 0.0 1546.0 154.6 2522.773853679379 252.27738536793794 9.0 9.0 0.0 5.0 1.0
1238.0497786969743 5.0 0.0 1546.0 154.6 2522.773853679379 252.27738536793794 9.0 9.0 0.0 5.0 1.0
1239.0342212362225 5.0 0.0 1546.0 154.6 2522.773853679379 252.27738536793794 9.0 9.0 0.0 5.0 1.0
1240.0497786969743 5.0 0.0 1546.0 154.6 2522.773853679379 252.27738536793794 9.0 9.0 0.0 5.0 1.0
1241.0342212362225 5.0 0.0 1546.0 154.6 2522.773853679379 252.27738536793794 9.0 9.0 0.0 5.0 1.0
1242.0497786969743 5.0 0.0 1546.0 154.6 2522.773853679379 252.27738536793794 9.0 9.0 0.0 5.0 1.0
1243.0342212362225 5.0 0.0 1546.0 154.6 2522.773853679379 252.27738536793794 9.0 9.0 0.0 5.0 1.0
1244.0497786969743 5.0 0.0 1546.0 154.6 2522.773853679379 252.27738536793794 9.0 9.0 0.0 5.0 1.0
1245.0342212362225 5.0 0.0 1546.0 154.6 2522.773853679379 252.27738536793794 9.0 9.0 0.0 5.0 1.0
1246.0497786969743 5.0 0.0 1546.0 154.6 2522.773853679379 252.27738536793794 9.0 9.0 0.0 5.0 1.0
1247.0342212362225 5.0 0.0 1546.0 154.6 2522.773853679379 252.27738536793794 9.0 9.0 0.0 5.0 1.0
1248.0497786969743 5.0 0.0 1546.0 154.6 2522.773853679379 252.27738536793794 9.0 9.0 0.0 5.0 1.0
1249.0342212362225 5.0 0.0 1546.0 154.6 2522.773853679379 252.27738536793794 9.0 9.0 0.0 5.0 1.0
1250.0497786969743 5.0 0.0 1546.0 154.6 2522.773853679379 252.27738536793794 9.0 9.0 0.0 5.0 1.0
1251.0342212362225 5.0 0.0 1546.0 154.6 2522.773853679379 252.27738536793794 9.0 9.0 0.0 5.0 1.0
1252.0497786969743 5.0 0.0 1546.0 154.6 2522.773853679379 252.27738536793794 9.0 9.0 0.0 5.0 1.0
1253.0342212362225 5.0 0.0 1546.0 154.6 2522.773853679379 252.27738536793794 9.0 9.0 0.0 5.0 1.0
1254.0497786969743 5.0 0.0 1546.0 154.6 2522.773853679379 252.27738536793794 9.0 9.0 0.0 5.0 1.0
1255.0342212362225 5.0 0.0 1546.0 154.6 2522.773853679379 252.27738536793794 9.0 9.0 0.0 5.0 1.0
1256.0497786969743 5.0 0.0 1546.0 154.6 2522.773853679379 252.27738536793794 9.0 9.0 0.0 5.0 1.0
1257.0342212362225 5.0 0.0 1546.0 154.6 2522.773853679379 252.27738536793794 9.0 9.0 0.0 5.0 1.0
1258.0497786969743 5.0 0.0 1546.0 154.6 2522.773853679379 252.27738536793794 9.0 9.0 0.0 5.0 1.0
1259.0342212362225 5.0 0.0 1546.0 154.6 2522.773853679379 252.27738536793794 9.0 9.0 0.0 5.0 1.0
1260.0497786969743 5.0 0.0 1546.0 154.6 2522.773853679379 252.27738536793794 9.0 9.0 0.0 5.0 1.0
1261.0342212362225 5.0 0.0 1546.0 154.6 2522.773853679379 252.27738536793794 9.0 9.0 0.0 5.0 1.0
1262.0497786969743 5.0 0.0 1546.0 154.6 2522.773853679379 252.27738536793794 9.0 9.0 0.0 5.0 1.0
1263.0342212362225 5.0 0.0 1546.0 154.6 2522.773853679379 252.27738536793794 9.0 9.0 0.0 5.0 1.0
1264.0497786969743 5.0 0.0 1546.0 154.6 2522.773853679379 252.27738536793794 9.0 9.0 0.0 5.0 1.0
1265.0342212362225 5.0 0.0 1546.0 154.6 2522.773853679379 252.27738536793794 9.0 9.0 0.0 5.0 1.0
1266.0497786969743 5.0 0.0 1546.0 154.6 2522.773853679379 252.27738536793794 9.0 9.0 0.0 5.0 1.0
1267.0342212362225 5.0 0.0 1546.0 154.6 2522.773853679379 252.27738536793794 9.0 9.0 0.0 5.0 1.0
1268.0497786969743 5.0 0.0 1546.0 154.6 2522.773853679379 252.27738536793794 9.0 9.0 0.0 5.0 1.0
1269.0342212362225 5.0 0.0 1546.0 154.6 2522.773853679379 252.27738536793794 9.0 9.0 0.0 5.0 1.0
1270.0497786969743 5.0 0.0 1546.0 154.6 2522.773853679379 252.27738536793794 9.0 9.0 0.0 5.0 1.0
1271.0342212362225 5.0 0.0 1546.0 154.6 2522.773853679379 252.27738536793794 9.0 9.0 0.0 5.0 1.0
1272.0497786969743 5.0 0.0 1546.0 154.6 2522.773853679379 252.27738536793794 9.0 9.0 0.0 5.0 1.0
1273.0342212362225 5.0 0.0 1546.0 154.6 2522.773853679379 252.27738536793794 9.0 9.0 0.0 5.0 1.0
1274.0497786969743 5.0 0.0 1546.0 154.6 2522.773853679379 252.27738536793794 9.0 9.0 0.0 5.0 1.0
1275.0342212362225 5.0 0.0 1546.0 154.6 2522.773853679379 252.27738536793794 9.0 9.0 0.0 5.0 1.0
1276.0497786969743 5.0 0.0 1546.0 154.6 2522.773853679379 252.27738536793794 9.0 9.0 0.0 5.0 1.0
1277.0342212362225 5.0 0.0 1546.0 154.6 2522.773853679379 252.27738536793794 9.0 9.0 0.0 5.0 1.0
1278.0497786969743 5.0 0.0 1546.0 154.6 2522.773853679379 252.27738536793794 9.0 9.0 0.0 5.0 1.0
1279.0342212362225 5.0 0.0 1546.0 154.6 2522.773853679379 252.27738536793794 9.0 9.0 0.0 5.0 1.0
1280.0497786969743 5.0 0.0 1546.0 154.6 2522.773853679379 252.27738536793794 9.0 9.0 0.0 5.0 1.0
1281.0342212362225 5.0 0.0 1546.0 154.6 2522.773853679379 252.27738536793794 9.0 9.0 0.0 5.0 1.0
1282.0497786969743 5.0 0.0 1546.0 154.6 2522.773853679379 252.27738536793794 9.0 9.0 0.0 5.0 1.0
1283.0342212362225 5.0 0.0 1546.0 154.6 2522.773853679379 252.27738536793794 9.0 9.0 0.0 5.0 1.0
1284.0497786969743 5.0 0.0 1546.0 154.6 2522.773853679379 252.27738536793794 9.0 9.0 0.0 5.0 1.0
1285.0342212362225 5.0 0.0 1546.0 154.6 2522.773853679379 252.27738536793794 9.0 9.0 0.0 5.0 1.0
1286.0497786969743 5.0 0.0 1546.0 154.6 2522.773853679379 252.27738536793794 9.0 9.0 0.0 5.0 1.0
1287.0342212362225 5.0 0.0 1546.0 154.6 2522.773853679379 252.27738536793794 9.0 9.0 0.0 5.0 1.0
1288.0497786969743 5.0 0.0 1546.0 154.6 2522.773853679379 252.27738536793794 9.0 9.0 0.0 5.0 1.0
1289.0342212362225 5.0 0.0 1546.0 154.6 2522.773853679379 252.27738536793794 9.0 9.0 0.0 5.0 1.0
1290.0497786969743 5.0 0.0 1546.0 154.6 2522.773853679379 252.27738536793794 9.0 9.0 0.0 5.0 1.0
1291.0342212362225 5.0 0.0 1546.0 154.6 2522.773853679379 252.27738536793794 9.0 9.0 0.0 5.0 1.0
1292.0497786969743 5.0 0.0 1546.0 154.6 2522.773853679379 252.27738536793794 9.0 9.0 0.0 5.0 1.0
1293.0342212362225 5.0 0.0 1546.0 154.6 2522.773853679379 252.27738536793794 9.0 9.0 0.0 5.0 1.0
1294.0497786969743 5.0 0.0 1546.0 154.6 2522.773853679379 252.27738536793794 9.0 9.0 0.0 5.0 1.0
1295.0342212362225 5.0 0.0 1546.0 154.6 2522.773853679379 252.27738536793794 9.0 9.0 0.0 5.0 1.0
1296.0497786969743 5.0 0.0 1546.0 154.6 2522.773853679379 252.27738536793794 9.0 9.0 0.0 5.0 1.0
1297.0342212362225 5.0 0.0 1546.0 154.6 2522.773853679379 252.27738536793794 9.0 9.0 0.0 5.0 1.0
1298.0497786969743 5.0 0.0 1546.0 154.6 2522.773853679379 252.27738536793794 9.0 9.0 0.0 5.0 1.0
1299.0342212362225 5.0 0.0 1546.0 154.6 2522.773853679379 252.27738536793794 9.0 9.0 0.0 5.0 1.0
1300.0497786969743 5.0 0.0 1546.0 154.6 2522.773853679379 252.27738536793794 9.0 9.0 0.0 5.0 1.0
1301.0342212362225 5.0 0.0 1546.0 154.6 2522.773853679379 252.27738536793794 9.0 9.0 0.0 5.0 1.0
1302.0497786969743 5.0 0.0 1546.0 154.6 2522.773853679379 252.27738536793794 9.0 9.0 0.0 5.0 1.0
1303.0342212362225 5.0 0.0 1546.0 154.6 2522.773853679379 252.27738536793794 9.0 9.0 0.0 5.0 1.0
1304.0497786969743 5.0 0.0 1546.0 154.6 2522.773853679379 252.27738536793794 9.0 9.0 0.0 5.0 1.0
1305.0342212362225 5.0 0.0 1546.0 154.6 2522.773853679379 252.27738536793794 9.0 9.0 0.0 5.0 1.0
1306.0497786969743 5.0 0.0 1546.0 154.6 2522.773853679379 252.27738536793794 9.0 9.0 0.0 5.0 1.0
1307.0342212362225 5.0 0.0 1546.0 154.6 2522.773853679379 252.27738536793794 9.0 9.0 0.0 5.0 1.0
1308.0497786969743 5.0 0.0 1546.0 154.6 2522.773853679379 252.27738536793794 9.0 9.0 0.0 5.0 1.0
1309.0342212362225 5.0 0.0 1546.0 154.6 2522.773853679379 252.27738536793794 9.0 9.0 0.0 5.0 1.0
1310.0497786969743 5.0 0.0 1546.0 154.6 2522.773853679379 252.27738536793794 9.0 9.0 0.0 5.0 1.0
1311.0342212362225 5.0 0.0 1546.0 154.6 2522.773853679379 252.27738536793794 9.0 9.0 0.0 5.0 1.0
1312.0497786969743 5.0 0.0 1546.0 154.6 2522.773853679379 252.27738536793794 9.0 9.0 0.0 5.0 1.0
1313.0342212362225 5.0 0.0 1546.0 154.6 2522.773853679379 252.27738536793794 9.0 9.0 0.0 5.0 1.0
1314.0497786969743 5.0 0.0 1546.0 154.6 2522.773853679379 252.27738536793794 9.0 9.0 0.0 5.0 1.0
1315.0342212362225 5.0 0.0 1546.0 154.6 2522.773853679379 252.27738536793794 9.0 9.0 0.0 5.0 1.0
1316.0497786969743 5.0 0.0 1546.0 154.6 2522.773853679379 252.27738536793794 9.0 9.0 0.0 5.0 1.0
1317.0342212362225 5.0 0.0 1546.0 154.6 2522.773853679379 252.27738536793794 9.0 9.0 0.0 5.0 1.0
1318.0497786969743 5.0 0.0 1546.0 154.6 2522.773853679379 252.27738536793794 9.0 9.0 0.0 5.0 1.0
1319.0342212362225 5.0 0.0 1546.0 154.6 2522.773853679379 252.27738536793794 9.0 9.0 0.0 5.0 1.0
1320.0497786969743 5.0 0.0 1546.0 154.6 2522.773853679379 252.27738536793794 9.0 9.0 0.0 5.0 1.0
1321.0342212362225 5.0 0.0 1546.0 154.6 2522.773853679379 252.27738536793794 9.0 9.0 0.0 5.0 1.0
1322.0497786969743 5.0 0.0 1546.0 154.6 2522.773853679379 252.27738536793794 9.0 9.0 0.0 5.0 1.0
1323.0342212362225 5.0 0.0 1546.0 154.6 2522.773853679379 252.27738536793794 9.0 9.0 0.0 5.0 1.0
1324.0497786969743 5.0 0.0 1546.0 154.6 2522.773853679379 252.27738536793794 9.0 9.0 0.0 5.0 1.0
1325.0342212362225 5.0 0.0 1546.0 154.6 2522.773853679379 252.27738536793794 9.0 9.0 0.0 5.0 1.0
1326.0497786969743 5.0 0.0 1546.0 154.6 2522.773853679379 252.27738536793794 9.0 9.0 0.0 5.0 1.0
1327.0342212362225 5.0 0.0 1546.0 154.6 2522.773853679379 252.27738536793794 9.0 9.0 0.0 5.0 1.0
1328.0497786969743 5.0 0.0 1546.0 154.6 2522.773853679379 252.27738536793794 9.0 9.0 0.0 5.0 1.0
1329.0342212362225 5.0 0.0 1546.0 154.6 2522.773853679379 252.27738536793794 9.0 9.0 0.0 5.0 1.0
1330.0497786969743 5.0 0.0 1546.0 154.6 2522.773853679379 252.27738536793794 9.0 9.0 0.0 5.0 1.0
1331.0342212362225 5.0 0.0 1546.0 154.6 2522.773853679379 252.27738536793794 9.0 9.0 0.0 5.0 1.0
1332.0497786969743 5.0 0.0 1546.0 154.6 2522.773853679379 252.27738536793794 9.0 9.0 0.0 5.0 1.0
1333.0342212362225 5.0 0.0 1546.0 154.6 2522.773853679379 252.27738536793794 9.0 9.0 0.0 5.0 1.0
1334.0497786969743 5.0 0.0 1546.0 154.6 2522.773853679379 252.27738536793794 9.0 9.0 0.0 5.0 1.0
1335.0342212362225 5.0 0.0 1546.0 154.6 2522.773853679379 252.27738536793794 9.0 9.0 0.0 5.0 1.0
1336.0497786969743 5.0 0.0 1546.0 154.6 2522.773853679379 252.27738536793794 9.0 9.0 0.0 5.0 1.0
1337.0342212362225 5.0 0.0 1546.0 154.6 2522.773853679379 252.27738536793794 9.0 9.0 0.0 5.0 1.0
1338.0497786969743 5.0 0.0 1546.0 154.6 2522.773853679379 252.27738536793794 9.0 9.0 0.0 5.0 1.0
1339.0342212362225 5.0 0.0 1546.0 154.6 2522.773853679379 252.27738536793794 9.0 9.0 0.0 5.0 1.0
1340.0497786969743 5.0 0.0 1546.0 154.6 2522.773853679379 252.27738536793794 9.0 9.0 0.0 5.0 1.0
1341.0342212362225 5.0 0.0 1546.0 154.6 2522.773853679379 252.27738536793794 9.0 9.0 0.0 5.0 1.0
1342.0497786969743 5.0 0.0 1546.0 154.6 2522.773853679379 252.27738536793794 9.0 9.0 0.0 5.0 1.0
1343.0342212362225 5.0 0.0 1546.0 154.6 2522.773853679379 252.27738536793794 9.0 9.0 0.0 5.0 1.0
1344.0497786969743 5.0 0.0 1546.0 154.6 2522.773853679379 252.27738536793794 9.0 9.0 0.0 5.0 1.0
1345.0342212362225 5.0 0.0 1546.0 154.6 2522.773853679379 252.27738536793794 9.0 9.0 0.0 5.0 1.0
1346.0497786969743 5.0 0.0 1546.0 154.6 2522.773853679379 252.27738536793794 9.0 9.0 0.0 5.0 1.0
1347.0342212362225 5.0 0.0 1546.0 154.6 2522.773853679379 252.27738536793794 9.0 9.0 0.0 5.0 1.0
1348.0497786969743 5.0 0.0 1546.0 154.6 2522.773853679379 252.27738536793794 9.0 9.0 0.0 5.0 1.0
1349.0342212362225 5.0 0.0 1546.0 154.6 2522.773853679379 252.27738536793794 9.0 9.0 0.0 5.0 1.0
1350.0497786969743 5.0 0.0 1546.0 154.6 2522.773853679379 252.27738536793794 9.0 9.0 0.0 5.0 1.0
1351.0342212362225 5.0 0.0 1546.0 154.6 2522.773853679379 252.27738536793794 9.0 9.0 0.0 5.0 1.0
1352.0497786969743 5.0 0.0 1546.0 154.6 2522.773853679379 252.27738536793794 9.0 9.0 0.0 5.0 1.0
1353.0342212362225 5.0 0.0 1546.0 154.6 2522.773853679379 252.27738536793794 9.0 9.0 0.0 5.0 1.0
1354.0497786969743 5.0 0.0 1546.0 154.6 2522.773853679379 252.27738536793794 9.0 9.0 0.0 5.0 1.0
1355.0342212362225 5.0 0.0 1546.0 154.6 2522.773853679379 252.27738536793794 9.0 9.0 0.0 5.0 1.0
1356.0497786969743 5.0 0.0 1546.0 154.6 2522.773853679379 252.27738536793794 9.0 9.0 0.0 5.0 1.0
1357.0342212362225 5.0 0.0 1546.0 154.6 2522.773853679379 252.27738536793794 9.0 9.0 0.0 5.0 1.0
1358.0497786969743 5.0 0.0 1546.0 154.6 2522.773853679379 252.27738536793794 9.0 9.0 0.0 5.0 1.0
1359.0342212362225 5.0 0.0 1546.0 154.6 2522.773853679379 252.27738536793794 9.0 9.0 0.0 5.0 1.0
1360.0497786969743 5.0 0.0 1546.0 154.6 2522.773853679379 252.27738536793794 9.0 9.0 0.0 5.0 1.0
1361.0342212362225 5.0 0.0 1546.0 154.6 2522.773853679379 252.27738536793794 9.0 9.0 0.0 5.0 1.0
1362.0497786969743 5.0 0.0 1546.0 154.6 2522.773853679379 252.27738536793794 9.0 9.0 0.0 5.0 1.0
1363.0342212362225 5.0 0.0 1546.0 154.6 2522.773853679379 252.27738536793794 9.0 9.0 0.0 5.0 1.0
1364.0497786969743 5.0 0.0 1546.0 154.6 2522.773853679379 252.27738536793794 9.0 9.0 0.0 5.0 1.0
1365.0342212362225 5.0 0.0 1546.0 154.6 2522.773853679379 252.27738536793794 9.0 9.0 0.0 5.0 1.0
1366.0497786969743 5.0 0.0 1546.0 154.6 2522.773853679379 252.27738536793794 9.0 9.0 0.0 5.0 1.0
1367.0342212362225 5.0 0.0 1546.0 154.6 2522.773853679379 252.27738536793794 9.0 9.0 0.0 5.0 1.0
1368.0497786969743 5.0 0.0 1546.0 154.6 2522.773853679379 252.27738536793794 9.0 9.0 0.0 5.0 1.0
1369.0342212362225 5.0 0.0 1546.0 154.6 2522.773853679379 252.27738536793794 9.0 9.0 0.0 5.0 1.0
1370.0497786969743 5.0 0.0 1546.0 154.6 2522.773853679379 252.27738536793794 9.0 9.0 0.0 5.0 1.0
1371.0342212362225 5.0 0.0 1546.0 154.6 2522.773853679379 252.27738536793794 9.0 9.0 0.0 5.0 1.0
1372.0497786969743 5.0 0.0 1546.0 154.6 2522.773853679379 252.27738536793794 9.0 9.0 0.0 5.0 1.0
1373.0342212362225 5.0 0.0 1546.0 154.6 2522.773853679379 252.27738536793794 9.0 9.0 0.0 5.0 1.0
1374.0497786969743 5.0 0.0 1546.0 154.6 2522.773853679379 252.27738536793794 9.0 9.0 0.0 5.0 1.0
1375.0342212362225 5.0 0.0 1546.0 154.6 2522.773853679379 252.27738536793794 9.0 9.0 0.0 5.0 1.0
1376.0497786969743 5.0 0.0 1546.0 154.6 2522.773853679379 252.27738536793794 9.0 9.0 0.0 5.0 1.0
1377.0342212362225 5.0 0.0 1546.0 154.6 2522.773853679379 252.27738536793794 9.0 9.0 0.0 5.0 1.0
1378.0497786969743 5.0 0.0 1546.0 154.6 2522.773853679379 252.27738536793794 9.0 9.0 0.0 5.0 1.0
1379.0342212362225 5.0 0.0 1546.0 154.6 2522.773853679379 252.27738536793794 9.0 9.0 0.0 5.0 1.0
1380.0497786969743 5.0 0.0 1546.0 154.6 2522.773853679379 252.27738536793794 9.0 9.0 0.0 5.0 1.0
1381.0342212362225 5.0 0.0 1546.0 154.6 2522.773853679379 252.27738536793794 9.0 9.0 0.0 5.0 1.0
1382.0497786969743 5.0 0.0 1546.0 154.6 2522.773853679379 252.27738536793794 9.0 9.0 0.0 5.0 1.0
1383.0342212362225 5.0 0.0 1546.0 154.6 2522.773853679379 252.27738536793794 9.0 9.0 0.0 5.0 1.0
1384.0497786969743 5.0 0.0 1546.0 154.6 2522.773853679379 252.27738536793794 9.0 9.0 0.0 5.0 1.0
1385.0342212362225 5.0 0.0 1546.0 154.6 2522.773853679379 252.27738536793794 9.0 9.0 0.0 5.0 1.0
1386.0497786969743 5.0 0.0 1546.0 154.6 2522.773853679379 252.27738536793794 9.0 9.0 0.0 5.0 1.0
1387.0342212362225 5.0 0.0 1546.0 154.6 2522.773853679379 252.27738536793794 9.0 9.0 0.0 5.0 1.0
1388.0497786969743 5.0 0.0 1546.0 154.6 2522.773853679379 252.27738536793794 9.0 9.0 0.0 5.0 1.0
1389.0342212362225 5.0 0.0 1546.0 154.6 2522.773853679379 252.27738536793794 9.0 9.0 0.0 5.0 1.0
1390.0497786969743 5.0 0.0 1546.0 154.6 2522.773853679379 252.27738536793794 9.0 9.0 0.0 5.0 1.0
1391.0342212362225 5.0 0.0 1546.0 154.6 2522.773853679379 252.27738536793794 9.0 9.0 0.0 5.0 1.0
1392.0497786969743 5.0 0.0 1546.0 154.6 2522.773853679379 252.27738536793794 9.0 9.0 0.0 5.0 1.0
1393.0342212362225 5.0 0.0 1546.0 154.6 2522.773853679379 252.27738536793794 9.0 9.0 0.0 5.0 1.0
1394.0497786969743 5.0 0.0 1546.0 154.6 2522.773853679379 252.27738536793794 9.0 9.0 0.0 5.0 1.0
1395.0342212362225 5.0 0.0 1546.0 154.6 2522.773853679379 252.27738536793794 9.0 9.0 0.0 5.0 1.0
1396.0497786969743 5.0 0.0 1546.0 154.6 2522.773853679379 252.27738536793794 9.0 9.0 0.0 5.0 1.0
1397.0342212362225 5.0 0.0 1546.0 154.6 2522.773853679379 252.27738536793794 9.0 9.0 0.0 5.0 1.0
1398.0497786969743 5.0 0.0 1546.0 154.6 2522.773853679379 252.27738536793794 9.0 9.0 0.0 5.0 1.0
1399.0342212362225 5.0 0.0 1546.0 154.6 2522.773853679379 252.27738536793794 9.0 9.0 0.0 5.0 1.0
1400.0497786969743 5.0 0.0 1546.0 154.6 2522.773853679379 252.27738536793794 9.0 9.0 0.0 5.0 1.0
1401.0342212362225 5.0 0.0 1546.0 154.6 2522.773853679379 252.27738536793794 9.0 9.0 0.0 5.0 1.0
1402.0497786969743 5.0 0.0 1546.0 154.6 2522.773853679379 252.27738536793794 9.0 9.0 0.0 5.0 1.0
1403.0342212362225 5.0 0.0 1546.0 154.6 2522.773853679379 252.27738536793794 9.0 9.0 0.0 5.0 1.0
1404.0497786969743 5.0 0.0 1546.0 154.6 2522.773853679379 252.27738536793794 9.0 9.0 0.0 5.0 1.0
1405.0342212362225 5.0 0.0 1546.0 154.6 2522.773853679379 252.27738536793794 9.0 9.0 0.0 5.0 1.0
1406.0497786969743 5.0 0.0 1546.0 154.6 2522.773853679379 252.27738536793794 9.0 9.0 0.0 5.0 1.0
1407.0342212362225 5.0 0.0 1546.0 154.6 2522.773853679379 252.27738536793794 9.0 9.0 0.0 5.0 1.0
1408.0497786969743 5.0 0.0 1546.0 154.6 2522.773853679379 252.27738536793794 9.0 9.0 0.0 5.0 1.0
1409.0342212362225 5.0 0.0 1546.0 154.6 2522.773853679379 252.27738536793794 9.0 9.0 0.0 5.0 1.0
1410.0497786969743 5.0 0.0 1546.0 154.6 2522.773853679379 252.27738536793794 9.0 9.0 0.0 5.0 1.0
1411.0342212362225 5.0 0.0 1546.0 154.6 2522.773853679379 252.27738536793794 9.0 9.0 0.0 5.0 1.0
1412.0497786969743 5.0 0.0 1546.0 154.6 2522.773853679379 252.27738536793794 9.0 9.0 0.0 5.0 1.0
1413.0342212362225 5.0 0.0 1546.0 154.6 2522.773853679379 252.27738536793794 9.0 9.0 0.0 5.0 1.0
1414.0497786969743 5.0 0.0 1546.0 154.6 2522.773853679379 252.27738536793794 9.0 9.0 0.0 5.0 1.0
1415.0342212362225 5.0 0.0 1546.0 154.6 2522.773853679379 252.27738536793794 9.0 9.0 0.0 5.0 1.0
1416.0497786969743 5.0 0.0 1546.0 154.6 2522.773853679379 252.27738536793794 9.0 9.0 0.0 5.0 1.0
1417.0342212362225 5.0 0.0 1546.0 154.6 2522.773853679379 252.27738536793794 9.0 9.0 0.0 5.0 1.0
1418.0497786969743 5.0 0.0 1546.0 154.6 2522.773853679379 252.27738536793794 9.0 9.0 0.0 5.0 1.0
1419.0342212362225 5.0 0.0 1546.0 154.6 2522.773853679379 252.27738536793794 9.0 9.0 0.0 5.0 1.0
1420.0497786969743 5.0 0.0 1546.0 154.6 2522.773853679379 252.27738536793794 9.0 9.0 0.0 5.0 1.0
1421.0342212362225 5.0 0.0 1546.0 154.6 2522.773853679379 252.27738536793794 9.0 9.0 0.0 5.0 1.0
1422.0497786969743 5.0 0.0 1546.0 154.6 2522.773853679379 252.27738536793794 9.0 9.0 0.0 5.0 1.0
1423.0342212362225 5.0 0.0 1546.0 154.6 2522.773853679379 252.27738536793794 9.0 9.0 0.0 5.0 1.0
1424.0497786969743 5.0 0.0 1546.0 154.6 2522.773853679379 252.27738536793794 9.0 9.0 0.0 5.0 1.0
1425.0342212362225 5.0 0.0 1546.0 154.6 2522.773853679379 252.27738536793794 9.0 9.0 0.0 5.0 1.0
1426.0497786969743 5.0 0.0 1546.0 154.6 2522.773853679379 252.27738536793794 9.0 9.0 0.0 5.0 1.0
1427.0342212362225 5.0 0.0 1546.0 154.6 2522.773853679379 252.27738536793794 9.0 9.0 0.0 5.0 1.0
1428.0497786969743 5.0 0.0 1546.0 154.6 2522.773853679379 252.27738536793794 9.0 9.0 0.0 5.0 1.0
1429.0342212362225 5.0 0.0 1546.0 154.6 2522.773853679379 252.27738536793794 9.0 9.0 0.0 5.0 1.0
1430.0497786969743 5.0 0.0 1546.0 154.6 2522.773853679379 252.27738536793794 9.0 9.0 0.0 5.0 1.0
1431.0342212362225 5.0 0.0 1546.0 154.6 2522.773853679379 252.27738536793794 9.0 9.0 0.0 5.0 1.0
1432.0497786969743 5.0 0.0 1546.0 154.6 2522.773853679379 252.27738536793794 9.0 9.0 0.0 5.0 1.0
1433.0342212362225 5.0 0.0 1546.0 154.6 2522.773853679379 252.27738536793794 9.0 9.0 0.0 5.0 1.0
1434.0497786969743 5.0 0.0 1546.0 154.6 2522.773853679379 252.27738536793794 9.0 9.0 0.0 5.0 1.0
1435.0342212362225 5.0 0.0 1546.0 154.6 2522.773853679379 252.27738536793794 9.0 9.0 0.0 5.0 1.0
1436.0497786969743 5.0 0.0 1546.0 154.6 2522.773853679379 252.27738536793794 9.0 9.0 0.0 5.0 1.0
1437.0342212362225 5.0 0.0 1546.0 154.6 2522.773853679379 252.27738536793794 9.0 9.0 0.0 5.0 1.0
1438.0497786969743 5.0 0.0 1546.0 154.6 2522.773853679379 252.27738536793794 9.0 9.0 0.0 5.0 1.0
1439.0342212362225 5.0 0.0 1546.0 154.6 2522.773853679379 252.27738536793794 9.0 9.0 0.0 5.0 1.0
1440.0497786969743 5.0 0.0 1546.0 154.6 2522.773853679379 252.27738536793794 9.0 9.0 0.0 5.0 1.0
1441.0342212362225 5.0 0.0 1546.0 154.6 2522.773853679379 252.27738536793794 9.0 9.0 0.0 5.0 1.0
1442.0497786969743 5.0 0.0 1546.0 154.6 2522.773853679379 252.27738536793794 9.0 9.0 0.0 5.0 1.0
1443.0342212362225 5.0 0.0 1546.0 154.6 2522.773853679379 252.27738536793794 9.0 9.0 0.0 5.0 1.0
1444.0497786969743 5.0 0.0 1546.0 154.6 2522.773853679379 252.27738536793794 9.0 9.0 0.0 5.0 1.0
1445.0342212362225 5.0 0.0 1546.0 154.6 2522.773853679379 252.27738536793794 9.0 9.0 0.0 5.0 1.0
1446.0497786969743 5.0 0.0 1546.0 154.6 2522.773853679379 252.27738536793794 9.0 9.0 0.0 5.0 1.0
1447.0342212362225 5.0 0.0 1546.0 154.6 2522.773853679379 252.27738536793794 9.0 9.0 0.0 5.0 1.0
1448.0497786969743 5.0 0.0 1546.0 154.6 2522.773853679379 252.27738536793794 9.0 9.0 0.0 5.0 1.0
1449.0342212362225 5.0 0.0 1546.0 154.6 2522.773853679379 252.27738536793794 9.0 9.0 0.0 5.0 1.0
1450.0497786969743 5.0 0.0 1546.0 154.6 2522.773853679379 252.27738536793794 9.0 9.0 0.0 5.0 1.0
1451.0342212362225 5.0 0.0 1546.0 154.6 2522.773853679379 252.27738536793794 9.0 9.0 0.0 5.0 1.0
1452.0497786969743 5.0 0.0 1546.0 154.6 2522.773853679379 252.27738536793794 9.0 9.0 0.0 5.0 1.0
1453.0342212362225 5.0 0.0 1546.0 154.6 2522.773853679379 252.27738536793794 9.0 9.0 0.0 5.0 1.0
1454.0497786969743 5.0 0.0 1546.0 154.6 2522.773853679379 252.27738536793794 9.0 9.0 0.0 5.0 1.0
1455.0342212362225 5.0 0.0 1546.0 154.6 2522.773853679379 252.27738536793794 9.0 9.0 0.0 5.0 1.0
1456.0497786969743 5.0 0.0 1546.0 154.6 2522.773853679379 252.27738536793794 9.0 9.0 0.0 5.0 1.0
1457.0342212362225 5.0 0.0 1546.0 154.6 2522.773853679379 252.27738536793794 9.0 9.0 0.0 5.0 1.0
1458.0497786969743 5.0 0.0 1546.0 154.6 2522.773853679379 252.27738536793794 9.0 9.0 0.0 5.0 1.0
1459.0342212362225 5.0 0.0 1546.0 154.6 2522.773853679379 252.27738536793794 9.0 9.0 0.0 5.0 1.0
1460.0497786969743 5.0 0.0 1546.0 154.6 2522.773853679379 252.27738536793794 9.0 9.0 0.0 5.0 1.0
1461.0342212362225 5.0 0.0 1546.0 154.6 2522.773853679379 252.27738536793794 9.0 9.0 0.0 5.0 1.0
1462.0497786969743 5.0 0.0 1546.0 154.6 2522.773853679379 252.27738536793794 9.0 9.0 0.0 5.0 1.0
1463.0342212362225 5.0 0.0 1546.0 154.6 2522.773853679379 252.27738536793794 9.0 9.0 0.0 5.0 1.0
1464.0497786969743 5.0 0.0 1546.0 154.6 2522.773853679379 252.27738536793794 9.0 9.0 0.0 5.0 1.0
1465.0342212362225 5.0 0.0 1546.0 154.6 2522.773853679379 252.27738536793794 9.0 9.0 0.0 5.0 1.0
1466.0497786969743 5.0 0.0 1546.0 154.6 2522.773853679379 252.27738536793794 9.0 9.0 0.0 5.0 1.0
1467.0342212362225 5.0 0.0 1546.0 154.6 2522.773853679379 252.27738536793794 9.0 9.0 0.0 5.0 1.0
1468.0497786969743 5.0 0.0 1546.0 154.6 2522.773853679379 252.27738536793794 9.0 9.0 0.0 5.0 1.0
1469.0342212362225 5.0 0.0 1546.0 154.6 2522.773853679379 252.27738536793794 9.0 9.0 0.0 5.0 1.0
1470.0497786969743 5.0 0.0 1546.0 154.6 2522.773853679379 252.27738536793794 9.0 9.0 0.0 5.0 1.0
1471.0342212362225 5.0 0.0 1546.0 154.6 2522.773853679379 252.27738536793794 9.0 9.0 0.0 5.0 1.0
1472.0497786969743 5.0 0.0 1546.0 154.6 2522.773853679379 252.27738536793794 9.0 9.0 0.0 5.0 1.0
1473.0342212362225 5.0 0.0 1546.0 154.6 2522.773853679379 252.27738536793794 9.0 9.0 0.0 5.0 1.0
1474.0497786969743 5.0 0.0 1546.0 154.6 2522.773853679379 252.27738536793794 9.0 9.0 0.0 5.0 1.0
1475.0342212362225 5.0 0.0 1546.0 154.6 2522.773853679379 252.27738536793794 9.0 9.0 0.0 5.0 1.0
1476.0497786969743 5.0 0.0 1546.0 154.6 2522.773853679379 252.27738536793794 9.0 9.0 0.0 5.0 1.0
1477.0342212362225 5.0 0.0 1546.0 154.6 2522.773853679379 252.27738536793794 9.0 9.0 0.0 5.0 1.0
1478.0497786969743 5.0 0.0 1546.0 154.6 2522.773853679379 252.27738536793794 9.0 9.0 0.0 5.0 1.0
1479.0342212362225 5.0 0.0 1546.0 154.6 2522.773853679379 252.27738536793794 9.0 9.0 0.0 5.0 1.0
1480.0497786969743 5.0 0.0 1546.0 154.6 2522.773853679379 252.27738536793794 9.0 9.0 0.0 5.0 1.0
1481.0342212362225 5.0 0.0 1546.0 154.6 2522.773853679379 252.27738536793794 9.0 9.0 0.0 5.0 1.0
1482.0497786969743 5.0 0.0 1546.0 154.6 2522.773853679379 252.27738536793794 9.0 9.0 0.0 5.0 1.0
1483.0342212362225 5.0 0.0 1546.0 154.6 2522.773853679379 252.27738536793794 9.0 9.0 0.0 5.0 1.0
1484.0497786969743 5.0 0.0 1546.0 154.6 2522.773853679379 252.27738536793794 9.0 9.0 0.0 5.0 1.0
1485.0342212362225 5.0 0.0 1546.0 154.6 2522.773853679379 252.27738536793794 9.0 9.0 0.0 5.0 1.0
1486.0497786969743 5.0 0.0 1546.0 154.6 2522.773853679379 252.27738536793794 9.0 9.0 0.0 5.0 1.0
1487.0342212362225 5.0 0.0 1546.0 154.6 2522.773853679379 252.27738536793794 9.0 9.0 0.0 5.0 1.0
1488.0497786969743 5.0 0.0 1546.0 154.6 2522.773853679379 252.27738536793794 9.0 9.0 0.0 5.0 1.0
1489.0342212362225 5.0 0.0 1546.0 154.6 2522.773853679379 252.27738536793794 9.0 9.0 0.0 5.0 1.0
1490.0497786969743 5.0 0.0 1546.0 154.6 2522.773853679379 252.27738536793794 9.0 9.0 0.0 5.0 1.0
1491.0342212362225 5.0 0.0 1546.0 154.6 2522.773853679379 252.27738536793794 9.0 9.0 0.0 5.0 1.0
1492.0497786969743 5.0 0.0 1546.0 154.6 2522.773853679379 252.27738536793794 9.0 9.0 0.0 5.0 1.0
1493.0342212362225 5.0 0.0 1546.0 154.6 2522.773853679379 252.27738536793794 9.0 9.0 0.0 5.0 1.0
1494.0497786969743 5.0 0.0 1546.0 154.6 2522.773853679379 252.27738536793794 9.0 9.0 0.0 5.0 1.0
1495.0342212362225 5.0 0.0 1546.0 154.6 2522.773853679379 252.27738536793794 9.0 9.0 0.0 5.0 1.0
1496.0497786969743 5.0 0.0 1546.0 154.6 2522.773853679379 252.27738536793794 9.0 9.0 0.0 5.0 1.0
1497.0342212362225 5.0 0.0 1546.0 154.6 2522.773853679379 252.27738536793794 9.0 9.0 0.0 5.0 1.0
1498.0497786969743 5.0 0.0 1546.0 154.6 2522.773853679379 252.27738536793794 9.0 9.0 0.0 5.0 1.0
1499.0342212362225 5.0 0.0 1546.0 154.6 2522.773853679379 252.27738536793794 9.0 9.0 0.0 5.0 1.0
1500.0497786969743 5.0 0.0 1546.0 154.6 2522.773853679379 252.27738536793794 9.0 9.0 0.0 5.0 1.0
1501.0342212362225 5.0 0.0 1546.0 154.6 2522.773853679379 252.27738536793794 9.0 9.0 0.0 5.0 1.0
1502.0497786969743 5.0 0.0 1546.0 154.6 2522.773853679379 252.27738536793794 9.0 9.0 0.0 5.0 1.0
1503.0342212362225 5.0 0.0 1546.0 154.6 2522.773853679379 252.27738536793794 9.0 9.0 0.0 5.0 1.0
1504.0497786969743 5.0 0.0 1546.0 154.6 2522.773853679379 252.27738536793794 9.0 9.0 0.0 5.0 1.0
1505.0342212362225 5.0 0.0 1546.0 154.6 2522.773853679379 252.27738536793794 9.0 9.0 0.0 5.0 1.0
1506.0497786969743 5.0 0.0 1546.0 154.6 2522.773853679379 252.27738536793794 9.0 9.0 0.0 5.0 1.0
1507.0342212362225 5.0 0.0 1546.0 154.6 2522.773853679379 252.27738536793794 9.0 9.0 0.0 5.0 1.0
1508.0497786969743 5.0 0.0 1546.0 154.6 2522.773853679379 252.27738536793794 9.0 9.0 0.0 5.0 1.0
1509.0342212362225 5.0 0.0 1546.0 154.6 2522.773853679379 252.27738536793794 9.0 9.0 0.0 5.0 1.0
1510.0497786969743 5.0 0.0 1546.0 154.6 2522.773853679379 252.27738536793794 9.0 9.0 0.0 5.0 1.0
1511.0342212362225 5.0 0.0 1546.0 154.6 2522.773853679379 252.27738536793794 9.0 9.0 0.0 5.0 1.0
1512.0497786969743 5.0 0.0 1546.0 154.6 2522.773853679379 252.27738536793794 9.0 9.0 0.0 5.0 1.0
1513.0342212362225 5.0 0.0 1546.0 154.6 2522.773853679379 252.27738536793794 9.0 9.0 0.0 5.0 1.0
1514.0497786969743 5.0 0.0 1546.0 154.6 2522.773853679379 252.27738536793794 9.0 9.0 0.0 5.0 1.0
1515.0342212362225 5.0 0.0 1546.0 154.6 2522.773853679379 252.27738536793794 9.0 9.0 0.0 5.0 1.0
1516.0497786969743 5.0 0.0 1546.0 154.6 2522.773853679379 252.27738536793794 9.0 9.0 0.0 5.0 1.0
1517.0342212362225 5.0 0.0 1546.0 154.6 2522.773853679379 252.27738536793794 9.0 9.0 0.0 5.0 1.0
1518.0497786969743 5.0 0.0 1546.0 154.6 2522.773853679379 252.27738536793794 9.0 9.0 0.0 5.0 1.0
1519.0342212362225 5.0 0.0 1546.0 154.6 2522.773853679379 252.27738536793794 9.0 9.0 0.0 5.0 1.0
1520.0497786969743 5.0 0.0 1546.0 154.6 2522.773853679379 252.27738536793794 9.0 9.0 0.0 5.0 1.0
1521.0342212362225 5.0 0.0 1546.0 154.6 2522.773853679379 252.27738536793794 9.0 9.0 0.0 5.0 1.0
1522.0497786969743 5.0 0.0 1546.0 154.6 2522.773853679379 252.27738536793794 9.0 9.0 0.0 5.0 1.0
1523.0342212362225 5.0 0.0 1546.0 154.6 2522.773853679379 252.27738536793794 9.0 9.0 0.0 5.0 1.0
1524.0497786969743 5.0 0.0 1546.0 154.6 2522.773853679379 252.27738536793794 9.0 9.0 0.0 5.0 1.0
1525.0342212362225 5.0 0.0 1546.0 154.6 2522.773853679379 252.27738536793794 9.0 9.0 0.0 5.0 1.0
1526.0497786969743 5.0 0.0 1546.0 154.6 2522.773853679379 252.27738536793794 9.0 9.0 0.0 5.0 1.0
1527.0342212362225 5.0 0.0 1546.0 154.6 2522.773853679379 252.27738536793794 9.0 9.0 0.0 5.0 1.0
1528.0497786969743 5.0 0.0 1546.0 154.6 2522.773853679379 252.27738536793794 9.0 9.0 0.0 5.0 1.0
1529.0342212362225 5.0 0.0 1546.0 154.6 2522.773853679379 252.27738536793794 9.0 9.0 0.0 5.0 1.0
1530.0497786969743 5.0 0.0 1546.0 154.6 2522.773853679379 252.27738536793794 9.0 9.0 0.0 5.0 1.0
1531.0342212362225 5.0 0.0 1546.0 154.6 2522.773853679379 252.27738536793794 9.0 9.0 0.0 5.0 1.0
1532.0497786969743 5.0 0.0 1546.0 154.6 2522.773853679379 252.27738536793794 9.0 9.0 0.0 5.0 1.0
1533.0342212362225 5.0 0.0 1546.0 154.6 2522.773853679379 252.27738536793794 9.0 9.0 0.0 5.0 1.0
1534.0497786969743 5.0 0.0 1546.0 154.6 2522.773853679379 252.27738536793794 9.0 9.0 0.0 5.0 1.0
1535.0342212362225 5.0 0.0 1546.0 154.6 2522.773853679379 252.27738536793794 9.0 9.0 0.0 5.0 1.0
1536.0497786969743 5.0 0.0 1546.0 154.6 2522.773853679379 252.27738536793794 9.0 9.0 0.0 5.0 1.0
1537.0342212362225 5.0 0.0 1546.0 154.6 2522.773853679379 252.27738536793794 9.0 9.0 0.0 5.0 1.0
1538.0497786969743 5.0 0.0 1546.0 154.6 2522.773853679379 252.27738536793794 9.0 9.0 0.0 5.0 1.0
1539.0342212362225 5.0 0.0 1546.0 154.6 2522.773853679379 252.27738536793794 9.0 9.0 0.0 5.0 1.0
1540.0497786969743 5.0 0.0 1546.0 154.6 2522.773853679379 252.27738536793794 9.0 9.0 0.0 5.0 1.0
1541.0342212362225 5.0 0.0 1546.0 154.6 2522.773853679379 252.27738536793794 9.0 9.0 0.0 5.0 1.0
1542.0497786969743 5.0 0.0 1546.0 154.6 2522.773853679379 252.27738536793794 9.0 9.0 0.0 5.0 1.0
1543.0342212362225 5.0 0.0 1546.0 154.6 2522.773853679379 252.27738536793794 9.0 9.0 0.0 5.0 1.0
1544.0497786969743 5.0 0.0 1546.0 154.6 2522.773853679379 252.27738536793794 9.0 9.0 0.0 5.0 1.0
1545.0342212362225 5.0 0.0 1546.0 154.6 2522.773853679379 252.27738536793794 9.0 9.0 0.0 5.0 1.0
1546.0497786969743 5.0 0.0 1546.0 154.6 2522.773853679379 252.27738536793794 9.0 9.0 0.0 5.0 1.0
1547.0342212362225 5.0 0.0 1546.0 154.6 2522.773853679379 252.27738536793794 9.0 9.0 0.0 5.0 1.0
1548.0497786969743 5.0 0.0 1546.0 154.6 2522.773853679379 252.27738536793794 9.0 9.0 0.0 5.0 1.0
1549.0342212362225 5.0 0.0 1546.0 154.6 2522.773853679379 252.27738536793794 9.0 9.0 0.0 5.0 1.0
1550.0497786969743 5.0 0.0 1546.0 154.6 2522.773853679379 252.27738536793794 9.0 9.0 0.0 5.0 1.0
1551.0342212362225 5.0 0.0 1546.0 154.6 2522.773853679379 252.27738536793794 9.0 9.0 0.0 5.0 1.0
1552.0497786969743 5.0 0.0 1546.0 154.6 2522.773853679379 252.27738536793794 9.0 9.0 0.0 5.0 1.0
1553.0342212362225 5.0 0.0 1546.0 154.6 2522.773853679379 252.27738536793794 9.0 9.0 0.0 5.0 1.0
1554.0497786969743 5.0 0.0 1546.0 154.6 2522.773853679379 252.27738536793794 9.0 9.0 0.0 5.0 1.0
1555.0342212362225 5.0 0.0 1546.0 154.6 2522.773853679379 252.27738536793794 9.0 9.0 0.0 5.0 1.0
1556.0497786969743 5.0 0.0 1546.0 154.6 2522.773853679379 252.27738536793794 9.0 9.0 0.0 5.0 1.0
1557.0342212362225 5.0 0.0 1546.0 154.6 2522.773853679379 252.27738536793794 9.0 9.0 0.0 5.0 1.0
1558.0497786969743 5.0 0.0 1546.0 154.6 2522.773853679379 252.27738536793794 9.0 9.0 0.0 5.0 1.0
1559.0342212362225 5.0 0.0 1546.0 154.6 2522.773853679379 252.27738536793794 9.0 9.0 0.0 5.0 1.0
1560.0497786969743 5.0 0.0 1546.0 154.6 2522.773853679379 252.27738536793794 9.0 9.0 0.0 5.0 1.0
1561.0342212362225 5.0 0.0 1546.0 154.6 2522.773853679379 252.27738536793794 9.0 9.0 0.0 5.0 1.0
1562.0497786969743 5.0 0.0 1546.0 154.6 2522.773853679379 252.27738536793794 9.0 9.0 0.0 5.0 1.0
1563.0342212362225 5.0 0.0 1546.0 154.6 2522.773853679379 252.27738536793794 9.0 9.0 0.0 5.0 1.0
1564.0497786969743 5.0 0.0 1546.0 154.6 2522.773853679379 252.27738536793794 9.0 9.0 0.0 5.0 1.0
1565.0342212362225 5.0 0.0 1546.0 154.6 2522.773853679379 252.27738536793794 9.0 9.0 0.0 5.0 1.0
1566.0497786969743 5.0 0.0 1546.0 154.6 2522.773853679379 252.27738536793794 9.0 9.0 0.0 5.0 1.0
1567.0342212362225 5.0 0.0 1546.0 154.6 2522.773853679379 252.27738536793794 9.0 9.0 0.0 5.0 1.0
1568.0497786969743 5.0 0.0 1546.0 154.6 2522.773853679379 252.27738536793794 9.0 9.0 0.0 5.0 1.0
1569.0342212362225 5.0 0.0 1546.0 154.6 2522.773853679379 252.27738536793794 9.0 9.0 0.0 5.0 1.0
1570.0497786969743 5.0 0.0 1546.0 154.6 2522.773853679379 252.27738536793794 9.0 9.0 0.0 5.0 1.0
1571.0342212362225 5.0 0.0 1546.0 154.6 2522.773853679379 252.27738536793794 9.0 9.0 0.0 5.0 1.0
1572.0497786969743 5.0 0.0 1546.0 154.6 2522.773853679379 252.27738536793794 9.0 9.0 0.0 5.0 1.0
1573.0342212362225 5.0 0.0 1546.0 154.6 2522.773853679379 252.27738536793794 9.0 9.0 0.0 5.0 1.0
1574.0497786969743 5.0 0.0 1546.0 154.6 2522.773853679379 252.27738536793794 9.0 9.0 0.0 5.0 1.0
1575.0342212362225 5.0 0.0 1546.0 154.6 2522.773853679379 252.27738536793794 9.0 9.0 0.0 5.0 1.0
1576.0497786969743 5.0 0.0 1546.0 154.6 2522.773853679379 252.27738536793794 9.0 9.0 0.0 5.0 1.0
1577.0342212362225 5.0 0.0 1546.0 154.6 2522.773853679379 252.27738536793794 9.0 9.0 0.0 5.0 1.0
1578.0497786969743 5.0 0.0 1546.0 154.6 2522.773853679379 252.27738536793794 9.0 9.0 0.0 5.0 1.0
1579.0342212362225 5.0 0.0 1546.0 154.6 2522.773853679379 252.27738536793794 9.0 9.0 0.0 5.0 1.0
1580.0497786969743 5.0 0.0 1546.0 154.6 2522.773853679379 252.27738536793794 9.0 9.0 0.0 5.0 1.0
1581.0342212362225 5.0 0.0 1546.0 154.6 2522.773853679379 252.27738536793794 9.0 9.0 0.0 5.0 1.0
1582.0497786969743 5.0 0.0 1546.0 154.6 2522.773853679379 252.27738536793794 9.0 9.0 0.0 5.0 1.0
1583.0342212362225 5.0 0.0 1546.0 154.6 2522.773853679379 252.27738536793794 9.0 9.0 0.0 5.0 1.0
1584.0497786969743 5.0 0.0 1546.0 154.6 2522.773853679379 252.27738536793794 9.0 9.0 0.0 5.0 1.0
1585.0342212362225 5.0 0.0 1546.0 154.6 2522.773853679379 252.27738536793794 9.0 9.0 0.0 5.0 1.0
1586.0497786969743 5.0 0.0 1546.0 154.6 2522.773853679379 252.27738536793794 9.0 9.0 0.0 5.0 1.0
1587.0342212362225 5.0 0.0 1546.0 154.6 2522.773853679379 252.27738536793794 9.0 9.0 0.0 5.0 1.0
1588.0497786969743 5.0 0.0 1546.0 154.6 2522.773853679379 252.27738536793794 9.0 9.0 0.0 5.0 1.0
1589.0342212362225 5.0 0.0 1546.0 154.6 2522.773853679379 252.27738536793794 9.0 9.0 0.0 5.0 1.0
1590.0497786969743 5.0 0.0 1546.0 154.6 2522.773853679379 252.27738536793794 9.0 9.0 0.0 5.0 1.0
1591.0342212362225 5.0 0.0 1546.0 154.6 2522.773853679379 252.27738536793794 9.0 9.0 0.0 5.0 1.0
1592.0497786969743 5.0 0.0 1546.0 154.6 2522.773853679379 252.27738536793794 9.0 9.0 0.0 5.0 1.0
1593.0342212362225 5.0 0.0 1546.0 154.6 2522.773853679379 252.27738536793794 9.0 9.0 0.0 5.0 1.0
1594.0497786969743 5.0 0.0 1546.0 154.6 2522.773853679379 252.27738536793794 9.0 9.0 0.0 5.0 1.0
1595.0342212362225 5.0 0.0 1546.0 154.6 2522.773853679379 252.27738536793794 9.0 9.0 0.0 5.0 1.0
1596.0497786969743 5.0 0.0 1546.0 154.6 2522.773853679379 252.27738536793794 9.0 9.0 0.0 5.0 1.0
1597.0342212362225 5.0 0.0 1546.0 154.6 2522.773853679379 252.27738536793794 9.0 9.0 0.0 5.0 1.0
1598.0497786969743 5.0 0.0 1546.0 154.6 2522.773853679379 252.27738536793794 9.0 9.0 0.0 5.0 1.0
1599.0342212362225 5.0 0.0 1546.0 154.6 2522.773853679379 252.27738536793794 9.0 9.0 0.0 5.0 1.0
1600.0497786969743 5.0 0.0 1546.0 154.6 2522.773853679379 252.27738536793794 9.0 9.0 0.0 5.0 1.0
1601.0342212362225 5.0 0.0 1546.0 154.6 2522.773853679379 252.27738536793794 9.0 9.0 0.0 5.0 1.0
1602.0497786969743 5.0 0.0 1546.0 154.6 2522.773853679379 252.27738536793794 9.0 9.0 0.0 5.0 1.0
1603.0342212362225 5.0 0.0 1546.0 154.6 2522.773853679379 252.27738536793794 9.0 9.0 0.0 5.0 1.0
1604.0497786969743 5.0 0.0 1546.0 154.6 2522.773853679379 252.27738536793794 9.0 9.0 0.0 5.0 1.0
1605.0342212362225 5.0 0.0 1546.0 154.6 2522.773853679379 252.27738536793794 9.0 9.0 0.0 5.0 1.0
1606.0497786969743 5.0 0.0 1546.0 154.6 2522.773853679379 252.27738536793794 9.0 9.0 0.0 5.0 1.0
1607.0342212362225 5.0 0.0 1546.0 154.6 2522.773853679379 252.27738536793794 9.0 9.0 0.0 5.0 1.0
1608.0497786969743 5.0 0.0 1546.0 154.6 2522.773853679379 252.27738536793794 9.0 9.0 0.0 5.0 1.0
1609.0342212362225 5.0 0.0 1546.0 154.6 2522.773853679379 252.27738536793794 9.0 9.0 0.0 5.0 1.0
1610.0497786969743 5.0 0.0 1546.0 154.6 2522.773853679379 252.27738536793794 9.0 9.0 0.0 5.0 1.0
1611.0342212362225 5.0 0.0 1546.0 154.6 2522.773853679379 252.27738536793794 9.0 9.0 0.0 5.0 1.0
1612.0497786969743 5.0 0.0 1546.0 154.6 2522.773853679379 252.27738536793794 9.0 9.0 0.0 5.0 1.0
1613.0342212362225 5.0 0.0 1546.0 154.6 2522.773853679379 252.27738536793794 9.0 9.0 0.0 5.0 1.0
1614.0497786969743 5.0 0.0 1546.0 154.6 2522.773853679379 252.27738536793794 9.0 9.0 0.0 5.0 1.0
1615.0342212362225 5.0 0.0 1546.0 154.6 2522.773853679379 252.27738536793794 9.0 9.0 0.0 5.0 1.0
1616.0497786969743 5.0 0.0 1546.0 154.6 2522.773853679379 252.27738536793794 9.0 9.0 0.0 5.0 1.0
1617.0342212362225 5.0 0.0 1546.0 154.6 2522.773853679379 252.27738536793794 9.0 9.0 0.0 5.0 1.0
1618.0497786969743 5.0 0.0 1546.0 154.6 2522.773853679379 252.27738536793794 9.0 9.0 0.0 5.0 1.0
1619.0342212362225 5.0 0.0 1546.0 154.6 2522.773853679379 252.27738536793794 9.0 9.0 0.0 5.0 1.0
1620.0497786969743 5.0 0.0 1546.0 154.6 2522.773853679379 252.27738536793794 9.0 9.0 0.0 5.0 1.0
1621.0342212362225 5.0 0.0 1546.0 154.6 2522.773853679379 252.27738536793794 9.0 9.0 0.0 5.0 1.0
1622.0497786969743 5.0 0.0 1546.0 154.6 2522.773853679379 252.27738536793794 9.0 9.0 0.0 5.0 1.0
1623.0342212362225 5.0 0.0 1546.0 154.6 2522.773853679379 252.27738536793794 9.0 9.0 0.0 5.0 1.0
1624.0497786969743 5.0 0.0 1546.0 154.6 2522.773853679379 252.27738536793794 9.0 9.0 0.0 5.0 1.0
1625.0342212362225 5.0 0.0 1546.0 154.6 2522.773853679379 252.27738536793794 9.0 9.0 0.0 5.0 1.0
1626.0497786969743 5.0 0.0 1546.0 154.6 2522.773853679379 252.27738536793794 9.0 9.0 0.0 5.0 1.0
1627.0342212362225 5.0 0.0 1546.0 154.6 2522.773853679379 252.27738536793794 9.0 9.0 0.0 5.0 1.0
1628.0497786969743 5.0 0.0 1546.0 154.6 2522.773853679379 252.27738536793794 9.0 9.0 0.0 5.0 1.0
1629.0342212362225 5.0 0.0 1546.0 154.6 2522.773853679379 252.27738536793794 9.0 9.0 0.0 5.0 1.0
1630.0497786969743 5.0 0.0 1546.0 154.6 2522.773853679379 252.27738536793794 9.0 9.0 0.0 5.0 1.0
1631.0342212362225 5.0 0.0 1546.0 154.6 2522.773853679379 252.27738536793794 9.0 9.0 0.0 5.0 1.0
1632.0497786969743 5.0 0.0 1546.0 154.6 2522.773853679379 252.27738536793794 9.0 9.0 0.0 5.0 1.0
1633.0342212362225 5.0 0.0 1546.0 154.6 2522.773853679379 252.27738536793794 9.0 9.0 0.0 5.0 1.0
1634.0497786969743 5.0 0.0 1546.0 154.6 2522.773853679379 252.27738536793794 9.0 9.0 0.0 5.0 1.0
1635.0342212362225 5.0 0.0 1546.0 154.6 2522.773853679379 252.27738536793794 9.0 9.0 0.0 5.0 1.0
1636.0497786969743 5.0 0.0 1546.0 154.6 2522.773853679379 252.27738536793794 9.0 9.0 0.0 5.0 1.0
1637.0342212362225 5.0 0.0 1546.0 154.6 2522.773853679379 252.27738536793794 9.0 9.0 0.0 5.0 1.0
1638.0497786969743 5.0 0.0 1546.0 154.6 2522.773853679379 252.27738536793794 9.0 9.0 0.0 5.0 1.0
1639.0342212362225 5.0 0.0 1546.0 154.6 2522.773853679379 252.27738536793794 9.0 9.0 0.0 5.0 1.0
1640.0497786969743 5.0 0.0 1546.0 154.6 2522.773853679379 252.27738536793794 9.0 9.0 0.0 5.0 1.0
1641.0342212362225 5.0 0.0 1546.0 154.6 2522.773853679379 252.27738536793794 9.0 9.0 0.0 5.0 1.0
1642.0497786969743 5.0 0.0 1546.0 154.6 2522.773853679379 252.27738536793794 9.0 9.0 0.0 5.0 1.0
1643.0342212362225 5.0 0.0 1546.0 154.6 2522.773853679379 252.27738536793794 9.0 9.0 0.0 5.0 1.0
1644.0497786969743 5.0 0.0 1546.0 154.6 2522.773853679379 252.27738536793794 9.0 9.0 0.0 5.0 1.0
1645.0342212362225 5.0 0.0 1546.0 154.6 2522.773853679379 252.27738536793794 9.0 9.0 0.0 5.0 1.0
1646.0497786969743 5.0 0.0 1546.0 154.6 2522.773853679379 252.27738536793794 9.0 9.0 0.0 5.0 1.0
1647.0342212362225 5.0 0.0 1546.0 154.6 2522.773853679379 252.27738536793794 9.0 9.0 0.0 5.0 1.0
1648.0497786969743 5.0 0.0 1546.0 154.6 2522.773853679379 252.27738536793794 9.0 9.0 0.0 5.0 1.0
1649.0342212362225 5.0 0.0 1546.0 154.6 2522.773853679379 252.27738536793794 9.0 9.0 0.0 5.0 1.0
1650.0497786969743 5.0 0.0 1546.0 154.6 2522.773853679379 252.27738536793794 9.0 9.0 0.0 5.0 1.0
1651.0342212362225 5.0 0.0 1546.0 154.6 2522.773853679379 252.27738536793794 9.0 9.0 0.0 5.0 1.0
1652.0497786969743 5.0 0.0 1546.0 154.6 2522.773853679379 252.27738536793794 9.0 9.0 0.0 5.0 1.0
1653.0342212362225 5.0 0.0 1546.0 154.6 2522.773853679379 252.27738536793794 9.0 9.0 0.0 5.0 1.0
1654.0497786969743 5.0 0.0 1546.0 154.6 2522.773853679379 252.27738536793794 9.0 9.0 0.0 5.0 1.0
1655.0342212362225 5.0 0.0 1546.0 154.6 2522.773853679379 252.27738536793794 9.0 9.0 0.0 5.0 1.0
1656.0497786969743 5.0 0.0 1546.0 154.6 2522.773853679379 252.27738536793794 9.0 9.0 0.0 5.0 1.0
1657.0342212362225 5.0 0.0 1546.0 154.6 2522.773853679379 252.27738536793794 9.0 9.0 0.0 5.0 1.0
1658.0497786969743 5.0 0.0 1546.0 154.6 2522.773853679379 252.27738536793794 9.0 9.0 0.0 5.0 1.0
1659.0342212362225 5.0 0.0 1546.0 154.6 2522.773853679379 252.27738536793794 9.0 9.0 0.0 5.0 1.0
1660.0497786969743 5.0 0.0 1546.0 154.6 2522.773853679379 252.27738536793794 9.0 9.0 0.0 5.0 1.0
1661.0342212362225 5.0 0.0 1546.0 154.6 2522.773853679379 252.27738536793794 9.0 9.0 0.0 5.0 1.0
1662.0497786969743 5.0 0.0 1546.0 154.6 2522.773853679379 252.27738536793794 9.0 9.0 0.0 5.0 1.0
1663.0342212362225 5.0 0.0 1546.0 154.6 2522.773853679379 252.27738536793794 9.0 9.0 0.0 5.0 1.0
1664.0497786969743 5.0 0.0 1546.0 154.6 2522.773853679379 252.27738536793794 9.0 9.0 0.0 5.0 1.0
1665.0342212362225 5.0 0.0 1546.0 154.6 2522.773853679379 252.27738536793794 9.0 9.0 0.0 5.0 1.0
1666.0497786969743 5.0 0.0 1546.0 154.6 2522.773853679379 252.27738536793794 9.0 9.0 0.0 5.0 1.0
1667.0342212362225 5.0 0.0 1546.0 154.6 2522.773853679379 252.27738536793794 9.0 9.0 0.0 5.0 1.0
1668.0497786969743 5.0 0.0 1546.0 154.6 2522.773853679379 252.27738536793794 9.0 9.0 0.0 5.0 1.0
1669.0342212362225 5.0 0.0 1546.0 154.6 2522.773853679379 252.27738536793794 9.0 9.0 0.0 5.0 1.0
1670.0497786969743 5.0 0.0 1546.0 154.6 2522.773853679379 252.27738536793794 9.0 9.0 0.0 5.0 1.0
1671.0342212362225 5.0 0.0 1546.0 154.6 2522.773853679379 252.27738536793794 9.0 9.0 0.0 5.0 1.0
1672.0497786969743 5.0 0.0 1546.0 154.6 2522.773853679379 252.27738536793794 9.0 9.0 0.0 5.0 1.0
1673.0342212362225 5.0 0.0 1546.0 154.6 2522.773853679379 252.27738536793794 9.0 9.0 0.0 5.0 1.0
1674.0497786969743 5.0 0.0 1546.0 154.6 2522.773853679379 252.27738536793794 9.0 9.0 0.0 5.0 1.0
1675.0342212362225 5.0 0.0 1546.0 154.6 2522.773853679379 252.27738536793794 9.0 9.0 0.0 5.0 1.0
1676.0497786969743 5.0 0.0 1546.0 154.6 2522.773853679379 252.27738536793794 9.0 9.0 0.0 5.0 1.0
1677.0342212362225 5.0 0.0 1546.0 154.6 2522.773853679379 252.27738536793794 9.0 9.0 0.0 5.0 1.0
1678.0497786969743 5.0 0.0 1546.0 154.6 2522.773853679379 252.27738536793794 9.0 9.0 0.0 5.0 1.0
1679.0342212362225 5.0 0.0 1546.0 154.6 2522.773853679379 252.27738536793794 9.0 9.0 0.0 5.0 1.0
1680.0497786969743 5.0 0.0 1546.0 154.6 2522.773853679379 252.27738536793794 9.0 9.0 0.0 5.0 1.0
1681.0342212362225 5.0 0.0 1546.0 154.6 2522.773853679379 252.27738536793794 9.0 9.0 0.0 5.0 1.0
1682.0497786969743 5.0 0.0 1546.0 154.6 2522.773853679379 252.27738536793794 9.0 9.0 0.0 5.0 1.0
1683.0342212362225 5.0 0.0 1546.0 154.6 2522.773853679379 252.27738536793794 9.0 9.0 0.0 5.0 1.0
1684.0497786969743 5.0 0.0 1546.0 154.6 2522.773853679379 252.27738536793794 9.0 9.0 0.0 5.0 1.0
1685.0342212362225 5.0 0.0 1546.0 154.6 2522.773853679379 252.27738536793794 9.0 9.0 0.0 5.0 1.0
1686.0497786969743 5.0 0.0 1546.0 154.6 2522.773853679379 252.27738536793794 9.0 9.0 0.0 5.0 1.0
1687.0342212362225 5.0 0.0 1546.0 154.6 2522.773853679379 252.27738536793794 9.0 9.0 0.0 5.0 1.0
1688.0497786969743 5.0 0.0 1546.0 154.6 2522.773853679379 252.27738536793794 9.0 9.0 0.0 5.0 1.0
1689.0342212362225 5.0 0.0 1546.0 154.6 2522.773853679379 252.27738536793794 9.0 9.0 0.0 5.0 1.0
1690.0497786969743 5.0 0.0 1546.0 154.6 2522.773853679379 252.27738536793794 9.0 9.0 0.0 5.0 1.0
1691.0342212362225 5.0 0.0 1546.0 154.6 2522.773853679379 252.27738536793794 9.0 9.0 0.0 5.0 1.0
1692.0497786969743 5.0 0.0 1546.0 154.6 2522.773853679379 252.27738536793794 9.0 9.0 0.0 5.0 1.0
1693.0342212362225 5.0 0.0 1546.0 154.6 2522.773853679379 252.27738536793794 9.0 9.0 0.0 5.0 1.0
1694.0497786969743 5.0 0.0 1546.0 154.6 2522.773853679379 252.27738536793794 9.0 9.0 0.0 5.0 1.0
1695.0342212362225 5.0 0.0 1546.0 154.6 2522.773853679379 252.27738536793794 9.0 9.0 0.0 5.0 1.0
1696.0497786969743 5.0 0.0 1546.0 154.6 2522.773853679379 252.27738536793794 9.0 9.0 0.0 5.0 1.0
1697.0342212362225 5.0 0.0 1546.0 154.6 2522.773853679379 252.27738536793794 9.0 9.0 0.0 5.0 1.0
1698.0497786969743 5.0 0.0 1546.0 154.6 2522.773853679379 252.27738536793794 9.0 9.0 0.0 5.0 1.0
1699.0342212362225 5.0 0.0 1546.0 154.6 2522.773853679379 252.27738536793794 9.0 9.0 0.0 5.0 1.0
1700.0497786969743 5.0 0.0 1546.0 154.6 2522.773853679379 252.27738536793794 9.0 9.0 0.0 5.0 1.0
1701.0342212362225 5.0 0.0 1546.0 154.6 2522.773853679379 252.27738536793794 9.0 9.0 0.0 5.0 1.0
1702.0497786969743 5.0 0.0 1546.0 154.6 2522.773853679379 252.27738536793794 9.0 9.0 0.0 5.0 1.0
1703.0342212362225 5.0 0.0 1546.0 154.6 2522.773853679379 252.27738536793794 9.0 9.0 0.0 5.0 1.0
1704.0497786969743 5.0 0.0 1546.0 154.6 2522.773853679379 252.27738536793794 9.0 9.0 0.0 5.0 1.0
1705.0342212362225 5.0 0.0 1546.0 154.6 2522.773853679379 252.27738536793794 9.0 9.0 0.0 5.0 1.0
1706.0497786969743 5.0 0.0 1546.0 154.6 2522.773853679379 252.27738536793794 9.0 9.0 0.0 5.0 1.0
1707.0342212362225 5.0 0.0 1546.0 154.6 2522.773853679379 252.27738536793794 9.0 9.0 0.0 5.0 1.0
1708.0497786969743 5.0 0.0 1546.0 154.6 2522.773853679379 252.27738536793794 9.0 9.0 0.0 5.0 1.0
1709.0342212362225 5.0 0.0 1546.0 154.6 2522.773853679379 252.27738536793794 9.0 9.0 0.0 5.0 1.0
1710.0497786969743 5.0 0.0 1546.0 154.6 2522.773853679379 252.27738536793794 9.0 9.0 0.0 5.0 1.0
1711.0342212362225 5.0 0.0 1546.0 154.6 2522.773853679379 252.27738536793794 9.0 9.0 0.0 5.0 1.0
1712.0497786969743 5.0 0.0 1546.0 154.6 2522.773853679379 252.27738536793794 9.0 9.0 0.0 5.0 1.0
1713.0342212362225 5.0 0.0 1546.0 154.6 2522.773853679379 252.27738536793794 9.0 9.0 0.0 5.0 1.0
1714.0497786969743 5.0 0.0 1546.0 154.6 2522.773853679379 252.27738536793794 9.0 9.0 0.0 5.0 1.0
1715.0342212362225 5.0 0.0 1546.0 154.6 2522.773853679379 252.27738536793794 9.0 9.0 0.0 5.0 1.0
1716.0497786969743 5.0 0.0 1546.0 154.6 2522.773853679379 252.27738536793794 9.0 9.0 0.0 5.0 1.0
1717.0342212362225 5.0 0.0 1546.0 154.6 2522.773853679379 252.27738536793794 9.0 9.0 0.0 5.0 1.0
1718.0497786969743 5.0 0.0 1546.0 154.6 2522.773853679379 252.27738536793794 9.0 9.0 0.0 5.0 1.0
1719.0342212362225 5.0 0.0 1546.0 154.6 2522.773853679379 252.27738536793794 9.0 9.0 0.0 5.0 1.0
1720.0497786969743 5.0 0.0 1546.0 154.6 2522.773853679379 252.27738536793794 9.0 9.0 0.0 5.0 1.0
1721.0342212362225 5.0 0.0 1546.0 154.6 2522.773853679379 252.27738536793794 9.0 9.0 0.0 5.0 1.0
1722.0497786969743 5.0 0.0 1546.0 154.6 2522.773853679379 252.27738536793794 9.0 9.0 0.0 5.0 1.0
1723.0342212362225 5.0 0.0 1546.0 154.6 2522.773853679379 252.27738536793794 9.0 9.0 0.0 5.0 1.0
1724.0497786969743 5.0 0.0 1546.0 154.6 2522.773853679379 252.27738536793794 9.0 9.0 0.0 5.0 1.0
1725.0342212362225 5.0 0.0 1546.0 154.6 2522.773853679379 252.27738536793794 9.0 9.0 0.0 5.0 1.0
1726.0497786969743 5.0 0.0 1546.0 154.6 2522.773853679379 252.27738536793794 9.0 9.0 0.0 5.0 1.0
1727.0342212362225 5.0 0.0 1546.0 154.6 2522.773853679379 252.27738536793794 9.0 9.0 0.0 5.0 1.0
1728.0497786969743 5.0 0.0 1546.0 154.6 2522.773853679379 252.27738536793794 9.0 9.0 0.0 5.0 1.0
1729.0342212362225 5.0 0.0 1546.0 154.6 2522.773853679379 252.27738536793794 9.0 9.0 0.0 5.0 1.0
1730.0497786969743 5.0 0.0 1546.0 154.6 2522.773853679379 252.27738536793794 9.0 9.0 0.0 5.0 1.0
1731.0342212362225 5.0 0.0 1546.0 154.6 2522.773853679379 252.27738536793794 9.0 9.0 0.0 5.0 1.0
1732.0497786969743 5.0 0.0 1546.0 154.6 2522.773853679379 252.27738536793794 9.0 9.0 0.0 5.0 1.0
1733.0342212362225 5.0 0.0 1546.0 154.6 2522.773853679379 252.27738536793794 9.0 9.0 0.0 5.0 1.0
1734.0497786969743 5.0 0.0 1546.0 154.6 2522.773853679379 252.27738536793794 9.0 9.0 0.0 5.0 1.0
1735.0342212362225 5.0 0.0 1546.0 154.6 2522.773853679379 252.27738536793794 9.0 9.0 0.0 5.0 1.0
1736.0497786969743 5.0 0.0 1546.0 154.6 2522.773853679379 252.27738536793794 9.0 9.0 0.0 5.0 1.0
1737.0342212362225 5.0 0.0 1546.0 154.6 2522.773853679379 252.27738536793794 9.0 9.0 0.0 5.0 1.0
1738.0497786969743 5.0 0.0 1546.0 154.6 2522.773853679379 252.27738536793794 9.0 9.0 0.0 5.0 1.0
1739.0342212362225 5.0 0.0 1546.0 154.6 2522.773853679379 252.27738536793794 9.0 9.0 0.0 5.0 1.0
1740.0497786969743 5.0 0.0 1546.0 154.6 2522.773853679379 252.27738536793794 9.0 9.0 0.0 5.0 1.0
1741.0342212362225 5.0 0.0 1546.0 154.6 2522.773853679379 252.27738536793794 9.0 9.0 0.0 5.0 1.0
1742.0497786969743 5.0 0.0 1546.0 154.6 2522.773853679379 252.27738536793794 9.0 9.0 0.0 5.0 1.0
1743.0342212362225 5.0 0.0 1546.0 154.6 2522.773853679379 252.27738536793794 9.0 9.0 0.0 5.0 1.0
1744.0497786969743 5.0 0.0 1546.0 154.6 2522.773853679379 252.27738536793794 9.0 9.0 0.0 5.0 1.0
1745.0342212362225 5.0 0.0 1546.0 154.6 2522.773853679379 252.27738536793794 9.0 9.0 0.0 5.0 1.0
1746.0497786969743 5.0 0.0 1546.0 154.6 2522.773853679379 252.27738536793794 9.0 9.0 0.0 5.0 1.0
1747.0342212362225 5.0 0.0 1546.0 154.6 2522.773853679379 252.27738536793794 9.0 9.0 0.0 5.0 1.0
1748.0497786969743 5.0 0.0 1546.0 154.6 2522.773853679379 252.27738536793794 9.0 9.0 0.0 5.0 1.0
1749.0342212362225 5.0 0.0 1546.0 154.6 2522.773853679379 252.27738536793794 9.0 9.0 0.0 5.0 1.0
1750.0497786969743 5.0 0.0 1546.0 154.6 2522.773853679379 252.27738536793794 9.0 9.0 0.0 5.0 1.0
1751.0342212362225 5.0 0.0 1546.0 154.6 2522.773853679379 252.27738536793794 9.0 9.0 0.0 5.0 1.0
1752.0497786969743 5.0 0.0 1546.0 154.6 2522.773853679379 252.27738536793794 9.0 9.0 0.0 5.0 1.0
1753.0342212362225 5.0 0.0 1546.0 154.6 2522.773853679379 252.27738536793794 9.0 9.0 0.0 5.0 1.0
1754.0497786969743 5.0 0.0 1546.0 154.6 2522.773853679379 252.27738536793794 9.0 9.0 0.0 5.0 1.0
1755.0342212362225 5.0 0.0 1546.0 154.6 2522.773853679379 252.27738536793794 9.0 9.0 0.0 5.0 1.0
1756.0497786969743 5.0 0.0 1546.0 154.6 2522.773853679379 252.27738536793794 9.0 9.0 0.0 5.0 1.0
1757.0342212362225 5.0 0.0 1546.0 154.6 2522.773853679379 252.27738536793794 9.0 9.0 0.0 5.0 1.0
1758.0497786969743 5.0 0.0 1546.0 154.6 2522.773853679379 252.27738536793794 9.0 9.0 0.0 5.0 1.0
1759.0342212362225 5.0 0.0 1546.0 154.6 2522.773853679379 252.27738536793794 9.0 9.0 0.0 5.0 1.0
1760.0497786969743 5.0 0.0 1546.0 154.6 2522.773853679379 252.27738536793794 9.0 9.0 0.0 5.0 1.0
1761.0342212362225 5.0 0.0 1546.0 154.6 2522.773853679379 252.27738536793794 9.0 9.0 0.0 5.0 1.0
1762.0497786969743 5.0 0.0 1546.0 154.6 2522.773853679379 252.27738536793794 9.0 9.0 0.0 5.0 1.0
1763.0342212362225 5.0 0.0 1546.0 154.6 2522.773853679379 252.27738536793794 9.0 9.0 0.0 5.0 1.0
1764.0497786969743 5.0 0.0 1546.0 154.6 2522.773853679379 252.27738536793794 9.0 9.0 0.0 5.0 1.0
1765.0342212362225 5.0 0.0 1546.0 154.6 2522.773853679379 252.27738536793794 9.0 9.0 0.0 5.0 1.0
1766.0497786969743 5.0 0.0 1546.0 154.6 2522.773853679379 252.27738536793794 9.0 9.0 0.0 5.0 1.0
1767.0342212362225 5.0 0.0 1546.0 154.6 2522.773853679379 252.27738536793794 9.0 9.0 0.0 5.0 1.0
1768.0497786969743 5.0 0.0 1546.0 154.6 2522.773853679379 252.27738536793794 9.0 9.0 0.0 5.0 1.0
1769.0342212362225 5.0 0.0 1546.0 154.6 2522.773853679379 252.27738536793794 9.0 9.0 0.0 5.0 1.0
1770.0497786969743 5.0 0.0 1546.0 154.6 2522.773853679379 252.27738536793794 9.0 9.0 0.0 5.0 1.0
1771.0342212362225 5.0 0.0 1546.0 154.6 2522.773853679379 252.27738536793794 9.0 9.0 0.0 5.0 1.0
1772.0497786969743 5.0 0.0 1546.0 154.6 2522.773853679379 252.27738536793794 9.0 9.0 0.0 5.0 1.0
1773.0342212362225 5.0 0.0 1546.0 154.6 2522.773853679379 252.27738536793794 9.0 9.0 0.0 5.0 1.0
1774.0497786969743 5.0 0.0 1546.0 154.6 2522.773853679379 252.27738536793794 9.0 9.0 0.0 5.0 1.0
1775.0342212362225 5.0 0.0 1546.0 154.6 2522.773853679379 252.27738536793794 9.0 9.0 0.0 5.0 1.0
1776.0497786969743 5.0 0.0 1546.0 154.6 2522.773853679379 252.27738536793794 9.0 9.0 0.0 5.0 1.0
1777.0342212362225 5.0 0.0 1546.0 154.6 2522.773853679379 252.27738536793794 9.0 9.0 0.0 5.0 1.0
1778.0497786969743 5.0 0.0 1546.0 154.6 2522.773853679379 252.27738536793794 9.0 9.0 0.0 5.0 1.0
1779.0342212362225 5.0 0.0 1546.0 154.6 2522.773853679379 252.27738536793794 9.0 9.0 0.0 5.0 1.0
1780.0497786969743 5.0 0.0 1546.0 154.6 2522.773853679379 252.27738536793794 9.0 9.0 0.0 5.0 1.0
1781.0342212362225 5.0 0.0 1546.0 154.6 2522.773853679379 252.27738536793794 9.0 9.0 0.0 5.0 1.0
1782.0497786969743 5.0 0.0 1546.0 154.6 2522.773853679379 252.27738536793794 9.0 9.0 0.0 5.0 1.0
1783.0342212362225 5.0 0.0 1546.0 154.6 2522.773853679379 252.27738536793794 9.0 9.0 0.0 5.0 1.0
1784.0497786969743 5.0 0.0 1546.0 154.6 2522.773853679379 252.27738536793794 9.0 9.0 0.0 5.0 1.0
1785.0342212362225 5.0 0.0 1546.0 154.6 2522.773853679379 252.27738536793794 9.0 9.0 0.0 5.0 1.0
1786.0497786969743 5.0 0.0 1546.0 154.6 2522.773853679379 252.27738536793794 9.0 9.0 0.0 5.0 1.0
1787.0342212362225 5.0 0.0 1546.0 154.6 2522.773853679379 252.27738536793794 9.0 9.0 0.0 5.0 1.0
1788.0497786969743 5.0 0.0 1546.0 154.6 2522.773853679379 252.27738536793794 9.0 9.0 0.0 5.0 1.0
1789.0342212362225 5.0 0.0 1546.0 154.6 2522.773853679379 252.27738536793794 9.0 9.0 0.0 5.0 1.0
1790.0497786969743 5.0 0.0 1546.0 154.6 2522.773853679379 252.27738536793794 9.0 9.0 0.0 5.0 1.0
1791.0342212362225 5.0 0.0 1546.0 154.6 2522.773853679379 252.27738536793794 9.0 9.0 0.0 5.0 1.0
1792.0497786969743 5.0 0.0 1546.0 154.6 2522.773853679379 252.27738536793794 9.0 9.0 0.0 5.0 1.0
1793.0342212362225 5.0 0.0 1546.0 154.6 2522.773853679379 252.27738536793794 9.0 9.0 0.0 5.0 1.0
1794.0497786969743 5.0 0.0 1546.0 154.6 2522.773853679379 252.27738536793794 9.0 9.0 0.0 5.0 1.0
1795.0342212362225 5.0 0.0 1546.0 154.6 2522.773853679379 252.27738536793794 9.0 9.0 0.0 5.0 1.0
1796.0497786969743 5.0 0.0 1546.0 154.6 2522.773853679379 252.27738536793794 9.0 9.0 0.0 5.0 1.0
1797.0342212362225 5.0 0.0 1546.0 154.6 2522.773853679379 252.27738536793794 9.0 9.0 0.0 5.0 1.0
1798.0497786969743 5.0 0.0 1546.0 154.6 2522.773853679379 252.27738536793794 9.0 9.0 0.0 5.0 1.0
1799.0342212362225 5.0 0.0 1546.0 154.6 2522.773853679379 252.27738536793794 9.0 9.0 0.0 5.0 1.0
1800.0497786969743 5.0 0.0 1546.0 154.6 2522.773853679379 252.27738536793794 9.0 9.0 0.0 5.0 1.0
1801.0342212362225 5.0 0.0 1546.0 154.6 2522.773853679379 252.27738536793794 9.0 9.0 0.0 5.0 1.0
1802.0497786969743 5.0 0.0 1546.0 154.6 2522.773853679379 252.27738536793794 9.0 9.0 0.0 5.0 1.0
1803.0342212362225 5.0 0.0 1546.0 154.6 2522.773853679379 252.27738536793794 9.0 9.0 0.0 5.0 1.0
1804.0497786969743 5.0 0.0 1546.0 154.6 2522.773853679379 252.27738536793794 9.0 9.0 0.0 5.0 1.0
1805.0342212362225 5.0 0.0 1546.0 154.6 2522.773853679379 252.27738536793794 9.0 9.0 0.0 5.0 1.0
1806.0497786969743 5.0 0.0 1546.0 154.6 2522.773853679379 252.27738536793794 9.0 9.0 0.0 5.0 1.0
1807.0342212362225 5.0 0.0 1546.0 154.6 2522.773853679379 252.27738536793794 9.0 9.0 0.0 5.0 1.0
1808.0497786969743 5.0 0.0 1546.0 154.6 2522.773853679379 252.27738536793794 9.0 9.0 0.0 5.0 1.0
1809.0342212362225 5.0 0.0 1546.0 154.6 2522.773853679379 252.27738536793794 9.0 9.0 0.0 5.0 1.0
1810.0497786969743 5.0 0.0 1546.0 154.6 2522.773853679379 252.27738536793794 9.0 9.0 0.0 5.0 1.0
1811.0342212362225 5.0 0.0 1546.0 154.6 2522.773853679379 252.27738536793794 9.0 9.0 0.0 5.0 1.0
1812.0497786969743 5.0 0.0 1546.0 154.6 2522.773853679379 252.27738536793794 9.0 9.0 0.0 5.0 1.0
1813.0342212362225 5.0 0.0 1546.0 154.6 2522.773853679379 252.27738536793794 9.0 9.0 0.0 5.0 1.0
1814.0497786969743 5.0 0.0 1546.0 154.6 2522.773853679379 252.27738536793794 9.0 9.0 0.0 5.0 1.0
1815.0342212362225 5.0 0.0 1546.0 154.6 2522.773853679379 252.27738536793794 9.0 9.0 0.0 5.0 1.0
1816.0497786969743 5.0 0.0 1546.0 154.6 2522.773853679379 252.27738536793794 9.0 9.0 0.0 5.0 1.0
1817.0342212362225 5.0 0.0 1546.0 154.6 2522.773853679379 252.27738536793794 9.0 9.0 0.0 5.0 1.0
1818.0497786969743 5.0 0.0 1546.0 154.6 2522.773853679379 252.27738536793794 9.0 9.0 0.0 5.0 1.0
1819.0342212362225 5.0 0.0 1546.0 154.6 2522.773853679379 252.27738536793794 9.0 9.0 0.0 5.0 1.0
1820.0497786969743 5.0 0.0 1546.0 154.6 2522.773853679379 252.27738536793794 9.0 9.0 0.0 5.0 1.0
1821.0342212362225 5.0 0.0 1546.0 154.6 2522.773853679379 252.27738536793794 9.0 9.0 0.0 5.0 1.0
1822.0497786969743 5.0 0.0 1546.0 154.6 2522.773853679379 252.27738536793794 9.0 9.0 0.0 5.0 1.0
1823.0342212362225 5.0 0.0 1546.0 154.6 2522.773853679379 252.27738536793794 9.0 9.0 0.0 5.0 1.0
1824.0497786969743 5.0 0.0 1546.0 154.6 2522.773853679379 252.27738536793794 9.0 9.0 0.0 5.0 1.0
1825.0342212362225 5.0 0.0 1546.0 154.6 2522.773853679379 252.27738536793794 9.0 9.0 0.0 5.0 1.0
1826.0497786969743 5.0 0.0 1546.0 154.6 2522.773853679379 252.27738536793794 9.0 9.0 0.0 5.0 1.0
1827.0342212362225 5.0 0.0 1546.0 154.6 2522.773853679379 252.27738536793794 9.0 9.0 0.0 5.0 1.0
1828.0497786969743 5.0 0.0 1546.0 154.6 2522.773853679379 252.27738536793794 9.0 9.0 0.0 5.0 1.0
1829.0342212362225 5.0 0.0 1546.0 154.6 2522.773853679379 252.27738536793794 9.0 9.0 0.0 5.0 1.0
1830.0497786969743 5.0 0.0 1546.0 154.6 2522.773853679379 252.27738536793794 9.0 9.0 0.0 5.0 1.0
1831.0342212362225 5.0 0.0 1546.0 154.6 2522.773853679379 252.27738536793794 9.0 9.0 0.0 5.0 1.0
1832.0497786969743 5.0 0.0 1546.0 154.6 2522.773853679379 252.27738536793794 9.0 9.0 0.0 5.0 1.0
1833.0342212362225 5.0 0.0 1546.0 154.6 2522.773853679379 252.27738536793794 9.0 9.0 0.0 5.0 1.0
1834.0497786969743 5.0 0.0 1546.0 154.6 2522.773853679379 252.27738536793794 9.0 9.0 0.0 5.0 1.0
1835.0342212362225 5.0 0.0 1546.0 154.6 2522.773853679379 252.27738536793794 9.0 9.0 0.0 5.0 1.0
1836.0497786969743 5.0 0.0 1546.0 154.6 2522.773853679379 252.27738536793794 9.0 9.0 0.0 5.0 1.0
1837.0342212362225 5.0 0.0 1546.0 154.6 2522.773853679379 252.27738536793794 9.0 9.0 0.0 5.0 1.0
1838.0497786969743 5.0 0.0 1546.0 154.6 2522.773853679379 252.27738536793794 9.0 9.0 0.0 5.0 1.0
1839.0342212362225 5.0 0.0 1546.0 154.6 2522.773853679379 252.27738536793794 9.0 9.0 0.0 5.0 1.0
1840.0497786969743 5.0 0.0 1546.0 154.6 2522.773853679379 252.27738536793794 9.0 9.0 0.0 5.0 1.0
1841.0342212362225 5.0 0.0 1546.0 154.6 2522.773853679379 252.27738536793794 9.0 9.0 0.0 5.0 1.0
1842.0497786969743 5.0 0.0 1546.0 154.6 2522.773853679379 252.27738536793794 9.0 9.0 0.0 5.0 1.0
1843.0342212362225 5.0 0.0 1546.0 154.6 2522.773853679379 252.27738536793794 9.0 9.0 0.0 5.0 1.0
1844.0497786969743 5.0 0.0 1546.0 154.6 2522.773853679379 252.27738536793794 9.0 9.0 0.0 5.0 1.0
1845.0342212362225 5.0 0.0 1546.0 154.6 2522.773853679379 252.27738536793794 9.0 9.0 0.0 5.0 1.0
1846.0497786969743 5.0 0.0 1546.0 154.6 2522.773853679379 252.27738536793794 9.0 9.0 0.0 5.0 1.0
1847.0342212362225 5.0 0.0 1546.0 154.6 2522.773853679379 252.27738536793794 9.0 9.0 0.0 5.0 1.0
1848.0497786969743 5.0 0.0 1546.0 154.6 2522.773853679379 252.27738536793794 9.0 9.0 0.0 5.0 1.0
1849.0342212362225 5.0 0.0 1546.0 154.6 2522.773853679379 252.27738536793794 9.0 9.0 0.0 5.0 1.0
1850.0497786969743 5.0 0.0 1546.0 154.6 2522.773853679379 252.27738536793794 9.0 9.0 0.0 5.0 1.0
1851.0342212362225 5.0 0.0 1546.0 154.6 2522.773853679379 252.27738536793794 9.0 9.0 0.0 5.0 1.0
1852.0497786969743 5.0 0.0 1546.0 154.6 2522.773853679379 252.27738536793794 9.0 9.0 0.0 5.0 1.0
1853.0342212362225 5.0 0.0 1546.0 154.6 2522.773853679379 252.27738536793794 9.0 9.0 0.0 5.0 1.0
1854.0497786969743 5.0 0.0 1546.0 154.6 2522.773853679379 252.27738536793794 9.0 9.0 0.0 5.0 1.0
1855.0342212362225 5.0 0.0 1546.0 154.6 2522.773853679379 252.27738536793794 9.0 9.0 0.0 5.0 1.0
1856.0497786969743 5.0 0.0 1546.0 154.6 2522.773853679379 252.27738536793794 9.0 9.0 0.0 5.0 1.0
1857.0342212362225 5.0 0.0 1546.0 154.6 2522.773853679379 252.27738536793794 9.0 9.0 0.0 5.0 1.0
1858.0497786969743 5.0 0.0 1546.0 154.6 2522.773853679379 252.27738536793794 9.0 9.0 0.0 5.0 1.0
1859.0342212362225 5.0 0.0 1546.0 154.6 2522.773853679379 252.27738536793794 9.0 9.0 0.0 5.0 1.0
1860.0497786969743 5.0 0.0 1546.0 154.6 2522.773853679379 252.27738536793794 9.0 9.0 0.0 5.0 1.0
1861.0342212362225 5.0 0.0 1546.0 154.6 2522.773853679379 252.27738536793794 9.0 9.0 0.0 5.0 1.0
1862.0497786969743 5.0 0.0 1546.0 154.6 2522.773853679379 252.27738536793794 9.0 9.0 0.0 5.0 1.0
1863.0342212362225 5.0 0.0 1546.0 154.6 2522.773853679379 252.27738536793794 9.0 9.0 0.0 5.0 1.0
1864.0497786969743 5.0 0.0 1546.0 154.6 2522.773853679379 252.27738536793794 9.0 9.0 0.0 5.0 1.0
1865.0342212362225 5.0 0.0 1546.0 154.6 2522.773853679379 252.27738536793794 9.0 9.0 0.0 5.0 1.0
1866.0497786969743 5.0 0.0 1546.0 154.6 2522.773853679379 252.27738536793794 9.0 9.0 0.0 5.0 1.0
1867.0342212362225 5.0 0.0 1546.0 154.6 2522.773853679379 252.27738536793794 9.0 9.0 0.0 5.0 1.0
1868.0497786969743 5.0 0.0 1546.0 154.6 2522.773853679379 252.27738536793794 9.0 9.0 0.0 5.0 1.0
1869.0342212362225 5.0 0.0 1546.0 154.6 2522.773853679379 252.27738536793794 9.0 9.0 0.0 5.0 1.0
1870.0497786969743 5.0 0.0 1546.0 154.6 2522.773853679379 252.27738536793794 9.0 9.0 0.0 5.0 1.0
1871.0342212362225 5.0 0.0 1546.0 154.6 2522.773853679379 252.27738536793794 9.0 9.0 0.0 5.0 1.0
1872.0497786969743 5.0 0.0 1546.0 154.6 2522.773853679379 252.27738536793794 9.0 9.0 0.0 5.0 1.0
1873.0342212362225 5.0 0.0 1546.0 154.6 2522.773853679379 252.27738536793794 9.0 9.0 0.0 5.0 1.0
1874.0497786969743 5.0 0.0 1546.0 154.6 2522.773853679379 252.27738536793794 9.0 9.0 0.0 5.0 1.0
1875.0342212362225 5.0 0.0 1546.0 154.6 2522.773853679379 252.27738536793794 9.0 9.0 0.0 5.0 1.0
1876.0497786969743 5.0 0.0 1546.0 154.6 2522.773853679379 252.27738536793794 9.0 9.0 0.0 5.0 1.0
1877.0342212362225 5.0 0.0 1546.0 154.6 2522.773853679379 252.27738536793794 9.0 9.0 0.0 5.0 1.0
1878.0497786969743 5.0 0.0 1546.0 154.6 2522.773853679379 252.27738536793794 9.0 9.0 0.0 5.0 1.0
1879.0342212362225 5.0 0.0 1546.0 154.6 2522.773853679379 252.27738536793794 9.0 9.0 0.0 5.0 1.0
1880.0497786969743 5.0 0.0 1546.0 154.6 2522.773853679379 252.27738536793794 9.0 9.0 0.0 5.0 1.0
1881.0342212362225 5.0 0.0 1546.0 154.6 2522.773853679379 252.27738536793794 9.0 9.0 0.0 5.0 1.0
1882.0497786969743 5.0 0.0 1546.0 154.6 2522.773853679379 252.27738536793794 9.0 9.0 0.0 5.0 1.0
1883.0342212362225 5.0 0.0 1546.0 154.6 2522.773853679379 252.27738536793794 9.0 9.0 0.0 5.0 1.0
1884.0497786969743 5.0 0.0 1546.0 154.6 2522.773853679379 252.27738536793794 9.0 9.0 0.0 5.0 1.0
1885.0342212362225 5.0 0.0 1546.0 154.6 2522.773853679379 252.27738536793794 9.0 9.0 0.0 5.0 1.0
1886.0497786969743 5.0 0.0 1546.0 154.6 2522.773853679379 252.27738536793794 9.0 9.0 0.0 5.0 1.0
1887.0342212362225 5.0 0.0 1546.0 154.6 2522.773853679379 252.27738536793794 9.0 9.0 0.0 5.0 1.0
1888.0497786969743 5.0 0.0 1546.0 154.6 2522.773853679379 252.27738536793794 9.0 9.0 0.0 5.0 1.0
1889.0342212362225 5.0 0.0 1546.0 154.6 2522.773853679379 252.27738536793794 9.0 9.0 0.0 5.0 1.0
1890.0497786969743 5.0 0.0 1546.0 154.6 2522.773853679379 252.27738536793794 9.0 9.0 0.0 5.0 1.0
1891.0342212362225 5.0 0.0 1546.0 154.6 2522.773853679379 252.27738536793794 9.0 9.0 0.0 5.0 1.0
1892.0497786969743 5.0 0.0 1546.0 154.6 2522.773853679379 252.27738536793794 9.0 9.0 0.0 5.0 1.0
1893.0342212362225 5.0 0.0 1546.0 154.6 2522.773853679379 252.27738536793794 9.0 9.0 0.0 5.0 1.0
1894.0497786969743 5.0 0.0 1546.0 154.6 2522.773853679379 252.27738536793794 9.0 9.0 0.0 5.0 1.0
1895.0342212362225 5.0 0.0 1546.0 154.6 2522.773853679379 252.27738536793794 9.0 9.0 0.0 5.0 1.0
1896.0497786969743 5.0 0.0 1546.0 154.6 2522.773853679379 252.27738536793794 9.0 9.0 0.0 5.0 1.0
1897.0342212362225 5.0 0.0 1546.0 154.6 2522.773853679379 252.27738536793794 9.0 9.0 0.0 5.0 1.0
1898.0497786969743 5.0 0.0 1546.0 154.6 2522.773853679379 252.27738536793794 9.0 9.0 0.0 5.0 1.0
1899.0342212362225 5.0 0.0 1546.0 154.6 2522.773853679379 252.27738536793794 9.0 9.0 0.0 5.0 1.0
1900.0497786969743 5.0 0.0 1546.0 154.6 2522.773853679379 252.27738536793794 9.0 9.0 0.0 5.0 1.0
1901.0342212362225 5.0 0.0 1546.0 154.6 2522.773853679379 252.27738536793794 9.0 9.0 0.0 5.0 1.0
1902.0497786969743 5.0 0.0 1546.0 154.6 2522.773853679379 252.27738536793794 9.0 9.0 0.0 5.0 1.0
1903.0342212362225 5.0 0.0 1546.0 154.6 2522.773853679379 252.27738536793794 9.0 9.0 0.0 5.0 1.0
1904.0497786969743 5.0 0.0 1546.0 154.6 2522.773853679379 252.27738536793794 9.0 9.0 0.0 5.0 1.0
1905.0342212362225 5.0 0.0 1546.0 154.6 2522.773853679379 252.27738536793794 9.0 9.0 0.0 5.0 1.0
1906.0497786969743 5.0 0.0 1546.0 154.6 2522.773853679379 252.27738536793794 9.0 9.0 0.0 5.0 1.0
1907.0342212362225 5.0 0.0 1546.0 154.6 2522.773853679379 252.27738536793794 9.0 9.0 0.0 5.0 1.0
1908.0497786969743 5.0 0.0 1546.0 154.6 2522.773853679379 252.27738536793794 9.0 9.0 0.0 5.0 1.0
1909.0342212362225 5.0 0.0 1546.0 154.6 2522.773853679379 252.27738536793794 9.0 9.0 0.0 5.0 1.0
1910.0497786969743 5.0 0.0 1546.0 154.6 2522.773853679379 252.27738536793794 9.0 9.0 0.0 5.0 1.0
1911.0342212362225 5.0 0.0 1546.0 154.6 2522.773853679379 252.27738536793794 9.0 9.0 0.0 5.0 1.0
1912.0497786969743 5.0 0.0 1546.0 154.6 2522.773853679379 252.27738536793794 9.0 9.0 0.0 5.0 1.0
1913.0342212362225 5.0 0.0 1546.0 154.6 2522.773853679379 252.27738536793794 9.0 9.0 0.0 5.0 1.0
1914.0497786969743 5.0 0.0 1546.0 154.6 2522.773853679379 252.27738536793794 9.0 9.0 0.0 5.0 1.0
1915.0342212362225 5.0 0.0 1546.0 154.6 2522.773853679379 252.27738536793794 9.0 9.0 0.0 5.0 1.0
1916.0497786969743 5.0 0.0 1546.0 154.6 2522.773853679379 252.27738536793794 9.0 9.0 0.0 5.0 1.0
1917.0342212362225 5.0 0.0 1546.0 154.6 2522.773853679379 252.27738536793794 9.0 9.0 0.0 5.0 1.0
1918.0497786969743 5.0 0.0 1546.0 154.6 2522.773853679379 252.27738536793794 9.0 9.0 0.0 5.0 1.0
1919.0342212362225 5.0 0.0 1546.0 154.6 2522.773853679379 252.27738536793794 9.0 9.0 0.0 5.0 1.0
1920.0497786969743 5.0 0.0 1546.0 154.6 2522.773853679379 252.27738536793794 9.0 9.0 0.0 5.0 1.0
1921.0342212362225 5.0 0.0 1546.0 154.6 2522.773853679379 252.27738536793794 9.0 9.0 0.0 5.0 1.0
1922.0497786969743 5.0 0.0 1546.0 154.6 2522.773853679379 252.27738536793794 9.0 9.0 0.0 5.0 1.0
1923.0342212362225 5.0 0.0 1546.0 154.6 2522.773853679379 252.27738536793794 9.0 9.0 0.0 5.0 1.0
1924.0497786969743 5.0 0.0 1546.0 154.6 2522.773853679379 252.27738536793794 9.0 9.0 0.0 5.0 1.0
1925.0342212362225 5.0 0.0 1546.0 154.6 2522.773853679379 252.27738536793794 9.0 9.0 0.0 5.0 1.0
1926.0497786969743 5.0 0.0 1546.0 154.6 2522.773853679379 252.27738536793794 9.0 9.0 0.0 5.0 1.0
1927.0342212362225 5.0 0.0 1546.0 154.6 2522.773853679379 252.27738536793794 9.0 9.0 0.0 5.0 1.0
1928.0497786969743 5.0 0.0 1546.0 154.6 2522.773853679379 252.27738536793794 9.0 9.0 0.0 5.0 1.0
1929.0342212362225 5.0 0.0 1546.0 154.6 2522.773853679379 252.27738536793794 9.0 9.0 0.0 5.0 1.0
1930.0497786969743 5.0 0.0 1546.0 154.6 2522.773853679379 252.27738536793794 9.0 9.0 0.0 5.0 1.0
1931.0342212362225 5.0 0.0 1546.0 154.6 2522.773853679379 252.27738536793794 9.0 9.0 0.0 5.0 1.0
1932.0497786969743 5.0 0.0 1546.0 154.6 2522.773853679379 252.27738536793794 9.0 9.0 0.0 5.0 1.0
1933.0342212362225 5.0 0.0 1546.0 154.6 2522.773853679379 252.27738536793794 9.0 9.0 0.0 5.0 1.0
1934.0497786969743 5.0 0.0 1546.0 154.6 2522.773853679379 252.27738536793794 9.0 9.0 0.0 5.0 1.0
1935.0342212362225 5.0 0.0 1546.0 154.6 2522.773853679379 252.27738536793794 9.0 9.0 0.0 5.0 1.0
1936.0497786969743 5.0 0.0 1546.0 154.6 2522.773853679379 252.27738536793794 9.0 9.0 0.0 5.0 1.0
1937.0342212362225 5.0 0.0 1546.0 154.6 2522.773853679379 252.27738536793794 9.0 9.0 0.0 5.0 1.0
1938.0497786969743 5.0 0.0 1546.0 154.6 2522.773853679379 252.27738536793794 9.0 9.0 0.0 5.0 1.0
1939.0342212362225 5.0 0.0 1546.0 154.6 2522.773853679379 252.27738536793794 9.0 9.0 0.0 5.0 1.0
1940.0497786969743 5.0 0.0 1546.0 154.6 2522.773853679379 252.27738536793794 9.0 9.0 0.0 5.0 1.0
1941.0342212362225 5.0 0.0 1546.0 154.6 2522.773853679379 252.27738536793794 9.0 9.0 0.0 5.0 1.0
1942.0497786969743 5.0 0.0 1546.0 154.6 2522.773853679379 252.27738536793794 9.0 9.0 0.0 5.0 1.0
1943.0342212362225 5.0 0.0 1546.0 154.6 2522.773853679379 252.27738536793794 9.0 9.0 0.0 5.0 1.0
1944.0497786969743 5.0 0.0 1546.0 154.6 2522.773853679379 252.27738536793794 9.0 9.0 0.0 5.0 1.0
1945.0342212362225 5.0 0.0 1546.0 154.6 2522.773853679379 252.27738536793794 9.0 9.0 0.0 5.0 1.0
1946.0497786969743 5.0 0.0 1546.0 154.6 2522.773853679379 252.27738536793794 9.0 9.0 0.0 5.0 1.0
1947.0342212362225 5.0 0.0 1546.0 154.6 2522.773853679379 252.27738536793794 9.0 9.0 0.0 5.0 1.0
1948.0497786969743 5.0 0.0 1546.0 154.6 2522.773853679379 252.27738536793794 9.0 9.0 0.0 5.0 1.0
1949.0342212362225 5.0 0.0 1546.0 154.6 2522.773853679379 252.27738536793794 9.0 9.0 0.0 5.0 1.0
1950.0497786969743 5.0 0.0 1546.0 154.6 2522.773853679379 252.27738536793794 9.0 9.0 0.0 5.0 1.0
1951.0342212362225 5.0 0.0 1546.0 154.6 2522.773853679379 252.27738536793794 9.0 9.0 0.0 5.0 1.0
1952.0497786969743 5.0 0.0 1546.0 154.6 2522.773853679379 252.27738536793794 9.0 9.0 0.0 5.0 1.0
1953.0342212362225 5.0 0.0 1546.0 154.6 2522.773853679379 252.27738536793794 9.0 9.0 0.0 5.0 1.0
1954.0497786969743 5.0 0.0 1546.0 154.6 2522.773853679379 252.27738536793794 9.0 9.0 0.0 5.0 1.0
1955.0342212362225 5.0 0.0 1546.0 154.6 2522.773853679379 252.27738536793794 9.0 9.0 0.0 5.0 1.0
1956.0497786969743 5.0 0.0 1546.0 154.6 2522.773853679379 252.27738536793794 9.0 9.0 0.0 5.0 1.0
1957.0342212362225 5.0 0.0 1546.0 154.6 2522.773853679379 252.27738536793794 9.0 9.0 0.0 5.0 1.0
1958.0497786969743 5.0 0.0 1546.0 154.6 2522.773853679379 252.27738536793794 9.0 9.0 0.0 5.0 1.0
1959.0342212362225 5.0 0.0 1546.0 154.6 2522.773853679379 252.27738536793794 9.0 9.0 0.0 5.0 1.0
1960.0497786969743 5.0 0.0 1546.0 154.6 2522.773853679379 252.27738536793794 9.0 9.0 0.0 5.0 1.0
1961.0342212362225 5.0 0.0 1546.0 154.6 2522.773853679379 252.27738536793794 9.0 9.0 0.0 5.0 1.0
1962.0497786969743 5.0 0.0 1546.0 154.6 2522.773853679379 252.27738536793794 9.0 9.0 0.0 5.0 1.0
1963.0342212362225 5.0 0.0 1546.0 154.6 2522.773853679379 252.27738536793794 9.0 9.0 0.0 5.0 1.0
1964.0497786969743 5.0 0.0 1546.0 154.6 2522.773853679379 252.27738536793794 9.0 9.0 0.0 5.0 1.0
1965.0342212362225 5.0 0.0 1546.0 154.6 2522.773853679379 252.27738536793794 9.0 9.0 0.0 5.0 1.0
1966.0497786969743 5.0 0.0 1546.0 154.6 2522.773853679379 252.27738536793794 9.0 9.0 0.0 5.0 1.0
1967.0342212362225 5.0 0.0 1546.0 154.6 2522.773853679379 252.27738536793794 9.0 9.0 0.0 5.0 1.0
1968.0497786969743 5.0 0.0 1546.0 154.6 2522.773853679379 252.27738536793794 9.0 9.0 0.0 5.0 1.0
1969.0342212362225 5.0 0.0 1546.0 154.6 2522.773853679379 252.27738536793794 9.0 9.0 0.0 5.0 1.0
1970.0497786969743 5.0 0.0 1546.0 154.6 2522.773853679379 252.27738536793794 9.0 9.0 0.0 5.0 1.0
1971.0342212362225 5.0 0.0 1546.0 154.6 2522.773853679379 252.27738536793794 9.0 9.0 0.0 5.0 1.0
1972.0497786969743 5.0 0.0 1546.0 154.6 2522.773853679379 252.27738536793794 9.0 9.0 0.0 5.0 1.0
1973.0342212362225 5.0 0.0 1546.0 154.6 2522.773853679379 252.27738536793794 9.0 9.0 0.0 5.0 1.0
1974.0497786969743 5.0 0.0 1546.0 154.6 2522.773853679379 252.27738536793794 9.0 9.0 0.0 5.0 1.0
1975.0342212362225 5.0 0.0 1546.0 154.6 2522.773853679379 252.27738536793794 9.0 9.0 0.0 5.0 1.0
1976.0497786969743 5.0 0.0 1546.0 154.6 2522.773853679379 252.27738536793794 9.0 9.0 0.0 5.0 1.0
1977.0342212362225 5.0 0.0 1546.0 154.6 2522.773853679379 252.27738536793794 9.0 9.0 0.0 5.0 1.0
1978.0497786969743 5.0 0.0 1546.0 154.6 2522.773853679379 252.27738536793794 9.0 9.0 0.0 5.0 1.0
1979.0342212362225 5.0 0.0 1546.0 154.6 2522.773853679379 252.27738536793794 9.0 9.0 0.0 5.0 1.0
1980.0497786969743 5.0 0.0 1546.0 154.6 2522.773853679379 252.27738536793794 9.0 9.0 0.0 5.0 1.0
1981.0342212362225 5.0 0.0 1546.0 154.6 2522.773853679379 252.27738536793794 9.0 9.0 0.0 5.0 1.0
1982.0497786969743 5.0 0.0 1546.0 154.6 2522.773853679379 252.27738536793794 9.0 9.0 0.0 5.0 1.0
1983.0342212362225 5.0 0.0 1546.0 154.6 2522.773853679379 252.27738536793794 9.0 9.0 0.0 5.0 1.0
1984.0497786969743 5.0 0.0 1546.0 154.6 2522.773853679379 252.27738536793794 9.0 9.0 0.0 5.0 1.0
1985.0342212362225 5.0 0.0 1546.0 154.6 2522.773853679379 252.27738536793794 9.0 9.0 0.0 5.0 1.0
1986.0497786969743 5.0 0.0 1546.0 154.6 2522.773853679379 252.27738536793794 9.0 9.0 0.0 5.0 1.0
1987.0342212362225 5.0 0.0 1546.0 154.6 2522.773853679379 252.27738536793794 9.0 9.0 0.0 5.0 1.0
1988.0497786969743 5.0 0.0 1546.0 154.6 2522.773853679379 252.27738536793794 9.0 9.0 0.0 5.0 1.0
1989.0342212362225 5.0 0.0 1546.0 154.6 2522.773853679379 252.27738536793794 9.0 9.0 0.0 5.0 1.0
1990.0497786969743 5.0 0.0 1546.0 154.6 2522.773853679379 252.27738536793794 9.0 9.0 0.0 5.0 1.0
1991.0342212362225 5.0 0.0 1546.0 154.6 2522.773853679379 252.27738536793794 9.0 9.0 0.0 5.0 1.0
1992.0497786969743 5.0 0.0 1546.0 154.6 2522.773853679379 252.27738536793794 9.0 9.0 0.0 5.0 1.0
1993.0342212362225 5.0 0.0 1546.0 154.6 2522.773853679379 252.27738536793794 9.0 9.0 0.0 5.0 1.0
1994.0497786969743 5.0 0.0 1546.0 154.6 2522.773853679379 252.27738536793794 9.0 9.0 0.0 5.0 1.0
1995.0342212362225 5.0 0.0 1546.0 154.6 2522.773853679379 252.27738536793794 9.0 9.0 0.0 5.0 1.0
1996.0497786969743 5.0 0.0 1546.0 154.6 2522.773853679379 252.27738536793794 9.0 9.0 0.0 5.0 1.0
1997.0342212362225 5.0 0.0 1546.0 154.6 2522.773853679379 252.27738536793794 9.0 9.0 0.0 5.0 1.0
1998.0497786969743 5.0 0.0 1546.0 154.6 2522.773853679379 252.27738536793794 9.0 9.0 0.0 5.0 1.0
1999.0342212362225 5.0 0.0 1546.0 154.6 2522.773853679379 252.27738536793794 9.0 9.0 0.0 5.0 1.0
2000.0497786969743 5.0 0.0 1546.0 154.6 2522.773853679379 252.27738536793794 9.0 9.0 0.0 5.0 1.0
2001.0342212362225 5.0 0.0 1546.0 154.6 2522.773853679379 252.27738536793794 9.0 9.0 0.0 5.0 1.0
2002.0497786969743 5.0 0.0 1546.0 154.6 2522.773853679379 252.27738536793794 9.0 9.0 0.0 5.0 1.0
2003.0342212362225 5.0 0.0 1546.0 154.6 2522.773853679379 252.27738536793794 9.0 9.0 0.0 5.0 1.0
2004.0497786969743 5.0 0.0 1546.0 154.6 2522.773853679379 252.27738536793794 9.0 9.0 0.0 5.0 1.0
2005.0342212362225 5.0 0.0 1546.0 154.6 2522.773853679379 252.27738536793794 9.0 9.0 0.0 5.0 1.0
2006.0497786969743 5.0 0.0 1546.0 154.6 2522.773853679379 252.27738536793794 9.0 9.0 0.0 5.0 1.0
2007.0342212362225 5.0 0.0 1546.0 154.6 2522.773853679379 252.27738536793794 9.0 9.0 0.0 5.0 1.0
2008.0497786969743 5.0 0.0 1546.0 154.6 2522.773853679379 252.27738536793794 9.0 9.0 0.0 5.0 1.0
2009.0342212362225 5.0 0.0 1546.0 154.6 2522.773853679379 252.27738536793794 9.0 9.0 0.0 5.0 1.0
2010.0497786969743 5.0 0.0 1546.0 154.6 2522.773853679379 252.27738536793794 9.0 9.0 0.0 5.0 1.0
2011.0342212362225 5.0 0.0 1546.0 154.6 2522.773853679379 252.27738536793794 9.0 9.0 0.0 5.0 1.0
2012.0497786969743 5.0 0.0 1546.0 154.6 2522.773853679379 252.27738536793794 9.0 9.0 0.0 5.0 1.0
2013.0342212362225 5.0 0.0 1546.0 154.6 2522.773853679379 252.27738536793794 9.0 9.0 0.0 5.0 1.0
2014.0497786969743 5.0 0.0 1546.0 154.6 2522.773853679379 252.27738536793794 9.0 9.0 0.0 5.0 1.0
2015.0342212362225 5.0 0.0 1546.0 154.6 2522.773853679379 252.27738536793794 9.0 9.0 0.0 5.0 1.0
2016.0497786969743 5.0 0.0 1546.0 154.6 2522.773853679379 252.27738536793794 9.0 9.0 0.0 5.0 1.0
2017.0342212362225 5.0 0.0 1546.0 154.6 2522.773853679379 252.27738536793794 9.0 9.0 0.0 5.0 1.0
2018.0497786969743 5.0 0.0 1546.0 154.6 2522.773853679379 252.27738536793794 9.0 9.0 0.0 5.0 1.0
2019.0342212362225 5.0 0.0 1546.0 154.6 2522.773853679379 252.27738536793794 9.0 9.0 0.0 5.0 1.0
2020.0497786969743 5.0 0.0 1546.0 154.6 2522.773853679379 252.27738536793794 9.0 9.0 0.0 5.0 1.0
2021.0342212362225 5.0 0.0 1546.0 154.6 2522.773853679379 252.27738536793794 9.0 9.0 0.0 5.0 1.0
2022.0497786969743 5.0 0.0 1546.0 154.6 2522.773853679379 252.27738536793794 9.0 9.0 0.0 5.0 1.0
2023.0342212362225 5.0 0.0 1546.0 154.6 2522.773853679379 252.27738536793794 9.0 9.0 0.0 5.0 1.0
2024.0497786969743 5.0 0.0 1546.0 154.6 2522.773853679379 252.27738536793794 9.0 9.0 0.0 5.0 1.0
2025.0342212362225 5.0 0.0 1546.0 154.6 2522.773853679379 252.27738536793794 9.0 9.0 0.0 5.0 1.0
2026.0497786969743 5.0 0.0 1546.0 154.6 2522.773853679379 252.27738536793794 9.0 9.0 0.0 5.0 1.0
2027.0342212362225 5.0 0.0 1546.0 154.6 2522.773853679379 252.27738536793794 9.0 9.0 0.0 5.0 1.0
2028.0497786969743 5.0 0.0 1546.0 154.6 2522.773853679379 252.27738536793794 9.0 9.0 0.0 5.0 1.0
2029.0342212362225 5.0 0.0 1546.0 154.6 2522.773853679379 252.27738536793794 9.0 9.0 0.0 5.0 1.0
2030.0497786969743 5.0 0.0 1546.0 154.6 2522.773853679379 252.27738536793794 9.0 9.0 0.0 5.0 1.0
2031.0342212362225 5.0 0.0 1546.0 154.6 2522.773853679379 252.27738536793794 9.0 9.0 0.0 5.0 1.0
2032.0497786969743 5.0 0.0 1546.0 154.6 2522.773853679379 252.27738536793794 9.0 9.0 0.0 5.0 1.0
2033.0342212362225 5.0 0.0 1546.0 154.6 2522.773853679379 252.27738536793794 9.0 9.0 0.0 5.0 1.0
2034.0497786969743 5.0 0.0 1546.0 154.6 2522.773853679379 252.27738536793794 9.0 9.0 0.0 5.0 1.0
2035.0342212362225 5.0 0.0 1546.0 154.6 2522.773853679379 252.27738536793794 9.0 9.0 0.0 5.0 1.0
2036.0497786969743 5.0 0.0 1546.0 154.6 2522.773853679379 252.27738536793794 9.0 9.0 0.0 5.0 1.0
2037.0342212362225 5.0 0.0 1546.0 154.6 2522.773853679379 252.27738536793794 9.0 9.0 0.0 5.0 1.0
2038.0497786969743 5.0 0.0 1546.0 154.6 2522.773853679379 252.27738536793794 9.0 9.0 0.0 5.0 1.0
2039.0342212362225 5.0 0.0 1546.0 154.6 2522.773853679379 252.27738536793794 9.0 9.0 0.0 5.0 1.0
2040.0497786969743 5.0 0.0 1546.0 154.6 2522.773853679379 252.27738536793794 9.0 9.0 0.0 5.0 1.0
2041.0342212362225 5.0 0.0 1546.0 154.6 2522.773853679379 252.27738536793794 9.0 9.0 0.0 5.0 1.0
2042.0497786969743 5.0 0.0 1546.0 154.6 2522.773853679379 252.27738536793794 9.0 9.0 0.0 5.0 1.0
2043.0342212362225 5.0 0.0 1546.0 154.6 2522.773853679379 252.27738536793794 9.0 9.0 0.0 5.0 1.0
2044.0497786969743 5.0 0.0 1546.0 154.6 2522.773853679379 252.27738536793794 9.0 9.0 0.0 5.0 1.0
2045.0342212362225 5.0 0.0 1546.0 154.6 2522.773853679379 252.27738536793794 9.0 9.0 0.0 5.0 1.0
2046.0497786969743 5.0 0.0 1546.0 154.6 2522.773853679379 252.27738536793794 9.0 9.0 0.0 5.0 1.0
2047.0342212362225 5.0 0.0 1546.0 154.6 2522.773853679379 252.27738536793794 9.0 9.0 0.0 5.0 1.0
2048.0497786969745 5.0 0.0 1546.0 154.6 2522.773853679379 252.27738536793794 9.0 9.0 0.0 5.0 1.0
2049.0342212362225 5.0 0.0 1546.0 154.6 2522.773853679379 252.27738536793794 9.0 9.0 0.0 5.0 1.0
2050.0497786969745 5.0 0.0 1546.0 154.6 2522.773853679379 252.27738536793794 9.0 9.0 0.0 5.0 1.0
2051.0342212362225 5.0 0.0 1546.0 154.6 2522.773853679379 252.27738536793794 9.0 9.0 0.0 5.0 1.0
2052.0497786969745 5.0 0.0 1546.0 154.6 2522.773853679379 252.27738536793794 9.0 9.0 0.0 5.0 1.0
2053.0342212362225 5.0 0.0 1546.0 154.6 2522.773853679379 252.27738536793794 9.0 9.0 0.0 5.0 1.0
2054.0497786969745 5.0 0.0 1546.0 154.6 2522.773853679379 252.27738536793794 9.0 9.0 0.0 5.0 1.0
2055.0342212362225 5.0 0.0 1546.0 154.6 2522.773853679379 252.27738536793794 9.0 9.0 0.0 5.0 1.0
2056.0497786969745 5.0 0.0 1546.0 154.6 2522.773853679379 252.27738536793794 9.0 9.0 0.0 5.0 1.0
2057.0342212362225 5.0 0.0 1546.0 154.6 2522.773853679379 252.27738536793794 9.0 9.0 0.0 5.0 1.0
2058.0497786969745 5.0 0.0 1546.0 154.6 2522.773853679379 252.27738536793794 9.0 9.0 0.0 5.0 1.0
2059.0342212362225 5.0 0.0 1546.0 154.6 2522.773853679379 252.27738536793794 9.0 9.0 0.0 5.0 1.0
2060.0497786969745 5.0 0.0 1546.0 154.6 2522.773853679379 252.27738536793794 9.0 9.0 0.0 5.0 1.0
2061.0342212362225 5.0 0.0 1546.0 154.6 2522.773853679379 252.27738536793794 9.0 9.0 0.0 5.0 1.0
2062.0497786969745 5.0 0.0 1546.0 154.6 2522.773853679379 252.27738536793794 9.0 9.0 0.0 5.0 1.0
2063.0342212362225 5.0 0.0 1546.0 154.6 2522.773853679379 252.27738536793794 9.0 9.0 0.0 5.0 1.0
2064.0497786969745 5.0 0.0 1546.0 154.6 2522.773853679379 252.27738536793794 9.0 9.0 0.0 5.0 1.0
2065.0342212362225 5.0 0.0 1546.0 154.6 2522.773853679379 252.27738536793794 9.0 9.0 0.0 5.0 1.0
2066.0497786969745 5.0 0.0 1546.0 154.6 2522.773853679379 252.27738536793794 9.0 9.0 0.0 5.0 1.0
2067.0342212362225 5.0 0.0 1546.0 154.6 2522.773853679379 252.27738536793794 9.0 9.0 0.0 5.0 1.0
2068.0497786969745 5.0 0.0 1546.0 154.6 2522.773853679379 252.27738536793794 9.0 9.0 0.0 5.0 1.0
2069.0342212362225 5.0 0.0 1546.0 154.6 2522.773853679379 252.27738536793794 9.0 9.0 0.0 5.0 1.0
2070.0497786969745 5.0 0.0 1546.0 154.6 2522.773853679379 252.27738536793794 9.0 9.0 0.0 5.0 1.0
2071.0342212362225 5.0 0.0 1546.0 154.6 2522.773853679379 252.27738536793794 9.0 9.0 0.0 5.0 1.0
2072.0497786969745 5.0 0.0 1546.0 154.6 2522.773853679379 252.27738536793794 9.0 9.0 0.0 5.0 1.0
2073.0342212362225 5.0 0.0 1546.0 154.6 2522.773853679379 252.27738536793794 9.0 9.0 0.0 5.0 1.0
2074.0497786969745 5.0 0.0 1546.0 154.6 2522.773853679379 252.27738536793794 9.0 9.0 0.0 5.0 1.0
2075.0342212362225 5.0 0.0 1546.0 154.6 2522.773853679379 252.27738536793794 9.0 9.0 0.0 5.0 1.0
2076.0497786969745 5.0 0.0 1546.0 154.6 2522.773853679379 252.27738536793794 9.0 9.0 0.0 5.0 1.0
2077.0342212362225 5.0 0.0 1546.0 154.6 2522.773853679379 252.27738536793794 9.0 9.0 0.0 5.0 1.0
2078.0497786969745 5.0 0.0 1546.0 154.6 2522.773853679379 252.27738536793794 9.0 9.0 0.0 5.0 1.0
2079.0342212362225 5.0 0.0 1546.0 154.6 2522.773853679379 252.27738536793794 9.0 9.0 0.0 5.0 1.0
2080.0497786969745 5.0 0.0 1546.0 154.6 2522.773853679379 252.27738536793794 9.0 9.0 0.0 5.0 1.0
2081.0342212362225 5.0 0.0 1546.0 154.6 2522.773853679379 252.27738536793794 9.0 9.0 0.0 5.0 1.0
2082.0497786969745 5.0 0.0 1546.0 154.6 2522.773853679379 252.27738536793794 9.0 9.0 0.0 5.0 1.0
2083.0342212362225 5.0 0.0 1546.0 154.6 2522.773853679379 252.27738536793794 9.0 9.0 0.0 5.0 1.0
2084.0497786969745 5.0 0.0 1546.0 154.6 2522.773853679379 252.27738536793794 9.0 9.0 0.0 5.0 1.0
2085.0342212362225 5.0 0.0 1546.0 154.6 2522.773853679379 252.27738536793794 9.0 9.0 0.0 5.0 1.0
2086.0497786969745 5.0 0.0 1546.0 154.6 2522.773853679379 252.27738536793794 9.0 9.0 0.0 5.0 1.0
2087.0342212362225 5.0 0.0 1546.0 154.6 2522.773853679379 252.27738536793794 9.0 9.0 0.0 5.0 1.0
2088.0497786969745 5.0 0.0 1546.0 154.6 2522.773853679379 252.27738536793794 9.0 9.0 0.0 5.0 1.0
2089.0342212362225 5.0 0.0 1546.0 154.6 2522.773853679379 252.27738536793794 9.0 9.0 0.0 5.0 1.0
2090.0497786969745 5.0 0.0 1546.0 154.6 2522.773853679379 252.27738536793794 9.0 9.0 0.0 5.0 1.0
2091.0342212362225 5.0 0.0 1546.0 154.6 2522.773853679379 252.27738536793794 9.0 9.0 0.0 5.0 1.0
2092.0497786969745 5.0 0.0 1546.0 154.6 2522.773853679379 252.27738536793794 9.0 9.0 0.0 5.0 1.0
2093.0342212362225 5.0 0.0 1546.0 154.6 2522.773853679379 252.27738536793794 9.0 9.0 0.0 5.0 1.0
2094.0497786969745 5.0 0.0 1546.0 154.6 2522.773853679379 252.27738536793794 9.0 9.0 0.0 5.0 1.0
2095.0342212362225 5.0 0.0 1546.0 154.6 2522.773853679379 252.27738536793794 9.0 9.0 0.0 5.0 1.0
2096.0497786969745 5.0 0.0 1546.0 154.6 2522.773853679379 252.27738536793794 9.0 9.0 0.0 5.0 1.0
2097.0342212362225 5.0 0.0 1546.0 154.6 2522.773853679379 252.27738536793794 9.0 9.0 0.0 5.0 1.0
2098.0497786969745 5.0 0.0 1546.0 154.6 2522.773853679379 252.27738536793794 9.0 9.0 0.0 5.0 1.0
2099.0342212362225 5.0 0.0 1546.0 154.6 2522.773853679379 252.27738536793794 9.0 9.0 0.0 5.0 1.0
2100.0497786969745 5.0 0.0 1546.0 154.6 2522.773853679379 252.27738536793794 9.0 9.0 0.0 5.0 1.0
2101.0342212362225 5.0 0.0 1546.0 154.6 2522.773853679379 252.27738536793794 9.0 9.0 0.0 5.0 1.0
2102.0497786969745 5.0 0.0 1546.0 154.6 2522.773853679379 252.27738536793794 9.0 9.0 0.0 5.0 1.0
2103.0342212362225 5.0 0.0 1546.0 154.6 2522.773853679379 252.27738536793794 9.0 9.0 0.0 5.0 1.0
2104.0497786969745 5.0 0.0 1546.0 154.6 2522.773853679379 252.27738536793794 9.0 9.0 0.0 5.0 1.0
2105.0342212362225 5.0 0.0 1546.0 154.6 2522.773853679379 252.27738536793794 9.0 9.0 0.0 5.0 1.0
2106.0497786969745 5.0 0.0 1546.0 154.6 2522.773853679379 252.27738536793794 9.0 9.0 0.0 5.0 1.0
2107.0342212362225 5.0 0.0 1546.0 154.6 2522.773853679379 252.27738536793794 9.0 9.0 0.0 5.0 1.0
2108.0497786969745 5.0 0.0 1546.0 154.6 2522.773853679379 252.27738536793794 9.0 9.0 0.0 5.0 1.0
2109.0342212362225 5.0 0.0 1546.0 154.6 2522.773853679379 252.27738536793794 9.0 9.0 0.0 5.0 1.0
2110.0497786969745 5.0 0.0 1546.0 154.6 2522.773853679379 252.27738536793794 9.0 9.0 0.0 5.0 1.0
2111.0342212362225 5.0 0.0 1546.0 154.6 2522.773853679379 252.27738536793794 9.0 9.0 0.0 5.0 1.0
2112.0497786969745 5.0 0.0 1546.0 154.6 2522.773853679379 252.27738536793794 9.0 9.0 0.0 5.0 1.0
2113.0342212362225 5.0 0.0 1546.0 154.6 2522.773853679379 252.27738536793794 9.0 9.0 0.0 5.0 1.0
2114.0497786969745 5.0 0.0 1546.0 154.6 2522.773853679379 252.27738536793794 9.0 9.0 0.0 5.0 1.0
2115.0342212362225 5.0 0.0 1546.0 154.6 2522.773853679379 252.27738536793794 9.0 9.0 0.0 5.0 1.0
2116.0497786969745 5.0 0.0 1546.0 154.6 2522.773853679379 252.27738536793794 9.0 9.0 0.0 5.0 1.0
2117.0342212362225 5.0 0.0 1546.0 154.6 2522.773853679379 252.27738536793794 9.0 9.0 0.0 5.0 1.0
2118.0497786969745 5.0 0.0 1546.0 154.6 2522.773853679379 252.27738536793794 9.0 9.0 0.0 5.0 1.0
2119.0342212362225 5.0 0.0 1546.0 154.6 2522.773853679379 252.27738536793794 9.0 9.0 0.0 5.0 1.0
2120.0497786969745 5.0 0.0 1546.0 154.6 2522.773853679379 252.27738536793794 9.0 9.0 0.0 5.0 1.0
2121.0342212362225 5.0 0.0 1546.0 154.6 2522.773853679379 252.27738536793794 9.0 9.0 0.0 5.0 1.0
2122.0497786969745 5.0 0.0 1546.0 154.6 2522.773853679379 252.27738536793794 9.0 9.0 0.0 5.0 1.0
2123.0342212362225 5.0 0.0 1546.0 154.6 2522.773853679379 252.27738536793794 9.0 9.0 0.0 5.0 1.0
2124.0497786969745 5.0 0.0 1546.0 154.6 2522.773853679379 252.27738536793794 9.0 9.0 0.0 5.0 1.0
2125.0342212362225 5.0 0.0 1546.0 154.6 2522.773853679379 252.27738536793794 9.0 9.0 0.0 5.0 1.0
2126.0497786969745 5.0 0.0 1546.0 154.6 2522.773853679379 252.27738536793794 9.0 9.0 0.0 5.0 1.0
2127.0342212362225 5.0 0.0 1546.0 154.6 2522.773853679379 252.27738536793794 9.0 9.0 0.0 5.0 1.0
2128.0497786969745 5.0 0.0 1546.0 154.6 2522.773853679379 252.27738536793794 9.0 9.0 0.0 5.0 1.0
2129.0342212362225 5.0 0.0 1546.0 154.6 2522.773853679379 252.27738536793794 9.0 9.0 0.0 5.0 1.0
2130.0497786969745 5.0 0.0 1546.0 154.6 2522.773853679379 252.27738536793794 9.0 9.0 0.0 5.0 1.0
2131.0342212362225 5.0 0.0 1546.0 154.6 2522.773853679379 252.27738536793794 9.0 9.0 0.0 5.0 1.0
2132.0497786969745 5.0 0.0 1546.0 154.6 2522.773853679379 252.27738536793794 9.0 9.0 0.0 5.0 1.0
2133.0342212362225 5.0 0.0 1546.0 154.6 2522.773853679379 252.27738536793794 9.0 9.0 0.0 5.0 1.0
2134.0497786969745 5.0 0.0 1546.0 154.6 2522.773853679379 252.27738536793794 9.0 9.0 0.0 5.0 1.0
2135.0342212362225 5.0 0.0 1546.0 154.6 2522.773853679379 252.27738536793794 9.0 9.0 0.0 5.0 1.0
2136.0497786969745 5.0 0.0 1546.0 154.6 2522.773853679379 252.27738536793794 9.0 9.0 0.0 5.0 1.0
2137.0342212362225 5.0 0.0 1546.0 154.6 2522.773853679379 252.27738536793794 9.0 9.0 0.0 5.0 1.0
2138.0497786969745 5.0 0.0 1546.0 154.6 2522.773853679379 252.27738536793794 9.0 9.0 0.0 5.0 1.0
2139.0342212362225 5.0 0.0 1546.0 154.6 2522.773853679379 252.27738536793794 9.0 9.0 0.0 5.0 1.0
2140.0497786969745 5.0 0.0 1546.0 154.6 2522.773853679379 252.27738536793794 9.0 9.0 0.0 5.0 1.0
2141.0342212362225 5.0 0.0 1546.0 154.6 2522.773853679379 252.27738536793794 9.0 9.0 0.0 5.0 1.0
2142.0497786969745 5.0 0.0 1546.0 154.6 2522.773853679379 252.27738536793794 9.0 9.0 0.0 5.0 1.0
2143.0342212362225 5.0 0.0 1546.0 154.6 2522.773853679379 252.27738536793794 9.0 9.0 0.0 5.0 1.0
2144.0497786969745 5.0 0.0 1546.0 154.6 2522.773853679379 252.27738536793794 9.0 9.0 0.0 5.0 1.0
2145.0342212362225 5.0 0.0 1546.0 154.6 2522.773853679379 252.27738536793794 9.0 9.0 0.0 5.0 1.0
2146.0497786969745 5.0 0.0 1546.0 154.6 2522.773853679379 252.27738536793794 9.0 9.0 0.0 5.0 1.0
2147.0342212362225 5.0 0.0 1546.0 154.6 2522.773853679379 252.27738536793794 9.0 9.0 0.0 5.0 1.0
2148.0497786969745 5.0 0.0 1546.0 154.6 2522.773853679379 252.27738536793794 9.0 9.0 0.0 5.0 1.0
2149.0342212362225 5.0 0.0 1546.0 154.6 2522.773853679379 252.27738536793794 9.0 9.0 0.0 5.0 1.0
2150.0497786969745 5.0 0.0 1546.0 154.6 2522.773853679379 252.27738536793794 9.0 9.0 0.0 5.0 1.0
2151.0342212362225 5.0 0.0 1546.0 154.6 2522.773853679379 252.27738536793794 9.0 9.0 0.0 5.0 1.0
2152.0497786969745 5.0 0.0 1546.0 154.6 2522.773853679379 252.27738536793794 9.0 9.0 0.0 5.0 1.0
2153.0342212362225 5.0 0.0 1546.0 154.6 2522.773853679379 252.27738536793794 9.0 9.0 0.0 5.0 1.0
2154.0497786969745 5.0 0.0 1546.0 154.6 2522.773853679379 252.27738536793794 9.0 9.0 0.0 5.0 1.0
2155.0342212362225 5.0 0.0 1546.0 154.6 2522.773853679379 252.27738536793794 9.0 9.0 0.0 5.0 1.0
2156.0497786969745 5.0 0.0 1546.0 154.6 2522.773853679379 252.27738536793794 9.0 9.0 0.0 5.0 1.0
2157.0342212362225 5.0 0.0 1546.0 154.6 2522.773853679379 252.27738536793794 9.0 9.0 0.0 5.0 1.0
2158.0497786969745 5.0 0.0 1546.0 154.6 2522.773853679379 252.27738536793794 9.0 9.0 0.0 5.0 1.0
2159.0342212362225 5.0 0.0 1546.0 154.6 2522.773853679379 252.27738536793794 9.0 9.0 0.0 5.0 1.0
2160.0497786969745 5.0 0.0 1546.0 154.6 2522.773853679379 252.27738536793794 9.0 9.0 0.0 5.0 1.0
2161.0342212362225 5.0 0.0 1546.0 154.6 2522.773853679379 252.27738536793794 9.0 9.0 0.0 5.0 1.0
2162.0497786969745 5.0 0.0 1546.0 154.6 2522.773853679379 252.27738536793794 9.0 9.0 0.0 5.0 1.0
2163.0342212362225 5.0 0.0 1546.0 154.6 2522.773853679379 252.27738536793794 9.0 9.0 0.0 5.0 1.0
2164.0497786969745 5.0 0.0 1546.0 154.6 2522.773853679379 252.27738536793794 9.0 9.0 0.0 5.0 1.0
2165.0342212362225 5.0 0.0 1546.0 154.6 2522.773853679379 252.27738536793794 9.0 9.0 0.0 5.0 1.0
2166.0497786969745 5.0 0.0 1546.0 154.6 2522.773853679379 252.27738536793794 9.0 9.0 0.0 5.0 1.0
2167.0342212362225 5.0 0.0 1546.0 154.6 2522.773853679379 252.27738536793794 9.0 9.0 0.0 5.0 1.0
2168.0497786969745 5.0 0.0 1546.0 154.6 2522.773853679379 252.27738536793794 9.0 9.0 0.0 5.0 1.0
2169.0342212362225 5.0 0.0 1546.0 154.6 2522.773853679379 252.27738536793794 9.0 9.0 0.0 5.0 1.0
2170.0497786969745 5.0 0.0 1546.0 154.6 2522.773853679379 252.27738536793794 9.0 9.0 0.0 5.0 1.0
2171.0342212362225 5.0 0.0 1546.0 154.6 2522.773853679379 252.27738536793794 9.0 9.0 0.0 5.0 1.0
2172.0497786969745 5.0 0.0 1546.0 154.6 2522.773853679379 252.27738536793794 9.0 9.0 0.0 5.0 1.0
2173.0342212362225 5.0 0.0 1546.0 154.6 2522.773853679379 252.27738536793794 9.0 9.0 0.0 5.0 1.0
2174.0497786969745 5.0 0.0 1546.0 154.6 2522.773853679379 252.27738536793794 9.0 9.0 0.0 5.0 1.0
2175.0342212362225 5.0 0.0 1546.0 154.6 2522.773853679379 252.27738536793794 9.0 9.0 0.0 5.0 1.0
2176.0497786969745 5.0 0.0 1546.0 154.6 2522.773853679379 252.27738536793794 9.0 9.0 0.0 5.0 1.0
2177.0342212362225 5.0 0.0 1546.0 154.6 2522.773853679379 252.27738536793794 9.0 9.0 0.0 5.0 1.0
2178.0497786969745 5.0 0.0 1546.0 154.6 2522.773853679379 252.27738536793794 9.0 9.0 0.0 5.0 1.0
2179.0342212362225 5.0 0.0 1546.0 154.6 2522.773853679379 252.27738536793794 9.0 9.0 0.0 5.0 1.0
2180.0497786969745 5.0 0.0 1546.0 154.6 2522.773853679379 252.27738536793794 9.0 9.0 0.0 5.0 1.0
2181.0342212362225 5.0 0.0 1546.0 154.6 2522.773853679379 252.27738536793794 9.0 9.0 0.0 5.0 1.0
2182.0497786969745 5.0 0.0 1546.0 154.6 2522.773853679379 252.27738536793794 9.0 9.0 0.0 5.0 1.0
2183.0342212362225 5.0 0.0 1546.0 154.6 2522.773853679379 252.27738536793794 9.0 9.0 0.0 5.0 1.0
2184.0497786969745 5.0 0.0 1546.0 154.6 2522.773853679379 252.27738536793794 9.0 9.0 0.0 5.0 1.0
2185.0342212362225 5.0 0.0 1546.0 154.6 2522.773853679379 252.27738536793794 9.0 9.0 0.0 5.0 1.0
2186.0497786969745 5.0 0.0 1546.0 154.6 2522.773853679379 252.27738536793794 9.0 9.0 0.0 5.0 1.0
2187.0342212362225 5.0 0.0 1546.0 154.6 2522.773853679379 252.27738536793794 9.0 9.0 0.0 5.0 1.0
2188.0497786969745 5.0 0.0 1546.0 154.6 2522.773853679379 252.27738536793794 9.0 9.0 0.0 5.0 1.0
2189.0342212362225 5.0 0.0 1546.0 154.6 2522.773853679379 252.27738536793794 9.0 9.0 0.0 5.0 1.0
2190.0497786969745 5.0 0.0 1546.0 154.6 2522.773853679379 252.27738536793794 9.0 9.0 0.0 5.0 1.0
2191.0342212362225 5.0 0.0 1546.0 154.6 2522.773853679379 252.27738536793794 9.0 9.0 0.0 5.0 1.0
2192.0497786969745 5.0 0.0 1546.0 154.6 2522.773853679379 252.27738536793794 9.0 9.0 0.0 5.0 1.0
2193.0342212362225 5.0 0.0 1546.0 154.6 2522.773853679379 252.27738536793794 9.0 9.0 0.0 5.0 1.0
2194.0497786969745 5.0 0.0 1546.0 154.6 2522.773853679379 252.27738536793794 9.0 9.0 0.0 5.0 1.0
2195.0342212362225 5.0 0.0 1546.0 154.6 2522.773853679379 252.27738536793794 9.0 9.0 0.0 5.0 1.0
2196.0497786969745 5.0 0.0 1546.0 154.6 2522.773853679379 252.27738536793794 9.0 9.0 0.0 5.0 1.0
2197.0342212362225 5.0 0.0 1546.0 154.6 2522.773853679379 252.27738536793794 9.0 9.0 0.0 5.0 1.0
2198.0497786969745 5.0 0.0 1546.0 154.6 2522.773853679379 252.27738536793794 9.0 9.0 0.0 5.0 1.0
2199.0342212362225 5.0 0.0 1546.0 154.6 2522.773853679379 252.27738536793794 9.0 9.0 0.0 5.0 1.0
2200.0497786969745 5.0 0.0 1546.0 154.6 2522.773853679379 252.27738536793794 9.0 9.0 0.0 5.0 1.0
2201.0342212362225 5.0 0.0 1546.0 154.6 2522.773853679379 252.27738536793794 9.0 9.0 0.0 5.0 1.0
2202.0497786969745 5.0 0.0 1546.0 154.6 2522.773853679379 252.27738536793794 9.0 9.0 0.0 5.0 1.0
2203.0342212362225 5.0 0.0 1546.0 154.6 2522.773853679379 252.27738536793794 9.0 9.0 0.0 5.0 1.0
2204.0497786969745 5.0 0.0 1546.0 154.6 2522.773853679379 252.27738536793794 9.0 9.0 0.0 5.0 1.0
2205.0342212362225 5.0 0.0 1546.0 154.6 2522.773853679379 252.27738536793794 9.0 9.0 0.0 5.0 1.0
2206.0497786969745 5.0 0.0 1546.0 154.6 2522.773853679379 252.27738536793794 9.0 9.0 0.0 5.0 1.0
2207.0342212362225 5.0 0.0 1546.0 154.6 2522.773853679379 252.27738536793794 9.0 9.0 0.0 5.0 1.0
2208.0497786969745 5.0 0.0 1546.0 154.6 2522.773853679379 252.27738536793794 9.0 9.0 0.0 5.0 1.0
2209.0342212362225 5.0 0.0 1546.0 154.6 2522.773853679379 252.27738536793794 9.0 9.0 0.0 5.0 1.0
2210.0497786969745 5.0 0.0 1546.0 154.6 2522.773853679379 252.27738536793794 9.0 9.0 0.0 5.0 1.0
2211.0342212362225 5.0 0.0 1546.0 154.6 2522.773853679379 252.27738536793794 9.0 9.0 0.0 5.0 1.0
2212.0497786969745 5.0 0.0 1546.0 154.6 2522.773853679379 252.27738536793794 9.0 9.0 0.0 5.0 1.0
2213.0342212362225 5.0 0.0 1546.0 154.6 2522.773853679379 252.27738536793794 9.0 9.0 0.0 5.0 1.0
2214.0497786969745 5.0 0.0 1546.0 154.6 2522.773853679379 252.27738536793794 9.0 9.0 0.0 5.0 1.0
2215.0342212362225 5.0 0.0 1546.0 154.6 2522.773853679379 252.27738536793794 9.0 9.0 0.0 5.0 1.0
2216.0497786969745 5.0 0.0 1546.0 154.6 2522.773853679379 252.27738536793794 9.0 9.0 0.0 5.0 1.0
2217.0342212362225 5.0 0.0 1546.0 154.6 2522.773853679379 252.27738536793794 9.0 9.0 0.0 5.0 1.0
2218.0497786969745 5.0 0.0 1546.0 154.6 2522.773853679379 252.27738536793794 9.0 9.0 0.0 5.0 1.0
2219.0342212362225 5.0 0.0 1546.0 154.6 2522.773853679379 252.27738536793794 9.0 9.0 0.0 5.0 1.0
2220.0497786969745 5.0 0.0 1546.0 154.6 2522.773853679379 252.27738536793794 9.0 9.0 0.0 5.0 1.0
2221.0342212362225 5.0 0.0 1546.0 154.6 2522.773853679379 252.27738536793794 9.0 9.0 0.0 5.0 1.0
2222.0497786969745 5.0 0.0 1546.0 154.6 2522.773853679379 252.27738536793794 9.0 9.0 0.0 5.0 1.0
2223.0342212362225 5.0 0.0 1546.0 154.6 2522.773853679379 252.27738536793794 9.0 9.0 0.0 5.0 1.0
2224.0497786969745 5.0 0.0 1546.0 154.6 2522.773853679379 252.27738536793794 9.0 9.0 0.0 5.0 1.0
2225.0342212362225 5.0 0.0 1546.0 154.6 2522.773853679379 252.27738536793794 9.0 9.0 0.0 5.0 1.0
2226.0497786969745 5.0 0.0 1546.0 154.6 2522.773853679379 252.27738536793794 9.0 9.0 0.0 5.0 1.0
2227.0342212362225 5.0 0.0 1546.0 154.6 2522.773853679379 252.27738536793794 9.0 9.0 0.0 5.0 1.0
2228.0497786969745 5.0 0.0 1546.0 154.6 2522.773853679379 252.27738536793794 9.0 9.0 0.0 5.0 1.0
2229.0342212362225 5.0 0.0 1546.0 154.6 2522.773853679379 252.27738536793794 9.0 9.0 0.0 5.0 1.0
2230.0497786969745 5.0 0.0 1546.0 154.6 2522.773853679379 252.27738536793794 9.0 9.0 0.0 5.0 1.0
2231.0342212362225 5.0 0.0 1546.0 154.6 2522.773853679379 252.27738536793794 9.0 9.0 0.0 5.0 1.0
2232.0497786969745 5.0 0.0 1546.0 154.6 2522.773853679379 252.27738536793794 9.0 9.0 0.0 5.0 1.0
2233.0342212362225 5.0 0.0 1546.0 154.6 2522.773853679379 252.27738536793794 9.0 9.0 0.0 5.0 1.0
2234.0497786969745 5.0 0.0 1546.0 154.6 2522.773853679379 252.27738536793794 9.0 9.0 0.0 5.0 1.0
2235.0342212362225 5.0 0.0 1546.0 154.6 2522.773853679379 252.27738536793794 9.0 9.0 0.0 5.0 1.0
2236.0497786969745 5.0 0.0 1546.0 154.6 2522.773853679379 252.27738536793794 9.0 9.0 0.0 5.0 1.0
2237.0342212362225 5.0 0.0 1546.0 154.6 2522.773853679379 252.27738536793794 9.0 9.0 0.0 5.0 1.0
2238.0497786969745 5.0 0.0 1546.0 154.6 2522.773853679379 252.27738536793794 9.0 9.0 0.0 5.0 1.0
2239.0342212362225 5.0 0.0 1546.0 154.6 2522.773853679379 252.27738536793794 9.0 9.0 0.0 5.0 1.0
2240.0497786969745 5.0 0.0 1546.0 154.6 2522.773853679379 252.27738536793794 9.0 9.0 0.0 5.0 1.0
2241.0342212362225 5.0 0.0 1546.0 154.6 2522.773853679379 252.27738536793794 9.0 9.0 0.0 5.0 1.0
2242.0497786969745 5.0 0.0 1546.0 154.6 2522.773853679379 252.27738536793794 9.0 9.0 0.0 5.0 1.0
2243.0342212362225 5.0 0.0 1546.0 154.6 2522.773853679379 252.27738536793794 9.0 9.0 0.0 5.0 1.0
2244.0497786969745 5.0 0.0 1546.0 154.6 2522.773853679379 252.27738536793794 9.0 9.0 0.0 5.0 1.0
2245.0342212362225 5.0 0.0 1546.0 154.6 2522.773853679379 252.27738536793794 9.0 9.0 0.0 5.0 1.0
2246.0497786969745 5.0 0.0 1546.0 154.6 2522.773853679379 252.27738536793794 9.0 9.0 0.0 5.0 1.0
2247.0342212362225 5.0 0.0 1546.0 154.6 2522.773853679379 252.27738536793794 9.0 9.0 0.0 5.0 1.0
2248.0497786969745 5.0 0.0 1546.0 154.6 2522.773853679379 252.27738536793794 9.0 9.0 0.0 5.0 1.0
2249.0342212362225 5.0 0.0 1546.0 154.6 2522.773853679379 252.27738536793794 9.0 9.0 0.0 5.0 1.0
2250.0497786969745 5.0 0.0 1546.0 154.6 2522.773853679379 252.27738536793794 9.0 9.0 0.0 5.0 1.0
2251.0342212362225 5.0 0.0 1546.0 154.6 2522.773853679379 252.27738536793794 9.0 9.0 0.0 5.0 1.0
2252.0497786969745 5.0 0.0 1546.0 154.6 2522.773853679379 252.27738536793794 9.0 9.0 0.0 5.0 1.0
2253.0342212362225 5.0 0.0 1546.0 154.6 2522.773853679379 252.27738536793794 9.0 9.0 0.0 5.0 1.0
2254.0497786969745 5.0 0.0 1546.0 154.6 2522.773853679379 252.27738536793794 9.0 9.0 0.0 5.0 1.0
2255.0342212362225 5.0 0.0 1546.0 154.6 2522.773853679379 252.27738536793794 9.0 9.0 0.0 5.0 1.0
2256.0497786969745 5.0 0.0 1546.0 154.6 2522.773853679379 252.27738536793794 9.0 9.0 0.0 5.0 1.0
2257.0342212362225 5.0 0.0 1546.0 154.6 2522.773853679379 252.27738536793794 9.0 9.0 0.0 5.0 1.0
2258.0497786969745 5.0 0.0 1546.0 154.6 2522.773853679379 252.27738536793794 9.0 9.0 0.0 5.0 1.0
2259.0342212362225 5.0 0.0 1546.0 154.6 2522.773853679379 252.27738536793794 9.0 9.0 0.0 5.0 1.0
2260.0497786969745 5.0 0.0 1546.0 154.6 2522.773853679379 252.27738536793794 9.0 9.0 0.0 5.0 1.0
2261.0342212362225 5.0 0.0 1546.0 154.6 2522.773853679379 252.27738536793794 9.0 9.0 0.0 5.0 1.0
2262.0497786969745 5.0 0.0 1546.0 154.6 2522.773853679379 252.27738536793794 9.0 9.0 0.0 5.0 1.0
2263.0342212362225 5.0 0.0 1546.0 154.6 2522.773853679379 252.27738536793794 9.0 9.0 0.0 5.0 1.0
2264.0497786969745 5.0 0.0 1546.0 154.6 2522.773853679379 252.27738536793794 9.0 9.0 0.0 5.0 1.0
2265.0342212362225 5.0 0.0 1546.0 154.6 2522.773853679379 252.27738536793794 9.0 9.0 0.0 5.0 1.0
2266.0497786969745 5.0 0.0 1546.0 154.6 2522.773853679379 252.27738536793794 9.0 9.0 0.0 5.0 1.0
2267.0342212362225 5.0 0.0 1546.0 154.6 2522.773853679379 252.27738536793794 9.0 9.0 0.0 5.0 1.0
2268.0497786969745 5.0 0.0 1546.0 154.6 2522.773853679379 252.27738536793794 9.0 9.0 0.0 5.0 1.0
2269.0342212362225 5.0 0.0 1546.0 154.6 2522.773853679379 252.27738536793794 9.0 9.0 0.0 5.0 1.0
2270.0497786969745 5.0 0.0 1546.0 154.6 2522.773853679379 252.27738536793794 9.0 9.0 0.0 5.0 1.0
2271.0342212362225 5.0 0.0 1546.0 154.6 2522.773853679379 252.27738536793794 9.0 9.0 0.0 5.0 1.0
2272.0497786969745 5.0 0.0 1546.0 154.6 2522.773853679379 252.27738536793794 9.0 9.0 0.0 5.0 1.0
2273.0342212362225 5.0 0.0 1546.0 154.6 2522.773853679379 252.27738536793794 9.0 9.0 0.0 5.0 1.0
2274.0497786969745 5.0 0.0 1546.0 154.6 2522.773853679379 252.27738536793794 9.0 9.0 0.0 5.0 1.0
2275.0342212362225 5.0 0.0 1546.0 154.6 2522.773853679379 252.27738536793794 9.0 9.0 0.0 5.0 1.0
2276.0497786969745 5.0 0.0 1546.0 154.6 2522.773853679379 252.27738536793794 9.0 9.0 0.0 5.0 1.0
2277.0342212362225 5.0 0.0 1546.0 154.6 2522.773853679379 252.27738536793794 9.0 9.0 0.0 5.0 1.0
2278.0497786969745 5.0 0.0 1546.0 154.6 2522.773853679379 252.27738536793794 9.0 9.0 0.0 5.0 1.0
2279.0342212362225 5.0 0.0 1546.0 154.6 2522.773853679379 252.27738536793794 9.0 9.0 0.0 5.0 1.0
2280.0497786969745 5.0 0.0 1546.0 154.6 2522.773853679379 252.27738536793794 9.0 9.0 0.0 5.0 1.0
2281.0342212362225 5.0 0.0 1546.0 154.6 2522.773853679379 252.27738536793794 9.0 9.0 0.0 5.0 1.0
2282.0497786969745 5.0 0.0 1546.0 154.6 2522.773853679379 252.27738536793794 9.0 9.0 0.0 5.0 1.0
2283.0342212362225 5.0 0.0 1546.0 154.6 2522.773853679379 252.27738536793794 9.0 9.0 0.0 5.0 1.0
2284.0497786969745 5.0 0.0 1546.0 154.6 2522.773853679379 252.27738536793794 9.0 9.0 0.0 5.0 1.0
2285.0342212362225 5.0 0.0 1546.0 154.6 2522.773853679379 252.27738536793794 9.0 9.0 0.0 5.0 1.0
2286.0497786969745 5.0 0.0 1546.0 154.6 2522.773853679379 252.27738536793794 9.0 9.0 0.0 5.0 1.0
2287.0342212362225 5.0 0.0 1546.0 154.6 2522.773853679379 252.27738536793794 9.0 9.0 0.0 5.0 1.0
2288.0497786969745 5.0 0.0 1546.0 154.6 2522.773853679379 252.27738536793794 9.0 9.0 0.0 5.0 1.0
2289.0342212362225 5.0 0.0 1546.0 154.6 2522.773853679379 252.27738536793794 9.0 9.0 0.0 5.0 1.0
2290.0497786969745 5.0 0.0 1546.0 154.6 2522.773853679379 252.27738536793794 9.0 9.0 0.0 5.0 1.0
2291.0342212362225 5.0 0.0 1546.0 154.6 2522.773853679379 252.27738536793794 9.0 9.0 0.0 5.0 1.0
2292.0497786969745 5.0 0.0 1546.0 154.6 2522.773853679379 252.27738536793794 9.0 9.0 0.0 5.0 1.0
2293.0342212362225 5.0 0.0 1546.0 154.6 2522.773853679379 252.27738536793794 9.0 9.0 0.0 5.0 1.0
2294.0497786969745 5.0 0.0 1546.0 154.6 2522.773853679379 252.27738536793794 9.0 9.0 0.0 5.0 1.0
2295.0342212362225 5.0 0.0 1546.0 154.6 2522.773853679379 252.27738536793794 9.0 9.0 0.0 5.0 1.0
2296.0497786969745 5.0 0.0 1546.0 154.6 2522.773853679379 252.27738536793794 9.0 9.0 0.0 5.0 1.0
2297.0342212362225 5.0 0.0 1546.0 154.6 2522.773853679379 252.27738536793794 9.0 9.0 0.0 5.0 1.0
2298.0497786969745 5.0 0.0 1546.0 154.6 2522.773853679379 252.27738536793794 9.0 9.0 0.0 5.0 1.0
2299.0342212362225 5.0 0.0 1546.0 154.6 2522.773853679379 252.27738536793794 9.0 9.0 0.0 5.0 1.0
2300.0497786969745 5.0 0.0 1546.0 154.6 2522.773853679379 252.27738536793794 9.0 9.0 0.0 5.0 1.0
2301.0342212362225 5.0 0.0 1546.0 154.6 2522.773853679379 252.27738536793794 9.0 9.0 0.0 5.0 1.0
2302.0497786969745 5.0 0.0 1546.0 154.6 2522.773853679379 252.27738536793794 9.0 9.0 0.0 5.0 1.0
2303.0342212362225 5.0 0.0 1546.0 154.6 2522.773853679379 252.27738536793794 9.0 9.0 0.0 5.0 1.0
2304.0497786969745 5.0 0.0 1546.0 154.6 2522.773853679379 252.27738536793794 9.0 9.0 0.0 5.0 1.0
2305.0342212362225 5.0 0.0 1546.0 154.6 2522.773853679379 252.27738536793794 9.0 9.0 0.0 5.0 1.0
2306.0497786969745 5.0 0.0 1546.0 154.6 2522.773853679379 252.27738536793794 9.0 9.0 0.0 5.0 1.0
2307.0342212362225 5.0 0.0 1546.0 154.6 2522.773853679379 252.27738536793794 9.0 9.0 0.0 5.0 1.0
2308.0497786969745 5.0 0.0 1546.0 154.6 2522.773853679379 252.27738536793794 9.0 9.0 0.0 5.0 1.0
2309.0342212362225 5.0 0.0 1546.0 154.6 2522.773853679379 252.27738536793794 9.0 9.0 0.0 5.0 1.0
2310.0497786969745 5.0 0.0 1546.0 154.6 2522.773853679379 252.27738536793794 9.0 9.0 0.0 5.0 1.0
2311.0342212362225 5.0 0.0 1546.0 154.6 2522.773853679379 252.27738536793794 9.0 9.0 0.0 5.0 1.0
2312.0497786969745 5.0 0.0 1546.0 154.6 2522.773853679379 252.27738536793794 9.0 9.0 0.0 5.0 1.0
2313.0342212362225 5.0 0.0 1546.0 154.6 2522.773853679379 252.27738536793794 9.0 9.0 0.0 5.0 1.0
2314.0497786969745 5.0 0.0 1546.0 154.6 2522.773853679379 252.27738536793794 9.0 9.0 0.0 5.0 1.0
2315.0342212362225 5.0 0.0 1546.0 154.6 2522.773853679379 252.27738536793794 9.0 9.0 0.0 5.0 1.0
2316.0497786969745 5.0 0.0 1546.0 154.6 2522.773853679379 252.27738536793794 9.0 9.0 0.0 5.0 1.0
2317.0342212362225 5.0 0.0 1546.0 154.6 2522.773853679379 252.27738536793794 9.0 9.0 0.0 5.0 1.0
2318.0497786969745 5.0 0.0 1546.0 154.6 2522.773853679379 252.27738536793794 9.0 9.0 0.0 5.0 1.0
2319.0342212362225 5.0 0.0 1546.0 154.6 2522.773853679379 252.27738536793794 9.0 9.0 0.0 5.0 1.0
2320.0497786969745 5.0 0.0 1546.0 154.6 2522.773853679379 252.27738536793794 9.0 9.0 0.0 5.0 1.0
2321.0342212362225 5.0 0.0 1546.0 154.6 2522.773853679379 252.27738536793794 9.0 9.0 0.0 5.0 1.0
2322.0497786969745 5.0 0.0 1546.0 154.6 2522.773853679379 252.27738536793794 9.0 9.0 0.0 5.0 1.0
2323.0342212362225 5.0 0.0 1546.0 154.6 2522.773853679379 252.27738536793794 9.0 9.0 0.0 5.0 1.0
2324.0497786969745 5.0 0.0 1546.0 154.6 2522.773853679379 252.27738536793794 9.0 9.0 0.0 5.0 1.0
2325.0342212362225 5.0 0.0 1546.0 154.6 2522.773853679379 252.27738536793794 9.0 9.0 0.0 5.0 1.0
2326.0497786969745 5.0 0.0 1546.0 154.6 2522.773853679379 252.27738536793794 9.0 9.0 0.0 5.0 1.0
2327.0342212362225 5.0 0.0 1546.0 154.6 2522.773853679379 252.27738536793794 9.0 9.0 0.0 5.0 1.0
2328.0497786969745 5.0 0.0 1546.0 154.6 2522.773853679379 252.27738536793794 9.0 9.0 0.0 5.0 1.0
2329.0342212362225 5.0 0.0 1546.0 154.6 2522.773853679379 252.27738536793794 9.0 9.0 0.0 5.0 1.0
2330.0497786969745 5.0 0.0 1546.0 154.6 2522.773853679379 252.27738536793794 9.0 9.0 0.0 5.0 1.0
2331.0342212362225 5.0 0.0 1546.0 154.6 2522.773853679379 252.27738536793794 9.0 9.0 0.0 5.0 1.0
2332.0497786969745 5.0 0.0 1546.0 154.6 2522.773853679379 252.27738536793794 9.0 9.0 0.0 5.0 1.0
2333.0342212362225 5.0 0.0 1546.0 154.6 2522.773853679379 252.27738536793794 9.0 9.0 0.0 5.0 1.0
2334.0497786969745 5.0 0.0 1546.0 154.6 2522.773853679379 252.27738536793794 9.0 9.0 0.0 5.0 1.0
2335.0342212362225 5.0 0.0 1546.0 154.6 2522.773853679379 252.27738536793794 9.0 9.0 0.0 5.0 1.0
2336.0497786969745 5.0 0.0 1546.0 154.6 2522.773853679379 252.27738536793794 9.0 9.0 0.0 5.0 1.0
2337.0342212362225 5.0 0.0 1546.0 154.6 2522.773853679379 252.27738536793794 9.0 9.0 0.0 5.0 1.0
2338.0497786969745 5.0 0.0 1546.0 154.6 2522.773853679379 252.27738536793794 9.0 9.0 0.0 5.0 1.0
2339.0342212362225 5.0 0.0 1546.0 154.6 2522.773853679379 252.27738536793794 9.0 9.0 0.0 5.0 1.0
2340.0497786969745 5.0 0.0 1546.0 154.6 2522.773853679379 252.27738536793794 9.0 9.0 0.0 5.0 1.0
2341.0342212362225 5.0 0.0 1546.0 154.6 2522.773853679379 252.27738536793794 9.0 9.0 0.0 5.0 1.0
2342.0497786969745 5.0 0.0 1546.0 154.6 2522.773853679379 252.27738536793794 9.0 9.0 0.0 5.0 1.0
2343.0342212362225 5.0 0.0 1546.0 154.6 2522.773853679379 252.27738536793794 9.0 9.0 0.0 5.0 1.0
2344.0497786969745 5.0 0.0 1546.0 154.6 2522.773853679379 252.27738536793794 9.0 9.0 0.0 5.0 1.0
2345.0342212362225 5.0 0.0 1546.0 154.6 2522.773853679379 252.27738536793794 9.0 9.0 0.0 5.0 1.0
2346.0497786969745 5.0 0.0 1546.0 154.6 2522.773853679379 252.27738536793794 9.0 9.0 0.0 5.0 1.0
2347.0342212362225 5.0 0.0 1546.0 154.6 2522.773853679379 252.27738536793794 9.0 9.0 0.0 5.0 1.0
2348.0497786969745 5.0 0.0 1546.0 154.6 2522.773853679379 252.27738536793794 9.0 9.0 0.0 5.0 1.0
2349.0342212362225 5.0 0.0 1546.0 154.6 2522.773853679379 252.27738536793794 9.0 9.0 0.0 5.0 1.0
2350.0497786969745 5.0 0.0 1546.0 154.6 2522.773853679379 252.27738536793794 9.0 9.0 0.0 5.0 1.0
2351.0342212362225 5.0 0.0 1546.0 154.6 2522.773853679379 252.27738536793794 9.0 9.0 0.0 5.0 1.0
2352.0497786969745 5.0 0.0 1546.0 154.6 2522.773853679379 252.27738536793794 9.0 9.0 0.0 5.0 1.0
2353.0342212362225 5.0 0.0 1546.0 154.6 2522.773853679379 252.27738536793794 9.0 9.0 0.0 5.0 1.0
2354.0497786969745 5.0 0.0 1546.0 154.6 2522.773853679379 252.27738536793794 9.0 9.0 0.0 5.0 1.0
2355.0342212362225 5.0 0.0 1546.0 154.6 2522.773853679379 252.27738536793794 9.0 9.0 0.0 5.0 1.0
2356.0497786969745 5.0 0.0 1546.0 154.6 2522.773853679379 252.27738536793794 9.0 9.0 0.0 5.0 1.0
2357.0342212362225 5.0 0.0 1546.0 154.6 2522.773853679379 252.27738536793794 9.0 9.0 0.0 5.0 1.0
2358.0497786969745 5.0 0.0 1546.0 154.6 2522.773853679379 252.27738536793794 9.0 9.0 0.0 5.0 1.0
2359.0342212362225 5.0 0.0 1546.0 154.6 2522.773853679379 252.27738536793794 9.0 9.0 0.0 5.0 1.0
2360.0497786969745 5.0 0.0 1546.0 154.6 2522.773853679379 252.27738536793794 9.0 9.0 0.0 5.0 1.0
2361.0342212362225 5.0 0.0 1546.0 154.6 2522.773853679379 252.27738536793794 9.0 9.0 0.0 5.0 1.0
2362.0497786969745 5.0 0.0 1546.0 154.6 2522.773853679379 252.27738536793794 9.0 9.0 0.0 5.0 1.0
2363.0342212362225 5.0 0.0 1546.0 154.6 2522.773853679379 252.27738536793794 9.0 9.0 0.0 5.0 1.0
2364.0497786969745 5.0 0.0 1546.0 154.6 2522.773853679379 252.27738536793794 9.0 9.0 0.0 5.0 1.0
2365.0342212362225 5.0 0.0 1546.0 154.6 2522.773853679379 252.27738536793794 9.0 9.0 0.0 5.0 1.0
2366.0497786969745 5.0 0.0 1546.0 154.6 2522.773853679379 252.27738536793794 9.0 9.0 0.0 5.0 1.0
2367.0342212362225 5.0 0.0 1546.0 154.6 2522.773853679379 252.27738536793794 9.0 9.0 0.0 5.0 1.0
2368.0497786969745 5.0 0.0 1546.0 154.6 2522.773853679379 252.27738536793794 9.0 9.0 0.0 5.0 1.0
2369.0342212362225 5.0 0.0 1546.0 154.6 2522.773853679379 252.27738536793794 9.0 9.0 0.0 5.0 1.0
2370.0497786969745 5.0 0.0 1546.0 154.6 2522.773853679379 252.27738536793794 9.0 9.0 0.0 5.0 1.0
2371.0342212362225 5.0 0.0 1546.0 154.6 2522.773853679379 252.27738536793794 9.0 9.0 0.0 5.0 1.0
2372.0497786969745 5.0 0.0 1546.0 154.6 2522.773853679379 252.27738536793794 9.0 9.0 0.0 5.0 1.0
2373.0342212362225 5.0 0.0 1546.0 154.6 2522.773853679379 252.27738536793794 9.0 9.0 0.0 5.0 1.0
2374.0497786969745 5.0 0.0 1546.0 154.6 2522.773853679379 252.27738536793794 9.0 9.0 0.0 5.0 1.0
2375.0342212362225 5.0 0.0 1546.0 154.6 2522.773853679379 252.27738536793794 9.0 9.0 0.0 5.0 1.0
2376.0497786969745 5.0 0.0 1546.0 154.6 2522.773853679379 252.27738536793794 9.0 9.0 0.0 5.0 1.0
2377.0342212362225 5.0 0.0 1546.0 154.6 2522.773853679379 252.27738536793794 9.0 9.0 0.0 5.0 1.0
2378.0497786969745 5.0 0.0 1546.0 154.6 2522.773853679379 252.27738536793794 9.0 9.0 0.0 5.0 1.0
2379.0342212362225 5.0 0.0 1546.0 154.6 2522.773853679379 252.27738536793794 9.0 9.0 0.0 5.0 1.0
2380.0497786969745 5.0 0.0 1546.0 154.6 2522.773853679379 252.27738536793794 9.0 9.0 0.0 5.0 1.0
2381.0342212362225 5.0 0.0 1546.0 154.6 2522.773853679379 252.27738536793794 9.0 9.0 0.0 5.0 1.0
2382.0497786969745 5.0 0.0 1546.0 154.6 2522.773853679379 252.27738536793794 9.0 9.0 0.0 5.0 1.0
2383.0342212362225 5.0 0.0 1546.0 154.6 2522.773853679379 252.27738536793794 9.0 9.0 0.0 5.0 1.0
2384.0497786969745 5.0 0.0 1546.0 154.6 2522.773853679379 252.27738536793794 9.0 9.0 0.0 5.0 1.0
2385.0342212362225 5.0 0.0 1546.0 154.6 2522.773853679379 252.27738536793794 9.0 9.0 0.0 5.0 1.0
2386.0497786969745 5.0 0.0 1546.0 154.6 2522.773853679379 252.27738536793794 9.0 9.0 0.0 5.0 1.0
2387.0342212362225 5.0 0.0 1546.0 154.6 2522.773853679379 252.27738536793794 9.0 9.0 0.0 5.0 1.0
2388.0497786969745 5.0 0.0 1546.0 154.6 2522.773853679379 252.27738536793794 9.0 9.0 0.0 5.0 1.0
2389.0342212362225 5.0 0.0 1546.0 154.6 2522.773853679379 252.27738536793794 9.0 9.0 0.0 5.0 1.0
2390.0497786969745 5.0 0.0 1546.0 154.6 2522.773853679379 252.27738536793794 9.0 9.0 0.0 5.0 1.0
2391.0342212362225 5.0 0.0 1546.0 154.6 2522.773853679379 252.27738536793794 9.0 9.0 0.0 5.0 1.0
2392.0497786969745 5.0 0.0 1546.0 154.6 2522.773853679379 252.27738536793794 9.0 9.0 0.0 5.0 1.0
2393.0342212362225 5.0 0.0 1546.0 154.6 2522.773853679379 252.27738536793794 9.0 9.0 0.0 5.0 1.0
2394.0497786969745 5.0 0.0 1546.0 154.6 2522.773853679379 252.27738536793794 9.0 9.0 0.0 5.0 1.0
2395.0342212362225 5.0 0.0 1546.0 154.6 2522.773853679379 252.27738536793794 9.0 9.0 0.0 5.0 1.0
2396.0497786969745 5.0 0.0 1546.0 154.6 2522.773853679379 252.27738536793794 9.0 9.0 0.0 5.0 1.0
2397.0342212362225 5.0 0.0 1546.0 154.6 2522.773853679379 252.27738536793794 9.0 9.0 0.0 5.0 1.0
2398.0497786969745 5.0 0.0 1546.0 154.6 2522.773853679379 252.27738536793794 9.0 9.0 0.0 5.0 1.0
2399.0342212362225 5.0 0.0 1546.0 154.6 2522.773853679379 252.27738536793794 9.0 9.0 0.0 5.0 1.0
2400.0497786969745 5.0 0.0 1546.0 154.6 2522.773853679379 252.27738536793794 9.0 9.0 0.0 5.0 1.0
2401.0342212362225 5.0 0.0 1546.0 154.6 2522.773853679379 252.27738536793794 9.0 9.0 0.0 5.0 1.0
2402.0497786969745 5.0 0.0 1546.0 154.6 2522.773853679379 252.27738536793794 9.0 9.0 0.0 5.0 1.0
2403.0342212362225 5.0 0.0 1546.0 154.6 2522.773853679379 252.27738536793794 9.0 9.0 0.0 5.0 1.0
2404.0497786969745 5.0 0.0 1546.0 154.6 2522.773853679379 252.27738536793794 9.0 9.0 0.0 5.0 1.0
2405.0342212362225 5.0 0.0 1546.0 154.6 2522.773853679379 252.27738536793794 9.0 9.0 0.0 5.0 1.0
2406.0497786969745 5.0 0.0 1546.0 154.6 2522.773853679379 252.27738536793794 9.0 9.0 0.0 5.0 1.0
2407.0342212362225 5.0 0.0 1546.0 154.6 2522.773853679379 252.27738536793794 9.0 9.0 0.0 5.0 1.0
2408.0497786969745 5.0 0.0 1546.0 154.6 2522.773853679379 252.27738536793794 9.0 9.0 0.0 5.0 1.0
2409.0342212362225 5.0 0.0 1546.0 154.6 2522.773853679379 252.27738536793794 9.0 9.0 0.0 5.0 1.0
2410.0497786969745 5.0 0.0 1546.0 154.6 2522.773853679379 252.27738536793794 9.0 9.0 0.0 5.0 1.0
2411.0342212362225 5.0 0.0 1546.0 154.6 2522.773853679379 252.27738536793794 9.0 9.0 0.0 5.0 1.0
2412.0497786969745 5.0 0.0 1546.0 154.6 2522.773853679379 252.27738536793794 9.0 9.0 0.0 5.0 1.0
2413.0342212362225 5.0 0.0 1546.0 154.6 2522.773853679379 252.27738536793794 9.0 9.0 0.0 5.0 1.0
2414.0497786969745 5.0 0.0 1546.0 154.6 2522.773853679379 252.27738536793794 9.0 9.0 0.0 5.0 1.0
2415.0342212362225 5.0 0.0 1546.0 154.6 2522.773853679379 252.27738536793794 9.0 9.0 0.0 5.0 1.0
2416.0497786969745 5.0 0.0 1546.0 154.6 2522.773853679379 252.27738536793794 9.0 9.0 0.0 5.0 1.0
2417.0342212362225 5.0 0.0 1546.0 154.6 2522.773853679379 252.27738536793794 9.0 9.0 0.0 5.0 1.0
2418.0497786969745 5.0 0.0 1546.0 154.6 2522.773853679379 252.27738536793794 9.0 9.0 0.0 5.0 1.0
2419.0342212362225 5.0 0.0 1546.0 154.6 2522.773853679379 252.27738536793794 9.0 9.0 0.0 5.0 1.0
2420.0497786969745 5.0 0.0 1546.0 154.6 2522.773853679379 252.27738536793794 9.0 9.0 0.0 5.0 1.0
2421.0342212362225 5.0 0.0 1546.0 154.6 2522.773853679379 252.27738536793794 9.0 9.0 0.0 5.0 1.0
2422.0497786969745 5.0 0.0 1546.0 154.6 2522.773853679379 252.27738536793794 9.0 9.0 0.0 5.0 1.0
2423.0342212362225 5.0 0.0 1546.0 154.6 2522.773853679379 252.27738536793794 9.0 9.0 0.0 5.0 1.0
2424.0497786969745 5.0 0.0 1546.0 154.6 2522.773853679379 252.27738536793794 9.0 9.0 0.0 5.0 1.0
2425.0342212362225 5.0 0.0 1546.0 154.6 2522.773853679379 252.27738536793794 9.0 9.0 0.0 5.0 1.0
2426.0497786969745 5.0 0.0 1546.0 154.6 2522.773853679379 252.27738536793794 9.0 9.0 0.0 5.0 1.0
2427.0342212362225 5.0 0.0 1546.0 154.6 2522.773853679379 252.27738536793794 9.0 9.0 0.0 5.0 1.0
2428.0497786969745 5.0 0.0 1546.0 154.6 2522.773853679379 252.27738536793794 9.0 9.0 0.0 5.0 1.0
2429.0342212362225 5.0 0.0 1546.0 154.6 2522.773853679379 252.27738536793794 9.0 9.0 0.0 5.0 1.0
2430.0497786969745 5.0 0.0 1546.0 154.6 2522.773853679379 252.27738536793794 9.0 9.0 0.0 5.0 1.0
2431.0342212362225 5.0 0.0 1546.0 154.6 2522.773853679379 252.27738536793794 9.0 9.0 0.0 5.0 1.0
2432.0497786969745 5.0 0.0 1546.0 154.6 2522.773853679379 252.27738536793794 9.0 9.0 0.0 5.0 1.0
2433.0342212362225 5.0 0.0 1546.0 154.6 2522.773853679379 252.27738536793794 9.0 9.0 0.0 5.0 1.0
2434.0497786969745 5.0 0.0 1546.0 154.6 2522.773853679379 252.27738536793794 9.0 9.0 0.0 5.0 1.0
2435.0342212362225 5.0 0.0 1546.0 154.6 2522.773853679379 252.27738536793794 9.0 9.0 0.0 5.0 1.0
2436.0497786969745 5.0 0.0 1546.0 154.6 2522.773853679379 252.27738536793794 9.0 9.0 0.0 5.0 1.0
2437.0342212362225 5.0 0.0 1546.0 154.6 2522.773853679379 252.27738536793794 9.0 9.0 0.0 5.0 1.0
2438.0497786969745 5.0 0.0 1546.0 154.6 2522.773853679379 252.27738536793794 9.0 9.0 0.0 5.0 1.0
2439.0342212362225 5.0 0.0 1546.0 154.6 2522.773853679379 252.27738536793794 9.0 9.0 0.0 5.0 1.0
2440.0497786969745 5.0 0.0 1546.0 154.6 2522.773853679379 252.27738536793794 9.0 9.0 0.0 5.0 1.0
2441.0342212362225 5.0 0.0 1546.0 154.6 2522.773853679379 252.27738536793794 9.0 9.0 0.0 5.0 1.0
2442.0497786969745 5.0 0.0 1546.0 154.6 2522.773853679379 252.27738536793794 9.0 9.0 0.0 5.0 1.0
2443.0342212362225 5.0 0.0 1546.0 154.6 2522.773853679379 252.27738536793794 9.0 9.0 0.0 5.0 1.0
2444.0497786969745 5.0 0.0 1546.0 154.6 2522.773853679379 252.27738536793794 9.0 9.0 0.0 5.0 1.0
2445.0342212362225 5.0 0.0 1546.0 154.6 2522.773853679379 252.27738536793794 9.0 9.0 0.0 5.0 1.0
2446.0497786969745 5.0 0.0 1546.0 154.6 2522.773853679379 252.27738536793794 9.0 9.0 0.0 5.0 1.0
2447.0342212362225 5.0 0.0 1546.0 154.6 2522.773853679379 252.27738536793794 9.0 9.0 0.0 5.0 1.0
2448.0497786969745 5.0 0.0 1546.0 154.6 2522.773853679379 252.27738536793794 9.0 9.0 0.0 5.0 1.0
2449.0342212362225 5.0 0.0 1546.0 154.6 2522.773853679379 252.27738536793794 9.0 9.0 0.0 5.0 1.0
2450.0497786969745 5.0 0.0 1546.0 154.6 2522.773853679379 252.27738536793794 9.0 9.0 0.0 5.0 1.0
2451.0342212362225 5.0 0.0 1546.0 154.6 2522.773853679379 252.27738536793794 9.0 9.0 0.0 5.0 1.0
2452.0497786969745 5.0 0.0 1546.0 154.6 2522.773853679379 252.27738536793794 9.0 9.0 0.0 5.0 1.0
2453.0342212362225 5.0 0.0 1546.0 154.6 2522.773853679379 252.27738536793794 9.0 9.0 0.0 5.0 1.0
2454.0497786969745 5.0 0.0 1546.0 154.6 2522.773853679379 252.27738536793794 9.0 9.0 0.0 5.0 1.0
2455.0342212362225 5.0 0.0 1546.0 154.6 2522.773853679379 252.27738536793794 9.0 9.0 0.0 5.0 1.0
2456.0497786969745 5.0 0.0 1546.0 154.6 2522.773853679379 252.27738536793794 9.0 9.0 0.0 5.0 1.0
2457.0342212362225 5.0 0.0 1546.0 154.6 2522.773853679379 252.27738536793794 9.0 9.0 0.0 5.0 1.0
2458.0497786969745 5.0 0.0 1546.0 154.6 2522.773853679379 252.27738536793794 9.0 9.0 0.0 5.0 1.0
2459.0342212362225 5.0 0.0 1546.0 154.6 2522.773853679379 252.27738536793794 9.0 9.0 0.0 5.0 1.0
2460.0497786969745 5.0 0.0 1546.0 154.6 2522.773853679379 252.27738536793794 9.0 9.0 0.0 5.0 1.0
2461.0342212362225 5.0 0.0 1546.0 154.6 2522.773853679379 252.27738536793794 9.0 9.0 0.0 5.0 1.0
2462.0497786969745 5.0 0.0 1546.0 154.6 2522.773853679379 252.27738536793794 9.0 9.0 0.0 5.0 1.0
2463.0342212362225 5.0 0.0 1546.0 154.6 2522.773853679379 252.27738536793794 9.0 9.0 0.0 5.0 1.0
2464.0497786969745 5.0 0.0 1546.0 154.6 2522.773853679379 252.27738536793794 9.0 9.0 0.0 5.0 1.0
2465.0342212362225 5.0 0.0 1546.0 154.6 2522.773853679379 252.27738536793794 9.0 9.0 0.0 5.0 1.0
2466.0497786969745 5.0 0.0 1546.0 154.6 2522.773853679379 252.27738536793794 9.0 9.0 0.0 5.0 1.0
2467.0342212362225 5.0 0.0 1546.0 154.6 2522.773853679379 252.27738536793794 9.0 9.0 0.0 5.0 1.0
2468.0497786969745 5.0 0.0 1546.0 154.6 2522.773853679379 252.27738536793794 9.0 9.0 0.0 5.0 1.0
2469.0342212362225 5.0 0.0 1546.0 154.6 2522.773853679379 252.27738536793794 9.0 9.0 0.0 5.0 1.0
2470.0497786969745 5.0 0.0 1546.0 154.6 2522.773853679379 252.27738536793794 9.0 9.0 0.0 5.0 1.0
2471.0342212362225 5.0 0.0 1546.0 154.6 2522.773853679379 252.27738536793794 9.0 9.0 0.0 5.0 1.0
2472.0497786969745 5.0 0.0 1546.0 154.6 2522.773853679379 252.27738536793794 9.0 9.0 0.0 5.0 1.0
2473.0342212362225 5.0 0.0 1546.0 154.6 2522.773853679379 252.27738536793794 9.0 9.0 0.0 5.0 1.0
2474.0497786969745 5.0 0.0 1546.0 154.6 2522.773853679379 252.27738536793794 9.0 9.0 0.0 5.0 1.0
2475.0342212362225 5.0 0.0 1546.0 154.6 2522.773853679379 252.27738536793794 9.0 9.0 0.0 5.0 1.0
2476.0497786969745 5.0 0.0 1546.0 154.6 2522.773853679379 252.27738536793794 9.0 9.0 0.0 5.0 1.0
2477.0342212362225 5.0 0.0 1546.0 154.6 2522.773853679379 252.27738536793794 9.0 9.0 0.0 5.0 1.0
2478.0497786969745 5.0 0.0 1546.0 154.6 2522.773853679379 252.27738536793794 9.0 9.0 0.0 5.0 1.0
2479.0342212362225 5.0 0.0 1546.0 154.6 2522.773853679379 252.27738536793794 9.0 9.0 0.0 5.0 1.0
2480.0497786969745 5.0 0.0 1546.0 154.6 2522.773853679379 252.27738536793794 9.0 9.0 0.0 5.0 1.0
2481.0342212362225 5.0 0.0 1546.0 154.6 2522.773853679379 252.27738536793794 9.0 9.0 0.0 5.0 1.0
2482.0497786969745 5.0 0.0 1546.0 154.6 2522.773853679379 252.27738536793794 9.0 9.0 0.0 5.0 1.0
2483.0342212362225 5.0 0.0 1546.0 154.6 2522.773853679379 252.27738536793794 9.0 9.0 0.0 5.0 1.0
2484.0497786969745 5.0 0.0 1546.0 154.6 2522.773853679379 252.27738536793794 9.0 9.0 0.0 5.0 1.0
2485.0342212362225 5.0 0.0 1546.0 154.6 2522.773853679379 252.27738536793794 9.0 9.0 0.0 5.0 1.0
2486.0497786969745 5.0 0.0 1546.0 154.6 2522.773853679379 252.27738536793794 9.0 9.0 0.0 5.0 1.0
2487.0342212362225 5.0 0.0 1546.0 154.6 2522.773853679379 252.27738536793794 9.0 9.0 0.0 5.0 1.0
2488.0497786969745 5.0 0.0 1546.0 154.6 2522.773853679379 252.27738536793794 9.0 9.0 0.0 5.0 1.0
2489.0342212362225 5.0 0.0 1546.0 154.6 2522.773853679379 252.27738536793794 9.0 9.0 0.0 5.0 1.0
2490.0497786969745 5.0 0.0 1546.0 154.6 2522.773853679379 252.27738536793794 9.0 9.0 0.0 5.0 1.0
2491.0342212362225 5.0 0.0 1546.0 154.6 2522.773853679379 252.27738536793794 9.0 9.0 0.0 5.0 1.0
2492.0497786969745 5.0 0.0 1546.0 154.6 2522.773853679379 252.27738536793794 9.0 9.0 0.0 5.0 1.0
2493.0342212362225 5.0 0.0 1546.0 154.6 2522.773853679379 252.27738536793794 9.0 9.0 0.0 5.0 1.0
2494.0497786969745 5.0 0.0 1546.0 154.6 2522.773853679379 252.27738536793794 9.0 9.0 0.0 5.0 1.0
2495.0342212362225 5.0 0.0 1546.0 154.6 2522.773853679379 252.27738536793794 9.0 9.0 0.0 5.0 1.0
2496.0497786969745 5.0 0.0 1546.0 154.6 2522.773853679379 252.27738536793794 9.0 9.0 0.0 5.0 1.0
2497.0342212362225 5.0 0.0 1546.0 154.6 2522.773853679379 252.27738536793794 9.0 9.0 0.0 5.0 1.0
2498.0497786969745 5.0 0.0 1546.0 154.6 2522.773853679379 252.27738536793794 9.0 9.0 0.0 5.0 1.0
2499.0342212362225 5.0 0.0 1546.0 154.6 2522.773853679379 252.27738536793794 9.0 9.0 0.0 5.0 1.0
2500.0497786969745 5.0 0.0 1546.0 154.6 2522.773853679379 252.27738536793794 9.0 9.0 0.0 5.0 1.0
2501.0342212362225 5.0 0.0 1546.0 154.6 2522.773853679379 252.27738536793794 9.0 9.0 0.0 5.0 1.0
2502.0497786969745 5.0 0.0 1546.0 154.6 2522.773853679379 252.27738536793794 9.0 9.0 0.0 5.0 1.0
2503.0342212362225 5.0 0.0 1546.0 154.6 2522.773853679379 252.27738536793794 9.0 9.0 0.0 5.0 1.0
2504.0497786969745 5.0 0.0 1546.0 154.6 2522.773853679379 252.27738536793794 9.0 9.0 0.0 5.0 1.0
2505.0342212362225 5.0 0.0 1546.0 154.6 2522.773853679379 252.27738536793794 9.0 9.0 0.0 5.0 1.0
2506.0497786969745 5.0 0.0 1546.0 154.6 2522.773853679379 252.27738536793794 9.0 9.0 0.0 5.0 1.0
2507.0342212362225 5.0 0.0 1546.0 154.6 2522.773853679379 252.27738536793794 9.0 9.0 0.0 5.0 1.0
2508.0497786969745 5.0 0.0 1546.0 154.6 2522.773853679379 252.27738536793794 9.0 9.0 0.0 5.0 1.0
2509.0342212362225 5.0 0.0 1546.0 154.6 2522.773853679379 252.27738536793794 9.0 9.0 0.0 5.0 1.0
2510.0497786969745 5.0 0.0 1546.0 154.6 2522.773853679379 252.27738536793794 9.0 9.0 0.0 5.0 1.0
2511.0342212362225 5.0 0.0 1546.0 154.6 2522.773853679379 252.27738536793794 9.0 9.0 0.0 5.0 1.0
2512.0497786969745 5.0 0.0 1546.0 154.6 2522.773853679379 252.27738536793794 9.0 9.0 0.0 5.0 1.0
2513.0342212362225 5.0 0.0 1546.0 154.6 2522.773853679379 252.27738536793794 9.0 9.0 0.0 5.0 1.0
2514.0497786969745 5.0 0.0 1546.0 154.6 2522.773853679379 252.27738536793794 9.0 9.0 0.0 5.0 1.0
2515.0342212362225 5.0 0.0 1546.0 154.6 2522.773853679379 252.27738536793794 9.0 9.0 0.0 5.0 1.0
2516.0497786969745 5.0 0.0 1546.0 154.6 2522.773853679379 252.27738536793794 9.0 9.0 0.0 5.0 1.0
2517.0342212362225 5.0 0.0 1546.0 154.6 2522.773853679379 252.27738536793794 9.0 9.0 0.0 5.0 1.0
2518.0497786969745 5.0 0.0 1546.0 154.6 2522.773853679379 252.27738536793794 9.0 9.0 0.0 5.0 1.0
2519.0342212362225 5.0 0.0 1546.0 154.6 2522.773853679379 252.27738536793794 9.0 9.0 0.0 5.0 1.0
2520.0497786969745 5.0 0.0 1546.0 154.6 2522.773853679379 252.27738536793794 9.0 9.0 0.0 5.0 1.0
2521.0342212362225 5.0 0.0 1546.0 154.6 2522.773853679379 252.27738536793794 9.0 9.0 0.0 5.0 1.0
2522.0497786969745 5.0 0.0 1546.0 154.6 2522.773853679379 252.27738536793794 9.0 9.0 0.0 5.0 1.0
2523.0342212362225 5.0 0.0 1546.0 154.6 2522.773853679379 252.27738536793794 9.0 9.0 0.0 5.0 1.0
2524.0497786969745 5.0 0.0 1546.0 154.6 2522.773853679379 252.27738536793794 9.0 9.0 0.0 5.0 1.0
2525.0342212362225 5.0 0.0 1546.0 154.6 2522.773853679379 252.27738536793794 9.0 9.0 0.0 5.0 1.0
2526.0497786969745 5.0 0.0 1546.0 154.6 2522.773853679379 252.27738536793794 9.0 9.0 0.0 5.0 1.0
2527.0342212362225 5.0 0.0 1546.0 154.6 2522.773853679379 252.27738536793794 9.0 9.0 0.0 5.0 1.0
2528.0497786969745 5.0 0.0 1546.0 154.6 2522.773853679379 252.27738536793794 9.0 9.0 0.0 5.0 1.0
2529.0342212362225 5.0 0.0 1546.0 154.6 2522.773853679379 252.27738536793794 9.0 9.0 0.0 5.0 1.0
2530.0497786969745 5.0 0.0 1546.0 154.6 2522.773853679379 252.27738536793794 9.0 9.0 0.0 5.0 1.0
2531.0342212362225 5.0 0.0 1546.0 154.6 2522.773853679379 252.27738536793794 9.0 9.0 0.0 5.0 1.0
2532.0497786969745 5.0 0.0 1546.0 154.6 2522.773853679379 252.27738536793794 9.0 9.0 0.0 5.0 1.0
2533.0342212362225 5.0 0.0 1546.0 154.6 2522.773853679379 252.27738536793794 9.0 9.0 0.0 5.0 1.0
2534.0497786969745 5.0 0.0 1546.0 154.6 2522.773853679379 252.27738536793794 9.0 9.0 0.0 5.0 1.0
2535.0342212362225 5.0 0.0 1546.0 154.6 2522.773853679379 252.27738536793794 9.0 9.0 0.0 5.0 1.0
2536.0497786969745 5.0 0.0 1546.0 154.6 2522.773853679379 252.27738536793794 9.0 9.0 0.0 5.0 1.0
2537.0342212362225 5.0 0.0 1546.0 154.6 2522.773853679379 252.27738536793794 9.0 9.0 0.0 5.0 1.0
2538.0497786969745 5.0 0.0 1546.0 154.6 2522.773853679379 252.27738536793794 9.0 9.0 0.0 5.0 1.0
2539.0342212362225 5.0 0.0 1546.0 154.6 2522.773853679379 252.27738536793794 9.0 9.0 0.0 5.0 1.0
2540.0497786969745 5.0 0.0 1546.0 154.6 2522.773853679379 252.27738536793794 9.0 9.0 0.0 5.0 1.0
2541.0342212362225 5.0 0.0 1546.0 154.6 2522.773853679379 252.27738536793794 9.0 9.0 0.0 5.0 1.0
2542.0497786969745 5.0 0.0 1546.0 154.6 2522.773853679379 252.27738536793794 9.0 9.0 0.0 5.0 1.0
2543.0342212362225 5.0 0.0 1546.0 154.6 2522.773853679379 252.27738536793794 9.0 9.0 0.0 5.0 1.0
2544.0497786969745 5.0 0.0 1546.0 154.6 2522.773853679379 252.27738536793794 9.0 9.0 0.0 5.0 1.0
2545.0342212362225 5.0 0.0 1546.0 154.6 2522.773853679379 252.27738536793794 9.0 9.0 0.0 5.0 1.0
2546.0497786969745 5.0 0.0 1546.0 154.6 2522.773853679379 252.27738536793794 9.0 9.0 0.0 5.0 1.0
2547.0342212362225 5.0 0.0 1546.0 154.6 2522.773853679379 252.27738536793794 9.0 9.0 0.0 5.0 1.0
2548.0497786969745 5.0 0.0 1546.0 154.6 2522.773853679379 252.27738536793794 9.0 9.0 0.0 5.0 1.0
2549.0342212362225 5.0 0.0 1546.0 154.6 2522.773853679379 252.27738536793794 9.0 9.0 0.0 5.0 1.0
2550.0497786969745 5.0 0.0 1546.0 154.6 2522.773853679379 252.27738536793794 9.0 9.0 0.0 5.0 1.0
2551.0342212362225 5.0 0.0 1546.0 154.6 2522.773853679379 252.27738536793794 9.0 9.0 0.0 5.0 1.0
2552.0497786969745 5.0 0.0 1546.0 154.6 2522.773853679379 252.27738536793794 9.0 9.0 0.0 5.0 1.0
2553.0342212362225 5.0 0.0 1546.0 154.6 2522.773853679379 252.27738536793794 9.0 9.0 0.0 5.0 1.0
2554.0497786969745 5.0 0.0 1546.0 154.6 2522.773853679379 252.27738536793794 9.0 9.0 0.0 5.0 1.0
2555.0342212362225 5.0 0.0 1546.0 154.6 2522.773853679379 252.27738536793794 9.0 9.0 0.0 5.0 1.0
2556.0497786969745 5.0 0.0 1546.0 154.6 2522.773853679379 252.27738536793794 9.0 9.0 0.0 5.0 1.0
2557.0342212362225 5.0 0.0 1546.0 154.6 2522.773853679379 252.27738536793794 9.0 9.0 0.0 5.0 1.0
2558.0497786969745 5.0 0.0 1546.0 154.6 2522.773853679379 252.27738536793794 9.0 9.0 0.0 5.0 1.0
2559.0342212362225 5.0 0.0 1546.0 154.6 2522.773853679379 252.27738536793794 9.0 9.0 0.0 5.0 1.0
2560.0497786969745 5.0 0.0 1546.0 154.6 2522.773853679379 252.27738536793794 9.0 9.0 0.0 5.0 1.0
2561.0342212362225 5.0 0.0 1546.0 154.6 2522.773853679379 252.27738536793794 9.0 9.0 0.0 5.0 1.0
2562.0497786969745 5.0 0.0 1546.0 154.6 2522.773853679379 252.27738536793794 9.0 9.0 0.0 5.0 1.0
2563.0342212362225 5.0 0.0 1546.0 154.6 2522.773853679379 252.27738536793794 9.0 9.0 0.0 5.0 1.0
2564.0497786969745 5.0 0.0 1546.0 154.6 2522.773853679379 252.27738536793794 9.0 9.0 0.0 5.0 1.0
2565.0342212362225 5.0 0.0 1546.0 154.6 2522.773853679379 252.27738536793794 9.0 9.0 0.0 5.0 1.0
2566.0497786969745 5.0 0.0 1546.0 154.6 2522.773853679379 252.27738536793794 9.0 9.0 0.0 5.0 1.0
2567.0342212362225 5.0 0.0 1546.0 154.6 2522.773853679379 252.27738536793794 9.0 9.0 0.0 5.0 1.0
2568.0497786969745 5.0 0.0 1546.0 154.6 2522.773853679379 252.27738536793794 9.0 9.0 0.0 5.0 1.0
2569.0342212362225 5.0 0.0 1546.0 154.6 2522.773853679379 252.27738536793794 9.0 9.0 0.0 5.0 1.0
2570.0497786969745 5.0 0.0 1546.0 154.6 2522.773853679379 252.27738536793794 9.0 9.0 0.0 5.0 1.0
2571.0342212362225 5.0 0.0 1546.0 154.6 2522.773853679379 252.27738536793794 9.0 9.0 0.0 5.0 1.0
2572.0497786969745 5.0 0.0 1546.0 154.6 2522.773853679379 252.27738536793794 9.0 9.0 0.0 5.0 1.0
2573.0342212362225 5.0 0.0 1546.0 154.6 2522.773853679379 252.27738536793794 9.0 9.0 0.0 5.0 1.0
2574.0497786969745 5.0 0.0 1546.0 154.6 2522.773853679379 252.27738536793794 9.0 9.0 0.0 5.0 1.0
2575.0342212362225 5.0 0.0 1546.0 154.6 2522.773853679379 252.27738536793794 9.0 9.0 0.0 5.0 1.0
2576.0497786969745 5.0 0.0 1546.0 154.6 2522.773853679379 252.27738536793794 9.0 9.0 0.0 5.0 1.0
2577.0342212362225 5.0 0.0 1546.0 154.6 2522.773853679379 252.27738536793794 9.0 9.0 0.0 5.0 1.0
2578.0497786969745 5.0 0.0 1546.0 154.6 2522.773853679379 252.27738536793794 9.0 9.0 0.0 5.0 1.0
2579.0342212362225 5.0 0.0 1546.0 154.6 2522.773853679379 252.27738536793794 9.0 9.0 0.0 5.0 1.0
2580.0497786969745 5.0 0.0 1546.0 154.6 2522.773853679379 252.27738536793794 9.0 9.0 0.0 5.0 1.0
2581.0342212362225 5.0 0.0 1546.0 154.6 2522.773853679379 252.27738536793794 9.0 9.0 0.0 5.0 1.0
2582.0497786969745 5.0 0.0 1546.0 154.6 2522.773853679379 252.27738536793794 9.0 9.0 0.0 5.0 1.0
2583.0342212362225 5.0 0.0 1546.0 154.6 2522.773853679379 252.27738536793794 9.0 9.0 0.0 5.0 1.0
2584.0497786969745 5.0 0.0 1546.0 154.6 2522.773853679379 252.27738536793794 9.0 9.0 0.0 5.0 1.0
2585.0342212362225 5.0 0.0 1546.0 154.6 2522.773853679379 252.27738536793794 9.0 9.0 0.0 5.0 1.0
2586.0497786969745 5.0 0.0 1546.0 154.6 2522.773853679379 252.27738536793794 9.0 9.0 0.0 5.0 1.0
2587.0342212362225 5.0 0.0 1546.0 154.6 2522.773853679379 252.27738536793794 9.0 9.0 0.0 5.0 1.0
2588.0497786969745 5.0 0.0 1546.0 154.6 2522.773853679379 252.27738536793794 9.0 9.0 0.0 5.0 1.0
2589.0342212362225 5.0 0.0 1546.0 154.6 2522.773853679379 252.27738536793794 9.0 9.0 0.0 5.0 1.0
2590.0497786969745 5.0 0.0 1546.0 154.6 2522.773853679379 252.27738536793794 9.0 9.0 0.0 5.0 1.0
2591.0342212362225 5.0 0.0 1546.0 154.6 2522.773853679379 252.27738536793794 9.0 9.0 0.0 5.0 1.0
2592.0497786969745 5.0 0.0 1546.0 154.6 2522.773853679379 252.27738536793794 9.0 9.0 0.0 5.0 1.0
2593.0342212362225 5.0 0.0 1546.0 154.6 2522.773853679379 252.27738536793794 9.0 9.0 0.0 5.0 1.0
2594.0497786969745 5.0 0.0 1546.0 154.6 2522.773853679379 252.27738536793794 9.0 9.0 0.0 5.0 1.0
2595.0342212362225 5.0 0.0 1546.0 154.6 2522.773853679379 252.27738536793794 9.0 9.0 0.0 5.0 1.0
2596.0497786969745 5.0 0.0 1546.0 154.6 2522.773853679379 252.27738536793794 9.0 9.0 0.0 5.0 1.0
2597.0342212362225 5.0 0.0 1546.0 154.6 2522.773853679379 252.27738536793794 9.0 9.0 0.0 5.0 1.0
2598.0497786969745 5.0 0.0 1546.0 154.6 2522.773853679379 252.27738536793794 9.0 9.0 0.0 5.0 1.0
2599.0342212362225 5.0 0.0 1546.0 154.6 2522.773853679379 252.27738536793794 9.0 9.0 0.0 5.0 1.0
2600.0497786969745 5.0 0.0 1546.0 154.6 2522.773853679379 252.27738536793794 9.0 9.0 0.0 5.0 1.0
2601.0342212362225 5.0 0.0 1546.0 154.6 2522.773853679379 252.27738536793794 9.0 9.0 0.0 5.0 1.0
2602.0497786969745 5.0 0.0 1546.0 154.6 2522.773853679379 252.27738536793794 9.0 9.0 0.0 5.0 1.0
2603.0342212362225 5.0 0.0 1546.0 154.6 2522.773853679379 252.27738536793794 9.0 9.0 0.0 5.0 1.0
2604.0497786969745 5.0 0.0 1546.0 154.6 2522.773853679379 252.27738536793794 9.0 9.0 0.0 5.0 1.0
2605.0342212362225 5.0 0.0 1546.0 154.6 2522.773853679379 252.27738536793794 9.0 9.0 0.0 5.0 1.0
2606.0497786969745 5.0 0.0 1546.0 154.6 2522.773853679379 252.27738536793794 9.0 9.0 0.0 5.0 1.0
2607.0342212362225 5.0 0.0 1546.0 154.6 2522.773853679379 252.27738536793794 9.0 9.0 0.0 5.0 1.0
2608.0497786969745 5.0 0.0 1546.0 154.6 2522.773853679379 252.27738536793794 9.0 9.0 0.0 5.0 1.0
2609.0342212362225 5.0 0.0 1546.0 154.6 2522.773853679379 252.27738536793794 9.0 9.0 0.0 5.0 1.0
2610.0497786969745 5.0 0.0 1546.0 154.6 2522.773853679379 252.27738536793794 9.0 9.0 0.0 5.0 1.0
2611.0342212362225 5.0 0.0 1546.0 154.6 2522.773853679379 252.27738536793794 9.0 9.0 0.0 5.0 1.0
2612.0497786969745 5.0 0.0 1546.0 154.6 2522.773853679379 252.27738536793794 9.0 9.0 0.0 5.0 1.0
2613.0342212362225 5.0 0.0 1546.0 154.6 2522.773853679379 252.27738536793794 9.0 9.0 0.0 5.0 1.0
2614.0497786969745 5.0 0.0 1546.0 154.6 2522.773853679379 252.27738536793794 9.0 9.0 0.0 5.0 1.0
2615.0342212362225 5.0 0.0 1546.0 154.6 2522.773853679379 252.27738536793794 9.0 9.0 0.0 5.0 1.0
2616.0497786969745 5.0 0.0 1546.0 154.6 2522.773853679379 252.27738536793794 9.0 9.0 0.0 5.0 1.0
2617.0342212362225 5.0 0.0 1546.0 154.6 2522.773853679379 252.27738536793794 9.0 9.0 0.0 5.0 1.0
2618.0497786969745 5.0 0.0 1546.0 154.6 2522.773853679379 252.27738536793794 9.0 9.0 0.0 5.0 1.0
2619.0342212362225 5.0 0.0 1546.0 154.6 2522.773853679379 252.27738536793794 9.0 9.0 0.0 5.0 1.0
2620.0497786969745 5.0 0.0 1546.0 154.6 2522.773853679379 252.27738536793794 9.0 9.0 0.0 5.0 1.0
2621.0342212362225 5.0 0.0 1546.0 154.6 2522.773853679379 252.27738536793794 9.0 9.0 0.0 5.0 1.0
2622.0497786969745 5.0 0.0 1546.0 154.6 2522.773853679379 252.27738536793794 9.0 9.0 0.0 5.0 1.0
2623.0342212362225 5.0 0.0 1546.0 154.6 2522.773853679379 252.27738536793794 9.0 9.0 0.0 5.0 1.0
2624.0497786969745 5.0 0.0 1546.0 154.6 2522.773853679379 252.27738536793794 9.0 9.0 0.0 5.0 1.0
2625.0342212362225 5.0 0.0 1546.0 154.6 2522.773853679379 252.27738536793794 9.0 9.0 0.0 5.0 1.0
2626.0497786969745 5.0 0.0 1546.0 154.6 2522.773853679379 252.27738536793794 9.0 9.0 0.0 5.0 1.0
2627.0342212362225 5.0 0.0 1546.0 154.6 2522.773853679379 252.27738536793794 9.0 9.0 0.0 5.0 1.0
2628.0497786969745 5.0 0.0 1546.0 154.6 2522.773853679379 252.27738536793794 9.0 9.0 0.0 5.0 1.0
2629.0342212362225 5.0 0.0 1546.0 154.6 2522.773853679379 252.27738536793794 9.0 9.0 0.0 5.0 1.0
2630.0497786969745 5.0 0.0 1546.0 154.6 2522.773853679379 252.27738536793794 9.0 9.0 0.0 5.0 1.0
2631.0342212362225 5.0 0.0 1546.0 154.6 2522.773853679379 252.27738536793794 9.0 9.0 0.0 5.0 1.0
2632.0497786969745 5.0 0.0 1546.0 154.6 2522.773853679379 252.27738536793794 9.0 9.0 0.0 5.0 1.0
2633.0342212362225 5.0 0.0 1546.0 154.6 2522.773853679379 252.27738536793794 9.0 9.0 0.0 5.0 1.0
2634.0497786969745 5.0 0.0 1546.0 154.6 2522.773853679379 252.27738536793794 9.0 9.0 0.0 5.0 1.0
2635.0342212362225 5.0 0.0 1546.0 154.6 2522.773853679379 252.27738536793794 9.0 9.0 0.0 5.0 1.0
2636.0497786969745 5.0 0.0 1546.0 154.6 2522.773853679379 252.27738536793794 9.0 9.0 0.0 5.0 1.0
2637.0342212362225 5.0 0.0 1546.0 154.6 2522.773853679379 252.27738536793794 9.0 9.0 0.0 5.0 1.0
2638.0497786969745 5.0 0.0 1546.0 154.6 2522.773853679379 252.27738536793794 9.0 9.0 0.0 5.0 1.0
2639.0342212362225 5.0 0.0 1546.0 154.6 2522.773853679379 252.27738536793794 9.0 9.0 0.0 5.0 1.0
2640.0497786969745 5.0 0.0 1546.0 154.6 2522.773853679379 252.27738536793794 9.0 9.0 0.0 5.0 1.0
2641.0342212362225 5.0 0.0 1546.0 154.6 2522.773853679379 252.27738536793794 9.0 9.0 0.0 5.0 1.0
2642.0497786969745 5.0 0.0 1546.0 154.6 2522.773853679379 252.27738536793794 9.0 9.0 0.0 5.0 1.0
2643.0342212362225 5.0 0.0 1546.0 154.6 2522.773853679379 252.27738536793794 9.0 9.0 0.0 5.0 1.0
2644.0497786969745 5.0 0.0 1546.0 154.6 2522.773853679379 252.27738536793794 9.0 9.0 0.0 5.0 1.0
2645.0342212362225 5.0 0.0 1546.0 154.6 2522.773853679379 252.27738536793794 9.0 9.0 0.0 5.0 1.0
2646.0497786969745 5.0 0.0 1546.0 154.6 2522.773853679379 252.27738536793794 9.0 9.0 0.0 5.0 1.0
2647.0342212362225 5.0 0.0 1546.0 154.6 2522.773853679379 252.27738536793794 9.0 9.0 0.0 5.0 1.0
2648.0497786969745 5.0 0.0 1546.0 154.6 2522.773853679379 252.27738536793794 9.0 9.0 0.0 5.0 1.0
2649.0342212362225 5.0 0.0 1546.0 154.6 2522.773853679379 252.27738536793794 9.0 9.0 0.0 5.0 1.0
2650.0497786969745 5.0 0.0 1546.0 154.6 2522.773853679379 252.27738536793794 9.0 9.0 0.0 5.0 1.0
2651.0342212362225 5.0 0.0 1546.0 154.6 2522.773853679379 252.27738536793794 9.0 9.0 0.0 5.0 1.0
2652.0497786969745 5.0 0.0 1546.0 154.6 2522.773853679379 252.27738536793794 9.0 9.0 0.0 5.0 1.0
2653.0342212362225 5.0 0.0 1546.0 154.6 2522.773853679379 252.27738536793794 9.0 9.0 0.0 5.0 1.0
2654.0497786969745 5.0 0.0 1546.0 154.6 2522.773853679379 252.27738536793794 9.0 9.0 0.0 5.0 1.0
2655.0342212362225 5.0 0.0 1546.0 154.6 2522.773853679379 252.27738536793794 9.0 9.0 0.0 5.0 1.0
2656.0497786969745 5.0 0.0 1546.0 154.6 2522.773853679379 252.27738536793794 9.0 9.0 0.0 5.0 1.0
2657.0342212362225 5.0 0.0 1546.0 154.6 2522.773853679379 252.27738536793794 9.0 9.0 0.0 5.0 1.0
2658.0497786969745 5.0 0.0 1546.0 154.6 2522.773853679379 252.27738536793794 9.0 9.0 0.0 5.0 1.0
2659.0342212362225 5.0 0.0 1546.0 154.6 2522.773853679379 252.27738536793794 9.0 9.0 0.0 5.0 1.0
2660.0497786969745 5.0 0.0 1546.0 154.6 2522.773853679379 252.27738536793794 9.0 9.0 0.0 5.0 1.0
2661.0342212362225 5.0 0.0 1546.0 154.6 2522.773853679379 252.27738536793794 9.0 9.0 0.0 5.0 1.0
2662.0497786969745 5.0 0.0 1546.0 154.6 2522.773853679379 252.27738536793794 9.0 9.0 0.0 5.0 1.0
2663.0342212362225 5.0 0.0 1546.0 154.6 2522.773853679379 252.27738536793794 9.0 9.0 0.0 5.0 1.0
2664.0497786969745 5.0 0.0 1546.0 154.6 2522.773853679379 252.27738536793794 9.0 9.0 0.0 5.0 1.0
2665.0342212362225 5.0 0.0 1546.0 154.6 2522.773853679379 252.27738536793794 9.0 9.0 0.0 5.0 1.0
2666.0497786969745 5.0 0.0 1546.0 154.6 2522.773853679379 252.27738536793794 9.0 9.0 0.0 5.0 1.0
2667.0342212362225 5.0 0.0 1546.0 154.6 2522.773853679379 252.27738536793794 9.0 9.0 0.0 5.0 1.0
2668.0497786969745 5.0 0.0 1546.0 154.6 2522.773853679379 252.27738536793794 9.0 9.0 0.0 5.0 1.0
2669.0342212362225 5.0 0.0 1546.0 154.6 2522.773853679379 252.27738536793794 9.0 9.0 0.0 5.0 1.0
2670.0497786969745 5.0 0.0 1546.0 154.6 2522.773853679379 252.27738536793794 9.0 9.0 0.0 5.0 1.0
2671.0342212362225 5.0 0.0 1546.0 154.6 2522.773853679379 252.27738536793794 9.0 9.0 0.0 5.0 1.0
2672.0497786969745 5.0 0.0 1546.0 154.6 2522.773853679379 252.27738536793794 9.0 9.0 0.0 5.0 1.0
2673.0342212362225 5.0 0.0 1546.0 154.6 2522.773853679379 252.27738536793794 9.0 9.0 0.0 5.0 1.0
2674.0497786969745 5.0 0.0 1546.0 154.6 2522.773853679379 252.27738536793794 9.0 9.0 0.0 5.0 1.0
2675.0342212362225 5.0 0.0 1546.0 154.6 2522.773853679379 252.27738536793794 9.0 9.0 0.0 5.0 1.0
2676.0497786969745 5.0 0.0 1546.0 154.6 2522.773853679379 252.27738536793794 9.0 9.0 0.0 5.0 1.0
2677.0342212362225 5.0 0.0 1546.0 154.6 2522.773853679379 252.27738536793794 9.0 9.0 0.0 5.0 1.0
2678.0497786969745 5.0 0.0 1546.0 154.6 2522.773853679379 252.27738536793794 9.0 9.0 0.0 5.0 1.0
2679.0342212362225 5.0 0.0 1546.0 154.6 2522.773853679379 252.27738536793794 9.0 9.0 0.0 5.0 1.0
2680.0497786969745 5.0 0.0 1546.0 154.6 2522.773853679379 252.27738536793794 9.0 9.0 0.0 5.0 1.0
2681.0342212362225 5.0 0.0 1546.0 154.6 2522.773853679379 252.27738536793794 9.0 9.0 0.0 5.0 1.0
2682.0497786969745 5.0 0.0 1546.0 154.6 2522.773853679379 252.27738536793794 9.0 9.0 0.0 5.0 1.0
2683.0342212362225 5.0 0.0 1546.0 154.6 2522.773853679379 252.27738536793794 9.0 9.0 0.0 5.0 1.0
2684.0497786969745 5.0 0.0 1546.0 154.6 2522.773853679379 252.27738536793794 9.0 9.0 0.0 5.0 1.0
2685.0342212362225 5.0 0.0 1546.0 154.6 2522.773853679379 252.27738536793794 9.0 9.0 0.0 5.0 1.0
2686.0497786969745 5.0 0.0 1546.0 154.6 2522.773853679379 252.27738536793794 9.0 9.0 0.0 5.0 1.0
2687.0342212362225 5.0 0.0 1546.0 154.6 2522.773853679379 252.27738536793794 9.0 9.0 0.0 5.0 1.0
2688.0497786969745 5.0 0.0 1546.0 154.6 2522.773853679379 252.27738536793794 9.0 9.0 0.0 5.0 1.0
2689.0342212362225 5.0 0.0 1546.0 154.6 2522.773853679379 252.27738536793794 9.0 9.0 0.0 5.0 1.0
2690.0497786969745 5.0 0.0 1546.0 154.6 2522.773853679379 252.27738536793794 9.0 9.0 0.0 5.0 1.0
2691.0342212362225 5.0 0.0 1546.0 154.6 2522.773853679379 252.27738536793794 9.0 9.0 0.0 5.0 1.0
2692.0497786969745 5.0 0.0 1546.0 154.6 2522.773853679379 252.27738536793794 9.0 9.0 0.0 5.0 1.0
2693.0342212362225 5.0 0.0 1546.0 154.6 2522.773853679379 252.27738536793794 9.0 9.0 0.0 5.0 1.0
2694.0497786969745 5.0 0.0 1546.0 154.6 2522.773853679379 252.27738536793794 9.0 9.0 0.0 5.0 1.0
2695.0342212362225 5.0 0.0 1546.0 154.6 2522.773853679379 252.27738536793794 9.0 9.0 0.0 5.0 1.0
2696.0497786969745 5.0 0.0 1546.0 154.6 2522.773853679379 252.27738536793794 9.0 9.0 0.0 5.0 1.0
2697.0342212362225 5.0 0.0 1546.0 154.6 2522.773853679379 252.27738536793794 9.0 9.0 0.0 5.0 1.0
2698.0497786969745 5.0 0.0 1546.0 154.6 2522.773853679379 252.27738536793794 9.0 9.0 0.0 5.0 1.0
2699.0342212362225 5.0 0.0 1546.0 154.6 2522.773853679379 252.27738536793794 9.0 9.0 0.0 5.0 1.0
2700.0497786969745 5.0 0.0 1546.0 154.6 2522.773853679379 252.27738536793794 9.0 9.0 0.0 5.0 1.0
2701.0342212362225 5.0 0.0 1546.0 154.6 2522.773853679379 252.27738536793794 9.0 9.0 0.0 5.0 1.0
2702.0497786969745 5.0 0.0 1546.0 154.6 2522.773853679379 252.27738536793794 9.0 9.0 0.0 5.0 1.0
2703.0342212362225 5.0 0.0 1546.0 154.6 2522.773853679379 252.27738536793794 9.0 9.0 0.0 5.0 1.0
2704.0497786969745 5.0 0.0 1546.0 154.6 2522.773853679379 252.27738536793794 9.0 9.0 0.0 5.0 1.0
2705.0342212362225 5.0 0.0 1546.0 154.6 2522.773853679379 252.27738536793794 9.0 9.0 0.0 5.0 1.0
2706.0497786969745 5.0 0.0 1546.0 154.6 2522.773853679379 252.27738536793794 9.0 9.0 0.0 5.0 1.0
2707.0342212362225 5.0 0.0 1546.0 154.6 2522.773853679379 252.27738536793794 9.0 9.0 0.0 5.0 1.0
2708.0497786969745 5.0 0.0 1546.0 154.6 2522.773853679379 252.27738536793794 9.0 9.0 0.0 5.0 1.0
2709.0342212362225 5.0 0.0 1546.0 154.6 2522.773853679379 252.27738536793794 9.0 9.0 0.0 5.0 1.0
2710.0497786969745 5.0 0.0 1546.0 154.6 2522.773853679379 252.27738536793794 9.0 9.0 0.0 5.0 1.0
2711.0342212362225 5.0 0.0 1546.0 154.6 2522.773853679379 252.27738536793794 9.0 9.0 0.0 5.0 1.0
2712.0497786969745 5.0 0.0 1546.0 154.6 2522.773853679379 252.27738536793794 9.0 9.0 0.0 5.0 1.0
2713.0342212362225 5.0 0.0 1546.0 154.6 2522.773853679379 252.27738536793794 9.0 9.0 0.0 5.0 1.0
2714.0497786969745 5.0 0.0 1546.0 154.6 2522.773853679379 252.27738536793794 9.0 9.0 0.0 5.0 1.0
2715.0342212362225 5.0 0.0 1546.0 154.6 2522.773853679379 252.27738536793794 9.0 9.0 0.0 5.0 1.0
2716.0497786969745 5.0 0.0 1546.0 154.6 2522.773853679379 252.27738536793794 9.0 9.0 0.0 5.0 1.0
2717.0342212362225 5.0 0.0 1546.0 154.6 2522.773853679379 252.27738536793794 9.0 9.0 0.0 5.0 1.0
2718.0497786969745 5.0 0.0 1546.0 154.6 2522.773853679379 252.27738536793794 9.0 9.0 0.0 5.0 1.0
2719.0342212362225 5.0 0.0 1546.0 154.6 2522.773853679379 252.27738536793794 9.0 9.0 0.0 5.0 1.0
2720.0497786969745 5.0 0.0 1546.0 154.6 2522.773853679379 252.27738536793794 9.0 9.0 0.0 5.0 1.0
2721.0342212362225 5.0 0.0 1546.0 154.6 2522.773853679379 252.27738536793794 9.0 9.0 0.0 5.0 1.0
2722.0497786969745 5.0 0.0 1546.0 154.6 2522.773853679379 252.27738536793794 9.0 9.0 0.0 5.0 1.0
2723.0342212362225 5.0 0.0 1546.0 154.6 2522.773853679379 252.27738536793794 9.0 9.0 0.0 5.0 1.0
2724.0497786969745 5.0 0.0 1546.0 154.6 2522.773853679379 252.27738536793794 9.0 9.0 0.0 5.0 1.0
2725.0342212362225 5.0 0.0 1546.0 154.6 2522.773853679379 252.27738536793794 9.0 9.0 0.0 5.0 1.0
2726.0497786969745 5.0 0.0 1546.0 154.6 2522.773853679379 252.27738536793794 9.0 9.0 0.0 5.0 1.0
2727.0342212362225 5.0 0.0 1546.0 154.6 2522.773853679379 252.27738536793794 9.0 9.0 0.0 5.0 1.0
2728.0497786969745 5.0 0.0 1546.0 154.6 2522.773853679379 252.27738536793794 9.0 9.0 0.0 5.0 1.0
2729.0342212362225 5.0 0.0 1546.0 154.6 2522.773853679379 252.27738536793794 9.0 9.0 0.0 5.0 1.0
2730.0497786969745 5.0 0.0 1546.0 154.6 2522.773853679379 252.27738536793794 9.0 9.0 0.0 5.0 1.0
2731.0342212362225 5.0 0.0 1546.0 154.6 2522.773853679379 252.27738536793794 9.0 9.0 0.0 5.0 1.0
2732.0497786969745 5.0 0.0 1546.0 154.6 2522.773853679379 252.27738536793794 9.0 9.0 0.0 5.0 1.0
2733.0342212362225 5.0 0.0 1546.0 154.6 2522.773853679379 252.27738536793794 9.0 9.0 0.0 5.0 1.0
2734.0497786969745 5.0 0.0 1546.0 154.6 2522.773853679379 252.27738536793794 9.0 9.0 0.0 5.0 1.0
2735.0342212362225 5.0 0.0 1546.0 154.6 2522.773853679379 252.27738536793794 9.0 9.0 0.0 5.0 1.0
2736.0497786969745 5.0 0.0 1546.0 154.6 2522.773853679379 252.27738536793794 9.0 9.0 0.0 5.0 1.0
2737.0342212362225 5.0 0.0 1546.0 154.6 2522.773853679379 252.27738536793794 9.0 9.0 0.0 5.0 1.0
2738.0497786969745 5.0 0.0 1546.0 154.6 2522.773853679379 252.27738536793794 9.0 9.0 0.0 5.0 1.0
2739.0342212362225 5.0 0.0 1546.0 154.6 2522.773853679379 252.27738536793794 9.0 9.0 0.0 5.0 1.0
2740.0497786969745 5.0 0.0 1546.0 154.6 2522.773853679379 252.27738536793794 9.0 9.0 0.0 5.0 1.0
2741.0342212362225 5.0 0.0 1546.0 154.6 2522.773853679379 252.27738536793794 9.0 9.0 0.0 5.0 1.0
2742.0497786969745 5.0 0.0 1546.0 154.6 2522.773853679379 252.27738536793794 9.0 9.0 0.0 5.0 1.0
2743.0342212362225 5.0 0.0 1546.0 154.6 2522.773853679379 252.27738536793794 9.0 9.0 0.0 5.0 1.0
2744.0497786969745 5.0 0.0 1546.0 154.6 2522.773853679379 252.27738536793794 9.0 9.0 0.0 5.0 1.0
2745.0342212362225 5.0 0.0 1546.0 154.6 2522.773853679379 252.27738536793794 9.0 9.0 0.0 5.0 1.0
2746.0497786969745 5.0 0.0 1546.0 154.6 2522.773853679379 252.27738536793794 9.0 9.0 0.0 5.0 1.0
2747.0342212362225 5.0 0.0 1546.0 154.6 2522.773853679379 252.27738536793794 9.0 9.0 0.0 5.0 1.0
2748.0497786969745 5.0 0.0 1546.0 154.6 2522.773853679379 252.27738536793794 9.0 9.0 0.0 5.0 1.0
2749.0342212362225 5.0 0.0 1546.0 154.6 2522.773853679379 252.27738536793794 9.0 9.0 0.0 5.0 1.0
2750.0497786969745 5.0 0.0 1546.0 154.6 2522.773853679379 252.27738536793794 9.0 9.0 0.0 5.0 1.0
2751.0342212362225 5.0 0.0 1546.0 154.6 2522.773853679379 252.27738536793794 9.0 9.0 0.0 5.0 1.0
2752.0497786969745 5.0 0.0 1546.0 154.6 2522.773853679379 252.27738536793794 9.0 9.0 0.0 5.0 1.0
2753.0342212362225 5.0 0.0 1546.0 154.6 2522.773853679379 252.27738536793794 9.0 9.0 0.0 5.0 1.0
2754.0497786969745 5.0 0.0 1546.0 154.6 2522.773853679379 252.27738536793794 9.0 9.0 0.0 5.0 1.0
2755.0342212362225 5.0 0.0 1546.0 154.6 2522.773853679379 252.27738536793794 9.0 9.0 0.0 5.0 1.0
2756.0497786969745 5.0 0.0 1546.0 154.6 2522.773853679379 252.27738536793794 9.0 9.0 0.0 5.0 1.0
2757.0342212362225 5.0 0.0 1546.0 154.6 2522.773853679379 252.27738536793794 9.0 9.0 0.0 5.0 1.0
2758.0497786969745 5.0 0.0 1546.0 154.6 2522.773853679379 252.27738536793794 9.0 9.0 0.0 5.0 1.0
2759.0342212362225 5.0 0.0 1546.0 154.6 2522.773853679379 252.27738536793794 9.0 9.0 0.0 5.0 1.0
2760.0497786969745 5.0 0.0 1546.0 154.6 2522.773853679379 252.27738536793794 9.0 9.0 0.0 5.0 1.0
2761.0342212362225 5.0 0.0 1546.0 154.6 2522.773853679379 252.27738536793794 9.0 9.0 0.0 5.0 1.0
2762.0497786969745 5.0 0.0 1546.0 154.6 2522.773853679379 252.27738536793794 9.0 9.0 0.0 5.0 1.0
2763.0342212362225 5.0 0.0 1546.0 154.6 2522.773853679379 252.27738536793794 9.0 9.0 0.0 5.0 1.0
2764.0497786969745 5.0 0.0 1546.0 154.6 2522.773853679379 252.27738536793794 9.0 9.0 0.0 5.0 1.0
2765.0342212362225 5.0 0.0 1546.0 154.6 2522.773853679379 252.27738536793794 9.0 9.0 0.0 5.0 1.0
2766.0497786969745 5.0 0.0 1546.0 154.6 2522.773853679379 252.27738536793794 9.0 9.0 0.0 5.0 1.0
2767.0342212362225 5.0 0.0 1546.0 154.6 2522.773853679379 252.27738536793794 9.0 9.0 0.0 5.0 1.0
2768.0497786969745 5.0 0.0 1546.0 154.6 2522.773853679379 252.27738536793794 9.0 9.0 0.0 5.0 1.0
2769.0342212362225 5.0 0.0 1546.0 154.6 2522.773853679379 252.27738536793794 9.0 9.0 0.0 5.0 1.0
2770.0497786969745 5.0 0.0 1546.0 154.6 2522.773853679379 252.27738536793794 9.0 9.0 0.0 5.0 1.0
2771.0342212362225 5.0 0.0 1546.0 154.6 2522.773853679379 252.27738536793794 9.0 9.0 0.0 5.0 1.0
2772.0497786969745 5.0 0.0 1546.0 154.6 2522.773853679379 252.27738536793794 9.0 9.0 0.0 5.0 1.0
2773.0342212362225 5.0 0.0 1546.0 154.6 2522.773853679379 252.27738536793794 9.0 9.0 0.0 5.0 1.0
2774.0497786969745 5.0 0.0 1546.0 154.6 2522.773853679379 252.27738536793794 9.0 9.0 0.0 5.0 1.0
2775.0342212362225 5.0 0.0 1546.0 154.6 2522.773853679379 252.27738536793794 9.0 9.0 0.0 5.0 1.0
2776.0497786969745 5.0 0.0 1546.0 154.6 2522.773853679379 252.27738536793794 9.0 9.0 0.0 5.0 1.0
2777.0342212362225 5.0 0.0 1546.0 154.6 2522.773853679379 252.27738536793794 9.0 9.0 0.0 5.0 1.0
2778.0497786969745 5.0 0.0 1546.0 154.6 2522.773853679379 252.27738536793794 9.0 9.0 0.0 5.0 1.0
2779.0342212362225 5.0 0.0 1546.0 154.6 2522.773853679379 252.27738536793794 9.0 9.0 0.0 5.0 1.0
2780.0497786969745 5.0 0.0 1546.0 154.6 2522.773853679379 252.27738536793794 9.0 9.0 0.0 5.0 1.0
2781.0342212362225 5.0 0.0 1546.0 154.6 2522.773853679379 252.27738536793794 9.0 9.0 0.0 5.0 1.0
2782.0497786969745 5.0 0.0 1546.0 154.6 2522.773853679379 252.27738536793794 9.0 9.0 0.0 5.0 1.0
2783.0342212362225 5.0 0.0 1546.0 154.6 2522.773853679379 252.27738536793794 9.0 9.0 0.0 5.0 1.0
2784.0497786969745 5.0 0.0 1546.0 154.6 2522.773853679379 252.27738536793794 9.0 9.0 0.0 5.0 1.0
2785.0342212362225 5.0 0.0 1546.0 154.6 2522.773853679379 252.27738536793794 9.0 9.0 0.0 5.0 1.0
2786.0497786969745 5.0 0.0 1546.0 154.6 2522.773853679379 252.27738536793794 9.0 9.0 0.0 5.0 1.0
2787.0342212362225 5.0 0.0 1546.0 154.6 2522.773853679379 252.27738536793794 9.0 9.0 0.0 5.0 1.0
2788.0497786969745 5.0 0.0 1546.0 154.6 2522.773853679379 252.27738536793794 9.0 9.0 0.0 5.0 1.0
2789.0342212362225 5.0 0.0 1546.0 154.6 2522.773853679379 252.27738536793794 9.0 9.0 0.0 5.0 1.0
2790.0497786969745 5.0 0.0 1546.0 154.6 2522.773853679379 252.27738536793794 9.0 9.0 0.0 5.0 1.0
2791.0342212362225 5.0 0.0 1546.0 154.6 2522.773853679379 252.27738536793794 9.0 9.0 0.0 5.0 1.0
2792.0497786969745 5.0 0.0 1546.0 154.6 2522.773853679379 252.27738536793794 9.0 9.0 0.0 5.0 1.0
2793.0342212362225 5.0 0.0 1546.0 154.6 2522.773853679379 252.27738536793794 9.0 9.0 0.0 5.0 1.0
2794.0497786969745 5.0 0.0 1546.0 154.6 2522.773853679379 252.27738536793794 9.0 9.0 0.0 5.0 1.0
2795.0342212362225 5.0 0.0 1546.0 154.6 2522.773853679379 252.27738536793794 9.0 9.0 0.0 5.0 1.0
2796.0497786969745 5.0 0.0 1546.0 154.6 2522.773853679379 252.27738536793794 9.0 9.0 0.0 5.0 1.0
2797.0342212362225 5.0 0.0 1546.0 154.6 2522.773853679379 252.27738536793794 9.0 9.0 0.0 5.0 1.0
2798.0497786969745 5.0 0.0 1546.0 154.6 2522.773853679379 252.27738536793794 9.0 9.0 0.0 5.0 1.0
2799.0342212362225 5.0 0.0 1546.0 154.6 2522.773853679379 252.27738536793794 9.0 9.0 0.0 5.0 1.0
2800.0497786969745 5.0 0.0 1546.0 154.6 2522.773853679379 252.27738536793794 9.0 9.0 0.0 5.0 1.0
2801.0342212362225 5.0 0.0 1546.0 154.6 2522.773853679379 252.27738536793794 9.0 9.0 0.0 5.0 1.0
2802.0497786969745 5.0 0.0 1546.0 154.6 2522.773853679379 252.27738536793794 9.0 9.0 0.0 5.0 1.0
2803.0342212362225 5.0 0.0 1546.0 154.6 2522.773853679379 252.27738536793794 9.0 9.0 0.0 5.0 1.0
2804.0497786969745 5.0 0.0 1546.0 154.6 2522.773853679379 252.27738536793794 9.0 9.0 0.0 5.0 1.0
2805.0342212362225 5.0 0.0 1546.0 154.6 2522.773853679379 252.27738536793794 9.0 9.0 0.0 5.0 1.0
2806.0497786969745 5.0 0.0 1546.0 154.6 2522.773853679379 252.27738536793794 9.0 9.0 0.0 5.0 1.0
2807.0342212362225 5.0 0.0 1546.0 154.6 2522.773853679379 252.27738536793794 9.0 9.0 0.0 5.0 1.0
2808.0497786969745 5.0 0.0 1546.0 154.6 2522.773853679379 252.27738536793794 9.0 9.0 0.0 5.0 1.0
2809.0342212362225 5.0 0.0 1546.0 154.6 2522.773853679379 252.27738536793794 9.0 9.0 0.0 5.0 1.0
2810.0497786969745 5.0 0.0 1546.0 154.6 2522.773853679379 252.27738536793794 9.0 9.0 0.0 5.0 1.0
2811.0342212362225 5.0 0.0 1546.0 154.6 2522.773853679379 252.27738536793794 9.0 9.0 0.0 5.0 1.0
2812.0497786969745 5.0 0.0 1546.0 154.6 2522.773853679379 252.27738536793794 9.0 9.0 0.0 5.0 1.0
2813.0342212362225 5.0 0.0 1546.0 154.6 2522.773853679379 252.27738536793794 9.0 9.0 0.0 5.0 1.0
2814.0497786969745 5.0 0.0 1546.0 154.6 2522.773853679379 252.27738536793794 9.0 9.0 0.0 5.0 1.0
2815.0342212362225 5.0 0.0 1546.0 154.6 2522.773853679379 252.27738536793794 9.0 9.0 0.0 5.0 1.0
2816.0497786969745 5.0 0.0 1546.0 154.6 2522.773853679379 252.27738536793794 9.0 9.0 0.0 5.0 1.0
2817.0342212362225 5.0 0.0 1546.0 154.6 2522.773853679379 252.27738536793794 9.0 9.0 0.0 5.0 1.0
2818.0497786969745 5.0 0.0 1546.0 154.6 2522.773853679379 252.27738536793794 9.0 9.0 0.0 5.0 1.0
2819.0342212362225 5.0 0.0 1546.0 154.6 2522.773853679379 252.27738536793794 9.0 9.0 0.0 5.0 1.0
2820.0497786969745 5.0 0.0 1546.0 154.6 2522.773853679379 252.27738536793794 9.0 9.0 0.0 5.0 1.0
2821.0342212362225 5.0 0.0 1546.0 154.6 2522.773853679379 252.27738536793794 9.0 9.0 0.0 5.0 1.0
2822.0497786969745 5.0 0.0 1546.0 154.6 2522.773853679379 252.27738536793794 9.0 9.0 0.0 5.0 1.0
2823.0342212362225 5.0 0.0 1546.0 154.6 2522.773853679379 252.27738536793794 9.0 9.0 0.0 5.0 1.0
2824.0497786969745 5.0 0.0 1546.0 154.6 2522.773853679379 252.27738536793794 9.0 9.0 0.0 5.0 1.0
2825.0342212362225 5.0 0.0 1546.0 154.6 2522.773853679379 252.27738536793794 9.0 9.0 0.0 5.0 1.0
2826.0497786969745 5.0 0.0 1546.0 154.6 2522.773853679379 252.27738536793794 9.0 9.0 0.0 5.0 1.0
2827.0342212362225 5.0 0.0 1546.0 154.6 2522.773853679379 252.27738536793794 9.0 9.0 0.0 5.0 1.0
2828.0497786969745 5.0 0.0 1546.0 154.6 2522.773853679379 252.27738536793794 9.0 9.0 0.0 5.0 1.0
2829.0342212362225 5.0 0.0 1546.0 154.6 2522.773853679379 252.27738536793794 9.0 9.0 0.0 5.0 1.0
2830.0497786969745 5.0 0.0 1546.0 154.6 2522.773853679379 252.27738536793794 9.0 9.0 0.0 5.0 1.0
2831.0342212362225 5.0 0.0 1546.0 154.6 2522.773853679379 252.27738536793794 9.0 9.0 0.0 5.0 1.0
2832.0497786969745 5.0 0.0 1546.0 154.6 2522.773853679379 252.27738536793794 9.0 9.0 0.0 5.0 1.0
2833.0342212362225 5.0 0.0 1546.0 154.6 2522.773853679379 252.27738536793794 9.0 9.0 0.0 5.0 1.0
2834.0497786969745 5.0 0.0 1546.0 154.6 2522.773853679379 252.27738536793794 9.0 9.0 0.0 5.0 1.0
2835.0342212362225 5.0 0.0 1546.0 154.6 2522.773853679379 252.27738536793794 9.0 9.0 0.0 5.0 1.0
2836.0497786969745 5.0 0.0 1546.0 154.6 2522.773853679379 252.27738536793794 9.0 9.0 0.0 5.0 1.0
2837.0342212362225 5.0 0.0 1546.0 154.6 2522.773853679379 252.27738536793794 9.0 9.0 0.0 5.0 1.0
2838.0497786969745 5.0 0.0 1546.0 154.6 2522.773853679379 252.27738536793794 9.0 9.0 0.0 5.0 1.0
2839.0342212362225 5.0 0.0 1546.0 154.6 2522.773853679379 252.27738536793794 9.0 9.0 0.0 5.0 1.0
2840.0497786969745 5.0 0.0 1546.0 154.6 2522.773853679379 252.27738536793794 9.0 9.0 0.0 5.0 1.0
2841.0342212362225 5.0 0.0 1546.0 154.6 2522.773853679379 252.27738536793794 9.0 9.0 0.0 5.0 1.0
2842.0497786969745 5.0 0.0 1546.0 154.6 2522.773853679379 252.27738536793794 9.0 9.0 0.0 5.0 1.0
2843.0342212362225 5.0 0.0 1546.0 154.6 2522.773853679379 252.27738536793794 9.0 9.0 0.0 5.0 1.0
2844.0497786969745 5.0 0.0 1546.0 154.6 2522.773853679379 252.27738536793794 9.0 9.0 0.0 5.0 1.0
2845.0342212362225 5.0 0.0 1546.0 154.6 2522.773853679379 252.27738536793794 9.0 9.0 0.0 5.0 1.0
2846.0497786969745 5.0 0.0 1546.0 154.6 2522.773853679379 252.27738536793794 9.0 9.0 0.0 5.0 1.0
2847.0342212362225 5.0 0.0 1546.0 154.6 2522.773853679379 252.27738536793794 9.0 9.0 0.0 5.0 1.0
2848.0497786969745 5.0 0.0 1546.0 154.6 2522.773853679379 252.27738536793794 9.0 9.0 0.0 5.0 1.0
2849.0342212362225 5.0 0.0 1546.0 154.6 2522.773853679379 252.27738536793794 9.0 9.0 0.0 5.0 1.0
2850.0497786969745 5.0 0.0 1546.0 154.6 2522.773853679379 252.27738536793794 9.0 9.0 0.0 5.0 1.0
2851.0342212362225 5.0 0.0 1546.0 154.6 2522.773853679379 252.27738536793794 9.0 9.0 0.0 5.0 1.0
2852.0497786969745 5.0 0.0 1546.0 154.6 2522.773853679379 252.27738536793794 9.0 9.0 0.0 5.0 1.0
2853.0342212362225 5.0 0.0 1546.0 154.6 2522.773853679379 252.27738536793794 9.0 9.0 0.0 5.0 1.0
2854.0497786969745 5.0 0.0 1546.0 154.6 2522.773853679379 252.27738536793794 9.0 9.0 0.0 5.0 1.0
2855.0342212362225 5.0 0.0 1546.0 154.6 2522.773853679379 252.27738536793794 9.0 9.0 0.0 5.0 1.0
2856.0497786969745 5.0 0.0 1546.0 154.6 2522.773853679379 252.27738536793794 9.0 9.0 0.0 5.0 1.0
2857.0342212362225 5.0 0.0 1546.0 154.6 2522.773853679379 252.27738536793794 9.0 9.0 0.0 5.0 1.0
2858.0497786969745 5.0 0.0 1546.0 154.6 2522.773853679379 252.27738536793794 9.0 9.0 0.0 5.0 1.0
2859.0342212362225 5.0 0.0 1546.0 154.6 2522.773853679379 252.27738536793794 9.0 9.0 0.0 5.0 1.0
2860.0497786969745 5.0 0.0 1546.0 154.6 2522.773853679379 252.27738536793794 9.0 9.0 0.0 5.0 1.0
2861.0342212362225 5.0 0.0 1546.0 154.6 2522.773853679379 252.27738536793794 9.0 9.0 0.0 5.0 1.0
2862.0497786969745 5.0 0.0 1546.0 154.6 2522.773853679379 252.27738536793794 9.0 9.0 0.0 5.0 1.0
2863.0342212362225 5.0 0.0 1546.0 154.6 2522.773853679379 252.27738536793794 9.0 9.0 0.0 5.0 1.0
2864.0497786969745 5.0 0.0 1546.0 154.6 2522.773853679379 252.27738536793794 9.0 9.0 0.0 5.0 1.0
2865.0342212362225 5.0 0.0 1546.0 154.6 2522.773853679379 252.27738536793794 9.0 9.0 0.0 5.0 1.0
2866.0497786969745 5.0 0.0 1546.0 154.6 2522.773853679379 252.27738536793794 9.0 9.0 0.0 5.0 1.0
2867.0342212362225 5.0 0.0 1546.0 154.6 2522.773853679379 252.27738536793794 9.0 9.0 0.0 5.0 1.0
2868.0497786969745 5.0 0.0 1546.0 154.6 2522.773853679379 252.27738536793794 9.0 9.0 0.0 5.0 1.0
2869.0342212362225 5.0 0.0 1546.0 154.6 2522.773853679379 252.27738536793794 9.0 9.0 0.0 5.0 1.0
2870.0497786969745 5.0 0.0 1546.0 154.6 2522.773853679379 252.27738536793794 9.0 9.0 0.0 5.0 1.0
2871.0342212362225 5.0 0.0 1546.0 154.6 2522.773853679379 252.27738536793794 9.0 9.0 0.0 5.0 1.0
2872.0497786969745 5.0 0.0 1546.0 154.6 2522.773853679379 252.27738536793794 9.0 9.0 0.0 5.0 1.0
2873.0342212362225 5.0 0.0 1546.0 154.6 2522.773853679379 252.27738536793794 9.0 9.0 0.0 5.0 1.0
2874.0497786969745 5.0 0.0 1546.0 154.6 2522.773853679379 252.27738536793794 9.0 9.0 0.0 5.0 1.0
2875.0342212362225 5.0 0.0 1546.0 154.6 2522.773853679379 252.27738536793794 9.0 9.0 0.0 5.0 1.0
2876.0497786969745 5.0 0.0 1546.0 154.6 2522.773853679379 252.27738536793794 9.0 9.0 0.0 5.0 1.0
2877.0342212362225 5.0 0.0 1546.0 154.6 2522.773853679379 252.27738536793794 9.0 9.0 0.0 5.0 1.0
2878.0497786969745 5.0 0.0 1546.0 154.6 2522.773853679379 252.27738536793794 9.0 9.0 0.0 5.0 1.0
2879.0342212362225 5.0 0.0 1546.0 154.6 2522.773853679379 252.27738536793794 9.0 9.0 0.0 5.0 1.0
2880.0497786969745 5.0 0.0 1546.0 154.6 2522.773853679379 252.27738536793794 9.0 9.0 0.0 5.0 1.0
2881.0342212362225 5.0 0.0 1546.0 154.6 2522.773853679379 252.27738536793794 9.0 9.0 0.0 5.0 1.0
2882.0497786969745 5.0 0.0 1546.0 154.6 2522.773853679379 252.27738536793794 9.0 9.0 0.0 5.0 1.0
2883.0342212362225 5.0 0.0 1546.0 154.6 2522.773853679379 252.27738536793794 9.0 9.0 0.0 5.0 1.0
2884.0497786969745 5.0 0.0 1546.0 154.6 2522.773853679379 252.27738536793794 9.0 9.0 0.0 5.0 1.0
2885.0342212362225 5.0 0.0 1546.0 154.6 2522.773853679379 252.27738536793794 9.0 9.0 0.0 5.0 1.0
2886.0497786969745 5.0 0.0 1546.0 154.6 2522.773853679379 252.27738536793794 9.0 9.0 0.0 5.0 1.0
2887.0342212362225 5.0 0.0 1546.0 154.6 2522.773853679379 252.27738536793794 9.0 9.0 0.0 5.0 1.0
2888.0497786969745 5.0 0.0 1546.0 154.6 2522.773853679379 252.27738536793794 9.0 9.0 0.0 5.0 1.0
2889.0342212362225 5.0 0.0 1546.0 154.6 2522.773853679379 252.27738536793794 9.0 9.0 0.0 5.0 1.0
2890.0497786969745 5.0 0.0 1546.0 154.6 2522.773853679379 252.27738536793794 9.0 9.0 0.0 5.0 1.0
2891.0342212362225 5.0 0.0 1546.0 154.6 2522.773853679379 252.27738536793794 9.0 9.0 0.0 5.0 1.0
2892.0497786969745 5.0 0.0 1546.0 154.6 2522.773853679379 252.27738536793794 9.0 9.0 0.0 5.0 1.0
2893.0342212362225 5.0 0.0 1546.0 154.6 2522.773853679379 252.27738536793794 9.0 9.0 0.0 5.0 1.0
2894.0497786969745 5.0 0.0 1546.0 154.6 2522.773853679379 252.27738536793794 9.0 9.0 0.0 5.0 1.0
2895.0342212362225 5.0 0.0 1546.0 154.6 2522.773853679379 252.27738536793794 9.0 9.0 0.0 5.0 1.0
2896.0497786969745 5.0 0.0 1546.0 154.6 2522.773853679379 252.27738536793794 9.0 9.0 0.0 5.0 1.0
2897.0342212362225 5.0 0.0 1546.0 154.6 2522.773853679379 252.27738536793794 9.0 9.0 0.0 5.0 1.0
2898.0497786969745 5.0 0.0 1546.0 154.6 2522.773853679379 252.27738536793794 9.0 9.0 0.0 5.0 1.0
2899.0342212362225 5.0 0.0 1546.0 154.6 2522.773853679379 252.27738536793794 9.0 9.0 0.0 5.0 1.0
2900.0497786969745 5.0 0.0 1546.0 154.6 2522.773853679379 252.27738536793794 9.0 9.0 0.0 5.0 1.0
2901.0342212362225 5.0 0.0 1546.0 154.6 2522.773853679379 252.27738536793794 9.0 9.0 0.0 5.0 1.0
2902.0497786969745 5.0 0.0 1546.0 154.6 2522.773853679379 252.27738536793794 9.0 9.0 0.0 5.0 1.0
2903.0342212362225 5.0 0.0 1546.0 154.6 2522.773853679379 252.27738536793794 9.0 9.0 0.0 5.0 1.0
2904.0497786969745 5.0 0.0 1546.0 154.6 2522.773853679379 252.27738536793794 9.0 9.0 0.0 5.0 1.0
2905.0342212362225 5.0 0.0 1546.0 154.6 2522.773853679379 252.27738536793794 9.0 9.0 0.0 5.0 1.0
2906.0497786969745 5.0 0.0 1546.0 154.6 2522.773853679379 252.27738536793794 9.0 9.0 0.0 5.0 1.0
2907.0342212362225 5.0 0.0 1546.0 154.6 2522.773853679379 252.27738536793794 9.0 9.0 0.0 5.0 1.0
2908.0497786969745 5.0 0.0 1546.0 154.6 2522.773853679379 252.27738536793794 9.0 9.0 0.0 5.0 1.0
2909.0342212362225 5.0 0.0 1546.0 154.6 2522.773853679379 252.27738536793794 9.0 9.0 0.0 5.0 1.0
2910.0497786969745 5.0 0.0 1546.0 154.6 2522.773853679379 252.27738536793794 9.0 9.0 0.0 5.0 1.0
2911.0342212362225 5.0 0.0 1546.0 154.6 2522.773853679379 252.27738536793794 9.0 9.0 0.0 5.0 1.0
2912.0497786969745 5.0 0.0 1546.0 154.6 2522.773853679379 252.27738536793794 9.0 9.0 0.0 5.0 1.0
2913.0342212362225 5.0 0.0 1546.0 154.6 2522.773853679379 252.27738536793794 9.0 9.0 0.0 5.0 1.0
2914.0497786969745 5.0 0.0 1546.0 154.6 2522.773853679379 252.27738536793794 9.0 9.0 0.0 5.0 1.0
2915.0342212362225 5.0 0.0 1546.0 154.6 2522.773853679379 252.27738536793794 9.0 9.0 0.0 5.0 1.0
2916.0497786969745 5.0 0.0 1546.0 154.6 2522.773853679379 252.27738536793794 9.0 9.0 0.0 5.0 1.0
2917.0342212362225 5.0 0.0 1546.0 154.6 2522.773853679379 252.27738536793794 9.0 9.0 0.0 5.0 1.0
2918.0497786969745 5.0 0.0 1546.0 154.6 2522.773853679379 252.27738536793794 9.0 9.0 0.0 5.0 1.0
2919.0342212362225 5.0 0.0 1546.0 154.6 2522.773853679379 252.27738536793794 9.0 9.0 0.0 5.0 1.0
2920.0497786969745 5.0 0.0 1546.0 154.6 2522.773853679379 252.27738536793794 9.0 9.0 0.0 5.0 1.0
2921.0342212362225 5.0 0.0 1546.0 154.6 2522.773853679379 252.27738536793794 9.0 9.0 0.0 5.0 1.0
2922.0497786969745 5.0 0.0 1546.0 154.6 2522.773853679379 252.27738536793794 9.0 9.0 0.0 5.0 1.0
2923.0342212362225 5.0 0.0 1546.0 154.6 2522.773853679379 252.27738536793794 9.0 9.0 0.0 5.0 1.0
2924.0497786969745 5.0 0.0 1546.0 154.6 2522.773853679379 252.27738536793794 9.0 9.0 0.0 5.0 1.0
2925.0342212362225 5.0 0.0 1546.0 154.6 2522.773853679379 252.27738536793794 9.0 9.0 0.0 5.0 1.0
2926.0497786969745 5.0 0.0 1546.0 154.6 2522.773853679379 252.27738536793794 9.0 9.0 0.0 5.0 1.0
2927.0342212362225 5.0 0.0 1546.0 154.6 2522.773853679379 252.27738536793794 9.0 9.0 0.0 5.0 1.0
2928.0497786969745 5.0 0.0 1546.0 154.6 2522.773853679379 252.27738536793794 9.0 9.0 0.0 5.0 1.0
2929.0342212362225 5.0 0.0 1546.0 154.6 2522.773853679379 252.27738536793794 9.0 9.0 0.0 5.0 1.0
2930.0497786969745 5.0 0.0 1546.0 154.6 2522.773853679379 252.27738536793794 9.0 9.0 0.0 5.0 1.0
2931.0342212362225 5.0 0.0 1546.0 154.6 2522.773853679379 252.27738536793794 9.0 9.0 0.0 5.0 1.0
2932.0497786969745 5.0 0.0 1546.0 154.6 2522.773853679379 252.27738536793794 9.0 9.0 0.0 5.0 1.0
2933.0342212362225 5.0 0.0 1546.0 154.6 2522.773853679379 252.27738536793794 9.0 9.0 0.0 5.0 1.0
2934.0497786969745 5.0 0.0 1546.0 154.6 2522.773853679379 252.27738536793794 9.0 9.0 0.0 5.0 1.0
2935.0342212362225 5.0 0.0 1546.0 154.6 2522.773853679379 252.27738536793794 9.0 9.0 0.0 5.0 1.0
2936.0497786969745 5.0 0.0 1546.0 154.6 2522.773853679379 252.27738536793794 9.0 9.0 0.0 5.0 1.0
2937.0342212362225 5.0 0.0 1546.0 154.6 2522.773853679379 252.27738536793794 9.0 9.0 0.0 5.0 1.0
2938.0497786969745 5.0 0.0 1546.0 154.6 2522.773853679379 252.27738536793794 9.0 9.0 0.0 5.0 1.0
2939.0342212362225 5.0 0.0 1546.0 154.6 2522.773853679379 252.27738536793794 9.0 9.0 0.0 5.0 1.0
2940.0497786969745 5.0 0.0 1546.0 154.6 2522.773853679379 252.27738536793794 9.0 9.0 0.0 5.0 1.0
2941.0342212362225 5.0 0.0 1546.0 154.6 2522.773853679379 252.27738536793794 9.0 9.0 0.0 5.0 1.0
2942.0497786969745 5.0 0.0 1546.0 154.6 2522.773853679379 252.27738536793794 9.0 9.0 0.0 5.0 1.0
2943.0342212362225 5.0 0.0 1546.0 154.6 2522.773853679379 252.27738536793794 9.0 9.0 0.0 5.0 1.0
2944.0497786969745 5.0 0.0 1546.0 154.6 2522.773853679379 252.27738536793794 9.0 9.0 0.0 5.0 1.0
2945.0342212362225 5.0 0.0 1546.0 154.6 2522.773853679379 252.27738536793794 9.0 9.0 0.0 5.0 1.0
2946.0497786969745 5.0 0.0 1546.0 154.6 2522.773853679379 252.27738536793794 9.0 9.0 0.0 5.0 1.0
2947.0342212362225 5.0 0.0 1546.0 154.6 2522.773853679379 252.27738536793794 9.0 9.0 0.0 5.0 1.0
2948.0497786969745 5.0 0.0 1546.0 154.6 2522.773853679379 252.27738536793794 9.0 9.0 0.0 5.0 1.0
2949.0342212362225 5.0 0.0 1546.0 154.6 2522.773853679379 252.27738536793794 9.0 9.0 0.0 5.0 1.0
2950.0497786969745 5.0 0.0 1546.0 154.6 2522.773853679379 252.27738536793794 9.0 9.0 0.0 5.0 1.0
2951.0342212362225 5.0 0.0 1546.0 154.6 2522.773853679379 252.27738536793794 9.0 9.0 0.0 5.0 1.0
2952.0497786969745 5.0 0.0 1546.0 154.6 2522.773853679379 252.27738536793794 9.0 9.0 0.0 5.0 1.0
2953.0342212362225 5.0 0.0 1546.0 154.6 2522.773853679379 252.27738536793794 9.0 9.0 0.0 5.0 1.0
2954.0497786969745 5.0 0.0 1546.0 154.6 2522.773853679379 252.27738536793794 9.0 9.0 0.0 5.0 1.0
2955.0342212362225 5.0 0.0 1546.0 154.6 2522.773853679379 252.27738536793794 9.0 9.0 0.0 5.0 1.0
2956.0497786969745 5.0 0.0 1546.0 154.6 2522.773853679379 252.27738536793794 9.0 9.0 0.0 5.0 1.0
2957.0342212362225 5.0 0.0 1546.0 154.6 2522.773853679379 252.27738536793794 9.0 9.0 0.0 5.0 1.0
2958.0497786969745 5.0 0.0 1546.0 154.6 2522.773853679379 252.27738536793794 9.0 9.0 0.0 5.0 1.0
2959.0342212362225 5.0 0.0 1546.0 154.6 2522.773853679379 252.27738536793794 9.0 9.0 0.0 5.0 1.0
2960.0497786969745 5.0 0.0 1546.0 154.6 2522.773853679379 252.27738536793794 9.0 9.0 0.0 5.0 1.0
2961.0342212362225 5.0 0.0 1546.0 154.6 2522.773853679379 252.27738536793794 9.0 9.0 0.0 5.0 1.0
2962.0497786969745 5.0 0.0 1546.0 154.6 2522.773853679379 252.27738536793794 9.0 9.0 0.0 5.0 1.0
2963.0342212362225 5.0 0.0 1546.0 154.6 2522.773853679379 252.27738536793794 9.0 9.0 0.0 5.0 1.0
2964.0497786969745 5.0 0.0 1546.0 154.6 2522.773853679379 252.27738536793794 9.0 9.0 0.0 5.0 1.0
2965.0342212362225 5.0 0.0 1546.0 154.6 2522.773853679379 252.27738536793794 9.0 9.0 0.0 5.0 1.0
2966.0497786969745 5.0 0.0 1546.0 154.6 2522.773853679379 252.27738536793794 9.0 9.0 0.0 5.0 1.0
2967.0342212362225 5.0 0.0 1546.0 154.6 2522.773853679379 252.27738536793794 9.0 9.0 0.0 5.0 1.0
2968.0497786969745 5.0 0.0 1546.0 154.6 2522.773853679379 252.27738536793794 9.0 9.0 0.0 5.0 1.0
2969.0342212362225 5.0 0.0 1546.0 154.6 2522.773853679379 252.27738536793794 9.0 9.0 0.0 5.0 1.0
2970.0497786969745 5.0 0.0 1546.0 154.6 2522.773853679379 252.27738536793794 9.0 9.0 0.0 5.0 1.0
2971.0342212362225 5.0 0.0 1546.0 154.6 2522.773853679379 252.27738536793794 9.0 9.0 0.0 5.0 1.0
2972.0497786969745 5.0 0.0 1546.0 154.6 2522.773853679379 252.27738536793794 9.0 9.0 0.0 5.0 1.0
2973.0342212362225 5.0 0.0 1546.0 154.6 2522.773853679379 252.27738536793794 9.0 9.0 0.0 5.0 1.0
2974.0497786969745 5.0 0.0 1546.0 154.6 2522.773853679379 252.27738536793794 9.0 9.0 0.0 5.0 1.0
2975.0342212362225 5.0 0.0 1546.0 154.6 2522.773853679379 252.27738536793794 9.0 9.0 0.0 5.0 1.0
2976.0497786969745 5.0 0.0 1546.0 154.6 2522.773853679379 252.27738536793794 9.0 9.0 0.0 5.0 1.0
2977.0342212362225 5.0 0.0 1546.0 154.6 2522.773853679379 252.27738536793794 9.0 9.0 0.0 5.0 1.0
2978.0497786969745 5.0 0.0 1546.0 154.6 2522.773853679379 252.27738536793794 9.0 9.0 0.0 5.0 1.0
2979.0342212362225 5.0 0.0 1546.0 154.6 2522.773853679379 252.27738536793794 9.0 9.0 0.0 5.0 1.0
2980.0497786969745 5.0 0.0 1546.0 154.6 2522.773853679379 252.27738536793794 9.0 9.0 0.0 5.0 1.0
2981.0342212362225 5.0 0.0 1546.0 154.6 2522.773853679379 252.27738536793794 9.0 9.0 0.0 5.0 1.0
2982.0497786969745 5.0 0.0 1546.0 154.6 2522.773853679379 252.27738536793794 9.0 9.0 0.0 5.0 1.0
2983.0342212362225 5.0 0.0 1546.0 154.6 2522.773853679379 252.27738536793794 9.0 9.0 0.0 5.0 1.0
2984.0497786969745 5.0 0.0 1546.0 154.6 2522.773853679379 252.27738536793794 9.0 9.0 0.0 5.0 1.0
2985.0342212362225 5.0 0.0 1546.0 154.6 2522.773853679379 252.27738536793794 9.0 9.0 0.0 5.0 1.0
2986.0497786969745 5.0 0.0 1546.0 154.6 2522.773853679379 252.27738536793794 9.0 9.0 0.0 5.0 1.0
2987.0342212362225 5.0 0.0 1546.0 154.6 2522.773853679379 252.27738536793794 9.0 9.0 0.0 5.0 1.0
2988.0497786969745 5.0 0.0 1546.0 154.6 2522.773853679379 252.27738536793794 9.0 9.0 0.0 5.0 1.0
2989.0342212362225 5.0 0.0 1546.0 154.6 2522.773853679379 252.27738536793794 9.0 9.0 0.0 5.0 1.0
2990.0497786969745 5.0 0.0 1546.0 154.6 2522.773853679379 252.27738536793794 9.0 9.0 0.0 5.0 1.0
2991.0342212362225 5.0 0.0 1546.0 154.6 2522.773853679379 252.27738536793794 9.0 9.0 0.0 5.0 1.0
2992.0497786969745 5.0 0.0 1546.0 154.6 2522.773853679379 252.27738536793794 9.0 9.0 0.0 5.0 1.0
2993.0342212362225 5.0 0.0 1546.0 154.6 2522.773853679379 252.27738536793794 9.0 9.0 0.0 5.0 1.0
2994.0497786969745 5.0 0.0 1546.0 154.6 2522.773853679379 252.27738536793794 9.0 9.0 0.0 5.0 1.0
2995.0342212362225 5.0 0.0 1546.0 154.6 2522.773853679379 252.27738536793794 9.0 9.0 0.0 5.0 1.0
2996.0497786969745 5.0 0.0 1546.0 154.6 2522.773853679379 252.27738536793794 9.0 9.0 0.0 5.0 1.0
2997.0342212362225 5.0 0.0 1546.0 154.6 2522.773853679379 252.27738536793794 9.0 9.0 0.0 5.0 1.0
2998.0497786969745 5.0 0.0 1546.0 154.6 2522.773853679379 252.27738536793794 9.0 9.0 0.0 5.0 1.0
2999.0342212362225 5.0 0.0 1546.0 154.6 2522.773853679379 252.27738536793794 9.0 9.0 0.0 5.0 1.0
3000.0497786969745 5.0 0.0 1546.0 154.6 2522.773853679379 252.27738536793794 9.0 9.0 0.0 5.0 1.0
3001.0342212362225 5.0 0.0 1546.0 154.6 2522.773853679379 252.27738536793794 9.0 9.0 0.0 5.0 1.0
3002.0497786969745 5.0 0.0 1546.0 154.6 2522.773853679379 252.27738536793794 9.0 9.0 0.0 5.0 1.0
3003.0342212362225 5.0 0.0 1546.0 154.6 2522.773853679379 252.27738536793794 9.0 9.0 0.0 5.0 1.0
3004.0497786969745 5.0 0.0 1546.0 154.6 2522.773853679379 252.27738536793794 9.0 9.0 0.0 5.0 1.0
3005.0342212362225 5.0 0.0 1546.0 154.6 2522.773853679379 252.27738536793794 9.0 9.0 0.0 5.0 1.0
3006.0497786969745 5.0 0.0 1546.0 154.6 2522.773853679379 252.27738536793794 9.0 9.0 0.0 5.0 1.0
3007.0342212362225 5.0 0.0 1546.0 154.6 2522.773853679379 252.27738536793794 9.0 9.0 0.0 5.0 1.0
3008.0497786969745 5.0 0.0 1546.0 154.6 2522.773853679379 252.27738536793794 9.0 9.0 0.0 5.0 1.0
3009.0342212362225 5.0 0.0 1546.0 154.6 2522.773853679379 252.27738536793794 9.0 9.0 0.0 5.0 1.0
3010.0497786969745 5.0 0.0 1546.0 154.6 2522.773853679379 252.27738536793794 9.0 9.0 0.0 5.0 1.0
3011.0342212362225 5.0 0.0 1546.0 154.6 2522.773853679379 252.27738536793794 9.0 9.0 0.0 5.0 1.0
3012.0497786969745 5.0 0.0 1546.0 154.6 2522.773853679379 252.27738536793794 9.0 9.0 0.0 5.0 1.0
3013.0342212362225 5.0 0.0 1546.0 154.6 2522.773853679379 252.27738536793794 9.0 9.0 0.0 5.0 1.0
3014.0497786969745 5.0 0.0 1546.0 154.6 2522.773853679379 252.27738536793794 9.0 9.0 0.0 5.0 1.0
3015.0342212362225 5.0 0.0 1546.0 154.6 2522.773853679379 252.27738536793794 9.0 9.0 0.0 5.0 1.0
3016.0497786969745 5.0 0.0 1546.0 154.6 2522.773853679379 252.27738536793794 9.0 9.0 0.0 5.0 1.0
3017.0342212362225 5.0 0.0 1546.0 154.6 2522.773853679379 252.27738536793794 9.0 9.0 0.0 5.0 1.0
3018.0497786969745 5.0 0.0 1546.0 154.6 2522.773853679379 252.27738536793794 9.0 9.0 0.0 5.0 1.0
3019.0342212362225 5.0 0.0 1546.0 154.6 2522.773853679379 252.27738536793794 9.0 9.0 0.0 5.0 1.0
3020.0497786969745 5.0 0.0 1546.0 154.6 2522.773853679379 252.27738536793794 9.0 9.0 0.0 5.0 1.0
3021.0342212362225 5.0 0.0 1546.0 154.6 2522.773853679379 252.27738536793794 9.0 9.0 0.0 5.0 1.0
3022.0497786969745 5.0 0.0 1546.0 154.6 2522.773853679379 252.27738536793794 9.0 9.0 0.0 5.0 1.0
3023.0342212362225 5.0 0.0 1546.0 154.6 2522.773853679379 252.27738536793794 9.0 9.0 0.0 5.0 1.0
3024.0497786969745 5.0 0.0 1546.0 154.6 2522.773853679379 252.27738536793794 9.0 9.0 0.0 5.0 1.0
3025.0342212362225 5.0 0.0 1546.0 154.6 2522.773853679379 252.27738536793794 9.0 9.0 0.0 5.0 1.0
3026.0497786969745 5.0 0.0 1546.0 154.6 2522.773853679379 252.27738536793794 9.0 9.0 0.0 5.0 1.0
3027.0342212362225 5.0 0.0 1546.0 154.6 2522.773853679379 252.27738536793794 9.0 9.0 0.0 5.0 1.0
3028.0497786969745 5.0 0.0 1546.0 154.6 2522.773853679379 252.27738536793794 9.0 9.0 0.0 5.0 1.0
3029.0342212362225 5.0 0.0 1546.0 154.6 2522.773853679379 252.27738536793794 9.0 9.0 0.0 5.0 1.0
3030.0497786969745 5.0 0.0 1546.0 154.6 2522.773853679379 252.27738536793794 9.0 9.0 0.0 5.0 1.0
3031.0342212362225 5.0 0.0 1546.0 154.6 2522.773853679379 252.27738536793794 9.0 9.0 0.0 5.0 1.0
3032.0497786969745 5.0 0.0 1546.0 154.6 2522.773853679379 252.27738536793794 9.0 9.0 0.0 5.0 1.0
3033.0342212362225 5.0 0.0 1546.0 154.6 2522.773853679379 252.27738536793794 9.0 9.0 0.0 5.0 1.0
3034.0497786969745 5.0 0.0 1546.0 154.6 2522.773853679379 252.27738536793794 9.0 9.0 0.0 5.0 1.0
3035.0342212362225 5.0 0.0 1546.0 154.6 2522.773853679379 252.27738536793794 9.0 9.0 0.0 5.0 1.0
3036.0497786969745 5.0 0.0 1546.0 154.6 2522.773853679379 252.27738536793794 9.0 9.0 0.0 5.0 1.0
3037.0342212362225 5.0 0.0 1546.0 154.6 2522.773853679379 252.27738536793794 9.0 9.0 0.0 5.0 1.0
3038.0497786969745 5.0 0.0 1546.0 154.6 2522.773853679379 252.27738536793794 9.0 9.0 0.0 5.0 1.0
3039.0342212362225 5.0 0.0 1546.0 154.6 2522.773853679379 252.27738536793794 9.0 9.0 0.0 5.0 1.0
3040.0497786969745 5.0 0.0 1546.0 154.6 2522.773853679379 252.27738536793794 9.0 9.0 0.0 5.0 1.0
3041.0342212362225 5.0 0.0 1546.0 154.6 2522.773853679379 252.27738536793794 9.0 9.0 0.0 5.0 1.0
3042.0497786969745 5.0 0.0 1546.0 154.6 2522.773853679379 252.27738536793794 9.0 9.0 0.0 5.0 1.0
3043.0342212362225 5.0 0.0 1546.0 154.6 2522.773853679379 252.27738536793794 9.0 9.0 0.0 5.0 1.0
3044.0497786969745 5.0 0.0 1546.0 154.6 2522.773853679379 252.27738536793794 9.0 9.0 0.0 5.0 1.0
3045.0342212362225 5.0 0.0 1546.0 154.6 2522.773853679379 252.27738536793794 9.0 9.0 0.0 5.0 1.0
3046.0497786969745 5.0 0.0 1546.0 154.6 2522.773853679379 252.27738536793794 9.0 9.0 0.0 5.0 1.0
3047.0342212362225 5.0 0.0 1546.0 154.6 2522.773853679379 252.27738536793794 9.0 9.0 0.0 5.0 1.0
3048.0497786969745 5.0 0.0 1546.0 154.6 2522.773853679379 252.27738536793794 9.0 9.0 0.0 5.0 1.0
3049.0342212362225 5.0 0.0 1546.0 154.6 2522.773853679379 252.27738536793794 9.0 9.0 0.0 5.0 1.0
3050.0497786969745 5.0 0.0 1546.0 154.6 2522.773853679379 252.27738536793794 9.0 9.0 0.0 5.0 1.0
3051.0342212362225 5.0 0.0 1546.0 154.6 2522.773853679379 252.27738536793794 9.0 9.0 0.0 5.0 1.0
3052.0497786969745 5.0 0.0 1546.0 154.6 2522.773853679379 252.27738536793794 9.0 9.0 0.0 5.0 1.0
3053.0342212362225 5.0 0.0 1546.0 154.6 2522.773853679379 252.27738536793794 9.0 9.0 0.0 5.0 1.0
3054.0497786969745 5.0 0.0 1546.0 154.6 2522.773853679379 252.27738536793794 9.0 9.0 0.0 5.0 1.0
3055.0342212362225 5.0 0.0 1546.0 154.6 2522.773853679379 252.27738536793794 9.0 9.0 0.0 5.0 1.0
3056.0497786969745 5.0 0.0 1546.0 154.6 2522.773853679379 252.27738536793794 9.0 9.0 0.0 5.0 1.0
3057.0342212362225 5.0 0.0 1546.0 154.6 2522.773853679379 252.27738536793794 9.0 9.0 0.0 5.0 1.0
3058.0497786969745 5.0 0.0 1546.0 154.6 2522.773853679379 252.27738536793794 9.0 9.0 0.0 5.0 1.0
3059.0342212362225 5.0 0.0 1546.0 154.6 2522.773853679379 252.27738536793794 9.0 9.0 0.0 5.0 1.0
3060.0497786969745 5.0 0.0 1546.0 154.6 2522.773853679379 252.27738536793794 9.0 9.0 0.0 5.0 1.0
3061.0342212362225 5.0 0.0 1546.0 154.6 2522.773853679379 252.27738536793794 9.0 9.0 0.0 5.0 1.0
3062.0497786969745 5.0 0.0 1546.0 154.6 2522.773853679379 252.27738536793794 9.0 9.0 0.0 5.0 1.0
3063.0342212362225 5.0 0.0 1546.0 154.6 2522.773853679379 252.27738536793794 9.0 9.0 0.0 5.0 1.0
3064.0497786969745 5.0 0.0 1546.0 154.6 2522.773853679379 252.27738536793794 9.0 9.0 0.0 5.0 1.0
3065.0342212362225 5.0 0.0 1546.0 154.6 2522.773853679379 252.27738536793794 9.0 9.0 0.0 5.0 1.0
3066.0497786969745 5.0 0.0 1546.0 154.6 2522.773853679379 252.27738536793794 9.0 9.0 0.0 5.0 1.0
3067.0342212362225 5.0 0.0 1546.0 154.6 2522.773853679379 252.27738536793794 9.0 9.0 0.0 5.0 1.0
3068.0497786969745 5.0 0.0 1546.0 154.6 2522.773853679379 252.27738536793794 9.0 9.0 0.0 5.0 1.0
3069.0342212362225 5.0 0.0 1546.0 154.6 2522.773853679379 252.27738536793794 9.0 9.0 0.0 5.0 1.0
3070.0497786969745 5.0 0.0 1546.0 154.6 2522.773853679379 252.27738536793794 9.0 9.0 0.0 5.0 1.0
3071.0342212362225 5.0 0.0 1546.0 154.6 2522.773853679379 252.27738536793794 9.0 9.0 0.0 5.0 1.0
3072.0497786969745 5.0 0.0 1546.0 154.6 2522.773853679379 252.27738536793794 9.0 9.0 0.0 5.0 1.0
3073.0342212362225 5.0 0.0 1546.0 154.6 2522.773853679379 252.27738536793794 9.0 9.0 0.0 5.0 1.0
3074.0497786969745 5.0 0.0 1546.0 154.6 2522.773853679379 252.27738536793794 9.0 9.0 0.0 5.0 1.0
3075.0342212362225 5.0 0.0 1546.0 154.6 2522.773853679379 252.27738536793794 9.0 9.0 0.0 5.0 1.0
3076.0497786969745 5.0 0.0 1546.0 154.6 2522.773853679379 252.27738536793794 9.0 9.0 0.0 5.0 1.0
3077.0342212362225 5.0 0.0 1546.0 154.6 2522.773853679379 252.27738536793794 9.0 9.0 0.0 5.0 1.0
3078.0497786969745 5.0 0.0 1546.0 154.6 2522.773853679379 252.27738536793794 9.0 9.0 0.0 5.0 1.0
3079.0342212362225 5.0 0.0 1546.0 154.6 2522.773853679379 252.27738536793794 9.0 9.0 0.0 5.0 1.0
3080.0497786969745 5.0 0.0 1546.0 154.6 2522.773853679379 252.27738536793794 9.0 9.0 0.0 5.0 1.0
3081.0342212362225 5.0 0.0 1546.0 154.6 2522.773853679379 252.27738536793794 9.0 9.0 0.0 5.0 1.0
3082.0497786969745 5.0 0.0 1546.0 154.6 2522.773853679379 252.27738536793794 9.0 9.0 0.0 5.0 1.0
3083.0342212362225 5.0 0.0 1546.0 154.6 2522.773853679379 252.27738536793794 9.0 9.0 0.0 5.0 1.0
3084.0497786969745 5.0 0.0 1546.0 154.6 2522.773853679379 252.27738536793794 9.0 9.0 0.0 5.0 1.0
3085.0342212362225 5.0 0.0 1546.0 154.6 2522.773853679379 252.27738536793794 9.0 9.0 0.0 5.0 1.0
3086.0497786969745 5.0 0.0 1546.0 154.6 2522.773853679379 252.27738536793794 9.0 9.0 0.0 5.0 1.0
3087.0342212362225 5.0 0.0 1546.0 154.6 2522.773853679379 252.27738536793794 9.0 9.0 0.0 5.0 1.0
3088.0497786969745 5.0 0.0 1546.0 154.6 2522.773853679379 252.27738536793794 9.0 9.0 0.0 5.0 1.0
3089.0342212362225 5.0 0.0 1546.0 154.6 2522.773853679379 252.27738536793794 9.0 9.0 0.0 5.0 1.0
3090.0497786969745 5.0 0.0 1546.0 154.6 2522.773853679379 252.27738536793794 9.0 9.0 0.0 5.0 1.0
3091.0342212362225 5.0 0.0 1546.0 154.6 2522.773853679379 252.27738536793794 9.0 9.0 0.0 5.0 1.0
3092.0497786969745 5.0 0.0 1546.0 154.6 2522.773853679379 252.27738536793794 9.0 9.0 0.0 5.0 1.0
3093.0342212362225 5.0 0.0 1546.0 154.6 2522.773853679379 252.27738536793794 9.0 9.0 0.0 5.0 1.0
3094.0497786969745 5.0 0.0 1546.0 154.6 2522.773853679379 252.27738536793794 9.0 9.0 0.0 5.0 1.0
3095.0342212362225 5.0 0.0 1546.0 154.6 2522.773853679379 252.27738536793794 9.0 9.0 0.0 5.0 1.0
3096.0497786969745 5.0 0.0 1546.0 154.6 2522.773853679379 252.27738536793794 9.0 9.0 0.0 5.0 1.0
3097.0342212362225 5.0 0.0 1546.0 154.6 2522.773853679379 252.27738536793794 9.0 9.0 0.0 5.0 1.0
3098.0497786969745 5.0 0.0 1546.0 154.6 2522.773853679379 252.27738536793794 9.0 9.0 0.0 5.0 1.0
3099.0342212362225 5.0 0.0 1546.0 154.6 2522.773853679379 252.27738536793794 9.0 9.0 0.0 5.0 1.0
3100.0497786969745 5.0 0.0 1546.0 154.6 2522.773853679379 252.27738536793794 9.0 9.0 0.0 5.0 1.0
3101.0342212362225 5.0 0.0 1546.0 154.6 2522.773853679379 252.27738536793794 9.0 9.0 0.0 5.0 1.0
3102.0497786969745 5.0 0.0 1546.0 154.6 2522.773853679379 252.27738536793794 9.0 9.0 0.0 5.0 1.0
3103.0342212362225 5.0 0.0 1546.0 154.6 2522.773853679379 252.27738536793794 9.0 9.0 0.0 5.0 1.0
3104.0497786969745 5.0 0.0 1546.0 154.6 2522.773853679379 252.27738536793794 9.0 9.0 0.0 5.0 1.0
3105.0342212362225 5.0 0.0 1546.0 154.6 2522.773853679379 252.27738536793794 9.0 9.0 0.0 5.0 1.0
3106.0497786969745 5.0 0.0 1546.0 154.6 2522.773853679379 252.27738536793794 9.0 9.0 0.0 5.0 1.0
3107.0342212362225 5.0 0.0 1546.0 154.6 2522.773853679379 252.27738536793794 9.0 9.0 0.0 5.0 1.0
3108.0497786969745 5.0 0.0 1546.0 154.6 2522.773853679379 252.27738536793794 9.0 9.0 0.0 5.0 1.0
3109.0342212362225 5.0 0.0 1546.0 154.6 2522.773853679379 252.27738536793794 9.0 9.0 0.0 5.0 1.0
3110.0497786969745 5.0 0.0 1546.0 154.6 2522.773853679379 252.27738536793794 9.0 9.0 0.0 5.0 1.0
3111.0342212362225 5.0 0.0 1546.0 154.6 2522.773853679379 252.27738536793794 9.0 9.0 0.0 5.0 1.0
3112.0497786969745 5.0 0.0 1546.0 154.6 2522.773853679379 252.27738536793794 9.0 9.0 0.0 5.0 1.0
3113.0342212362225 5.0 0.0 1546.0 154.6 2522.773853679379 252.27738536793794 9.0 9.0 0.0 5.0 1.0
3114.0497786969745 5.0 0.0 1546.0 154.6 2522.773853679379 252.27738536793794 9.0 9.0 0.0 5.0 1.0
3115.0342212362225 5.0 0.0 1546.0 154.6 2522.773853679379 252.27738536793794 9.0 9.0 0.0 5.0 1.0
3116.0497786969745 5.0 0.0 1546.0 154.6 2522.773853679379 252.27738536793794 9.0 9.0 0.0 5.0 1.0
3117.0342212362225 5.0 0.0 1546.0 154.6 2522.773853679379 252.27738536793794 9.0 9.0 0.0 5.0 1.0
3118.0497786969745 5.0 0.0 1546.0 154.6 2522.773853679379 252.27738536793794 9.0 9.0 0.0 5.0 1.0
3119.0342212362225 5.0 0.0 1546.0 154.6 2522.773853679379 252.27738536793794 9.0 9.0 0.0 5.0 1.0
3120.0497786969745 5.0 0.0 1546.0 154.6 2522.773853679379 252.27738536793794 9.0 9.0 0.0 5.0 1.0
3121.0342212362225 5.0 0.0 1546.0 154.6 2522.773853679379 252.27738536793794 9.0 9.0 0.0 5.0 1.0
3122.0497786969745 5.0 0.0 1546.0 154.6 2522.773853679379 252.27738536793794 9.0 9.0 0.0 5.0 1.0
3123.0342212362225 5.0 0.0 1546.0 154.6 2522.773853679379 252.27738536793794 9.0 9.0 0.0 5.0 1.0
3124.0497786969745 5.0 0.0 1546.0 154.6 2522.773853679379 252.27738536793794 9.0 9.0 0.0 5.0 1.0
3125.0342212362225 5.0 0.0 1546.0 154.6 2522.773853679379 252.27738536793794 9.0 9.0 0.0 5.0 1.0
3126.0497786969745 5.0 0.0 1546.0 154.6 2522.773853679379 252.27738536793794 9.0 9.0 0.0 5.0 1.0
3127.0342212362225 5.0 0.0 1546.0 154.6 2522.773853679379 252.27738536793794 9.0 9.0 0.0 5.0 1.0
3128.0497786969745 5.0 0.0 1546.0 154.6 2522.773853679379 252.27738536793794 9.0 9.0 0.0 5.0 1.0
3129.0342212362225 5.0 0.0 1546.0 154.6 2522.773853679379 252.27738536793794 9.0 9.0 0.0 5.0 1.0
3130.0497786969745 5.0 0.0 1546.0 154.6 2522.773853679379 252.27738536793794 9.0 9.0 0.0 5.0 1.0
3131.0342212362225 5.0 0.0 1546.0 154.6 2522.773853679379 252.27738536793794 9.0 9.0 0.0 5.0 1.0
3132.0497786969745 5.0 0.0 1546.0 154.6 2522.773853679379 252.27738536793794 9.0 9.0 0.0 5.0 1.0
3133.0342212362225 5.0 0.0 1546.0 154.6 2522.773853679379 252.27738536793794 9.0 9.0 0.0 5.0 1.0
3134.0497786969745 5.0 0.0 1546.0 154.6 2522.773853679379 252.27738536793794 9.0 9.0 0.0 5.0 1.0
3135.0342212362225 5.0 0.0 1546.0 154.6 2522.773853679379 252.27738536793794 9.0 9.0 0.0 5.0 1.0
3136.0497786969745 5.0 0.0 1546.0 154.6 2522.773853679379 252.27738536793794 9.0 9.0 0.0 5.0 1.0
3137.0342212362225 5.0 0.0 1546.0 154.6 2522.773853679379 252.27738536793794 9.0 9.0 0.0 5.0 1.0
3138.0497786969745 5.0 0.0 1546.0 154.6 2522.773853679379 252.27738536793794 9.0 9.0 0.0 5.0 1.0
3139.0342212362225 5.0 0.0 1546.0 154.6 2522.773853679379 252.27738536793794 9.0 9.0 0.0 5.0 1.0
3140.0497786969745 5.0 0.0 1546.0 154.6 2522.773853679379 252.27738536793794 9.0 9.0 0.0 5.0 1.0
3141.0342212362225 5.0 0.0 1546.0 154.6 2522.773853679379 252.27738536793794 9.0 9.0 0.0 5.0 1.0
3142.0497786969745 5.0 0.0 1546.0 154.6 2522.773853679379 252.27738536793794 9.0 9.0 0.0 5.0 1.0
3143.0342212362225 5.0 0.0 1546.0 154.6 2522.773853679379 252.27738536793794 9.0 9.0 0.0 5.0 1.0
3144.0497786969745 5.0 0.0 1546.0 154.6 2522.773853679379 252.27738536793794 9.0 9.0 0.0 5.0 1.0
3145.0342212362225 5.0 0.0 1546.0 154.6 2522.773853679379 252.27738536793794 9.0 9.0 0.0 5.0 1.0
3146.0497786969745 5.0 0.0 1546.0 154.6 2522.773853679379 252.27738536793794 9.0 9.0 0.0 5.0 1.0
3147.0342212362225 5.0 0.0 1546.0 154.6 2522.773853679379 252.27738536793794 9.0 9.0 0.0 5.0 1.0
3148.0497786969745 5.0 0.0 1546.0 154.6 2522.773853679379 252.27738536793794 9.0 9.0 0.0 5.0 1.0
3149.0342212362225 5.0 0.0 1546.0 154.6 2522.773853679379 252.27738536793794 9.0 9.0 0.0 5.0 1.0
3150.0497786969745 5.0 0.0 1546.0 154.6 2522.773853679379 252.27738536793794 9.0 9.0 0.0 5.0 1.0
3151.0342212362225 5.0 0.0 1546.0 154.6 2522.773853679379 252.27738536793794 9.0 9.0 0.0 5.0 1.0
3152.0497786969745 5.0 0.0 1546.0 154.6 2522.773853679379 252.27738536793794 9.0 9.0 0.0 5.0 1.0
3153.0342212362225 5.0 0.0 1546.0 154.6 2522.773853679379 252.27738536793794 9.0 9.0 0.0 5.0 1.0
3154.0497786969745 5.0 0.0 1546.0 154.6 2522.773853679379 252.27738536793794 9.0 9.0 0.0 5.0 1.0
3155.0342212362225 5.0 0.0 1546.0 154.6 2522.773853679379 252.27738536793794 9.0 9.0 0.0 5.0 1.0
3156.0497786969745 5.0 0.0 1546.0 154.6 2522.773853679379 252.27738536793794 9.0 9.0 0.0 5.0 1.0
3157.0342212362225 5.0 0.0 1546.0 154.6 2522.773853679379 252.27738536793794 9.0 9.0 0.0 5.0 1.0
3158.0497786969745 5.0 0.0 1546.0 154.6 2522.773853679379 252.27738536793794 9.0 9.0 0.0 5.0 1.0
3159.0342212362225 5.0 0.0 1546.0 154.6 2522.773853679379 252.27738536793794 9.0 9.0 0.0 5.0 1.0
3160.0497786969745 5.0 0.0 1546.0 154.6 2522.773853679379 252.27738536793794 9.0 9.0 0.0 5.0 1.0
3161.0342212362225 5.0 0.0 1546.0 154.6 2522.773853679379 252.27738536793794 9.0 9.0 0.0 5.0 1.0
3162.0497786969745 5.0 0.0 1546.0 154.6 2522.773853679379 252.27738536793794 9.0 9.0 0.0 5.0 1.0
3163.0342212362225 5.0 0.0 1546.0 154.6 2522.773853679379 252.27738536793794 9.0 9.0 0.0 5.0 1.0
3164.0497786969745 5.0 0.0 1546.0 154.6 2522.773853679379 252.27738536793794 9.0 9.0 0.0 5.0 1.0
3165.0342212362225 5.0 0.0 1546.0 154.6 2522.773853679379 252.27738536793794 9.0 9.0 0.0 5.0 1.0
3166.0497786969745 5.0 0.0 1546.0 154.6 2522.773853679379 252.27738536793794 9.0 9.0 0.0 5.0 1.0
3167.0342212362225 5.0 0.0 1546.0 154.6 2522.773853679379 252.27738536793794 9.0 9.0 0.0 5.0 1.0
3168.0497786969745 5.0 0.0 1546.0 154.6 2522.773853679379 252.27738536793794 9.0 9.0 0.0 5.0 1.0
3169.0342212362225 5.0 0.0 1546.0 154.6 2522.773853679379 252.27738536793794 9.0 9.0 0.0 5.0 1.0
3170.0497786969745 5.0 0.0 1546.0 154.6 2522.773853679379 252.27738536793794 9.0 9.0 0.0 5.0 1.0
3171.0342212362225 5.0 0.0 1546.0 154.6 2522.773853679379 252.27738536793794 9.0 9.0 0.0 5.0 1.0
3172.0497786969745 5.0 0.0 1546.0 154.6 2522.773853679379 252.27738536793794 9.0 9.0 0.0 5.0 1.0
3173.0342212362225 5.0 0.0 1546.0 154.6 2522.773853679379 252.27738536793794 9.0 9.0 0.0 5.0 1.0
3174.0497786969745 5.0 0.0 1546.0 154.6 2522.773853679379 252.27738536793794 9.0 9.0 0.0 5.0 1.0
3175.0342212362225 5.0 0.0 1546.0 154.6 2522.773853679379 252.27738536793794 9.0 9.0 0.0 5.0 1.0
3176.0497786969745 5.0 0.0 1546.0 154.6 2522.773853679379 252.27738536793794 9.0 9.0 0.0 5.0 1.0
3177.0342212362225 5.0 0.0 1546.0 154.6 2522.773853679379 252.27738536793794 9.0 9.0 0.0 5.0 1.0
3178.0497786969745 5.0 0.0 1546.0 154.6 2522.773853679379 252.27738536793794 9.0 9.0 0.0 5.0 1.0
3179.0342212362225 5.0 0.0 1546.0 154.6 2522.773853679379 252.27738536793794 9.0 9.0 0.0 5.0 1.0
3180.0497786969745 5.0 0.0 1546.0 154.6 2522.773853679379 252.27738536793794 9.0 9.0 0.0 5.0 1.0
3181.0342212362225 5.0 0.0 1546.0 154.6 2522.773853679379 252.27738536793794 9.0 9.0 0.0 5.0 1.0
3182.0497786969745 5.0 0.0 1546.0 154.6 2522.773853679379 252.27738536793794 9.0 9.0 0.0 5.0 1.0
3183.0342212362225 5.0 0.0 1546.0 154.6 2522.773853679379 252.27738536793794 9.0 9.0 0.0 5.0 1.0
3184.0497786969745 5.0 0.0 1546.0 154.6 2522.773853679379 252.27738536793794 9.0 9.0 0.0 5.0 1.0
3185.0342212362225 5.0 0.0 1546.0 154.6 2522.773853679379 252.27738536793794 9.0 9.0 0.0 5.0 1.0
3186.0497786969745 5.0 0.0 1546.0 154.6 2522.773853679379 252.27738536793794 9.0 9.0 0.0 5.0 1.0
3187.0342212362225 5.0 0.0 1546.0 154.6 2522.773853679379 252.27738536793794 9.0 9.0 0.0 5.0 1.0
3188.0497786969745 5.0 0.0 1546.0 154.6 2522.773853679379 252.27738536793794 9.0 9.0 0.0 5.0 1.0
3189.0342212362225 5.0 0.0 1546.0 154.6 2522.773853679379 252.27738536793794 9.0 9.0 0.0 5.0 1.0
3190.0497786969745 5.0 0.0 1546.0 154.6 2522.773853679379 252.27738536793794 9.0 9.0 0.0 5.0 1.0
3191.0342212362225 5.0 0.0 1546.0 154.6 2522.773853679379 252.27738536793794 9.0 9.0 0.0 5.0 1.0
3192.0497786969745 5.0 0.0 1546.0 154.6 2522.773853679379 252.27738536793794 9.0 9.0 0.0 5.0 1.0
3193.0342212362225 5.0 0.0 1546.0 154.6 2522.773853679379 252.27738536793794 9.0 9.0 0.0 5.0 1.0
3194.0497786969745 5.0 0.0 1546.0 154.6 2522.773853679379 252.27738536793794 9.0 9.0 0.0 5.0 1.0
3195.0342212362225 5.0 0.0 1546.0 154.6 2522.773853679379 252.27738536793794 9.0 9.0 0.0 5.0 1.0
3196.0497786969745 5.0 0.0 1546.0 154.6 2522.773853679379 252.27738536793794 9.0 9.0 0.0 5.0 1.0
3197.0342212362225 5.0 0.0 1546.0 154.6 2522.773853679379 252.27738536793794 9.0 9.0 0.0 5.0 1.0
3198.0497786969745 5.0 0.0 1546.0 154.6 2522.773853679379 252.27738536793794 9.0 9.0 0.0 5.0 1.0
3199.0342212362225 5.0 0.0 1546.0 154.6 2522.773853679379 252.27738536793794 9.0 9.0 0.0 5.0 1.0
3200.0497786969745 5.0 0.0 1546.0 154.6 2522.773853679379 252.27738536793794 9.0 9.0 0.0 5.0 1.0
3201.0342212362225 5.0 0.0 1546.0 154.6 2522.773853679379 252.27738536793794 9.0 9.0 0.0 5.0 1.0
3202.0497786969745 5.0 0.0 1546.0 154.6 2522.773853679379 252.27738536793794 9.0 9.0 0.0 5.0 1.0
3203.0342212362225 5.0 0.0 1546.0 154.6 2522.773853679379 252.27738536793794 9.0 9.0 0.0 5.0 1.0
3204.0497786969745 5.0 0.0 1546.0 154.6 2522.773853679379 252.27738536793794 9.0 9.0 0.0 5.0 1.0
3205.0342212362225 5.0 0.0 1546.0 154.6 2522.773853679379 252.27738536793794 9.0 9.0 0.0 5.0 1.0
3206.0497786969745 5.0 0.0 1546.0 154.6 2522.773853679379 252.27738536793794 9.0 9.0 0.0 5.0 1.0
3207.0342212362225 5.0 0.0 1546.0 154.6 2522.773853679379 252.27738536793794 9.0 9.0 0.0 5.0 1.0
3208.0497786969745 5.0 0.0 1546.0 154.6 2522.773853679379 252.27738536793794 9.0 9.0 0.0 5.0 1.0
3209.0342212362225 5.0 0.0 1546.0 154.6 2522.773853679379 252.27738536793794 9.0 9.0 0.0 5.0 1.0
3210.0497786969745 5.0 0.0 1546.0 154.6 2522.773853679379 252.27738536793794 9.0 9.0 0.0 5.0 1.0
3211.0342212362225 5.0 0.0 1546.0 154.6 2522.773853679379 252.27738536793794 9.0 9.0 0.0 5.0 1.0
3212.0497786969745 5.0 0.0 1546.0 154.6 2522.773853679379 252.27738536793794 9.0 9.0 0.0 5.0 1.0
3213.0342212362225 5.0 0.0 1546.0 154.6 2522.773853679379 252.27738536793794 9.0 9.0 0.0 5.0 1.0
3214.0497786969745 5.0 0.0 1546.0 154.6 2522.773853679379 252.27738536793794 9.0 9.0 0.0 5.0 1.0
3215.0342212362225 5.0 0.0 1546.0 154.6 2522.773853679379 252.27738536793794 9.0 9.0 0.0 5.0 1.0
3216.0497786969745 5.0 0.0 1546.0 154.6 2522.773853679379 252.27738536793794 9.0 9.0 0.0 5.0 1.0
3217.0342212362225 5.0 0.0 1546.0 154.6 2522.773853679379 252.27738536793794 9.0 9.0 0.0 5.0 1.0
3218.0497786969745 5.0 0.0 1546.0 154.6 2522.773853679379 252.27738536793794 9.0 9.0 0.0 5.0 1.0
3219.0342212362225 5.0 0.0 1546.0 154.6 2522.773853679379 252.27738536793794 9.0 9.0 0.0 5.0 1.0
3220.0497786969745 5.0 0.0 1546.0 154.6 2522.773853679379 252.27738536793794 9.0 9.0 0.0 5.0 1.0
3221.0342212362225 5.0 0.0 1546.0 154.6 2522.773853679379 252.27738536793794 9.0 9.0 0.0 5.0 1.0
3222.0497786969745 5.0 0.0 1546.0 154.6 2522.773853679379 252.27738536793794 9.0 9.0 0.0 5.0 1.0
3223.0342212362225 5.0 0.0 1546.0 154.6 2522.773853679379 252.27738536793794 9.0 9.0 0.0 5.0 1.0
3224.0497786969745 5.0 0.0 1546.0 154.6 2522.773853679379 252.27738536793794 9.0 9.0 0.0 5.0 1.0
3225.0342212362225 5.0 0.0 1546.0 154.6 2522.773853679379 252.27738536793794 9.0 9.0 0.0 5.0 1.0
3226.0497786969745 5.0 0.0 1546.0 154.6 2522.773853679379 252.27738536793794 9.0 9.0 0.0 5.0 1.0
3227.0342212362225 5.0 0.0 1546.0 154.6 2522.773853679379 252.27738536793794 9.0 9.0 0.0 5.0 1.0
3228.0497786969745 5.0 0.0 1546.0 154.6 2522.773853679379 252.27738536793794 9.0 9.0 0.0 5.0 1.0
3229.0342212362225 5.0 0.0 1546.0 154.6 2522.773853679379 252.27738536793794 9.0 9.0 0.0 5.0 1.0
3230.0497786969745 5.0 0.0 1546.0 154.6 2522.773853679379 252.27738536793794 9.0 9.0 0.0 5.0 1.0
3231.0342212362225 5.0 0.0 1546.0 154.6 2522.773853679379 252.27738536793794 9.0 9.0 0.0 5.0 1.0
3232.0497786969745 5.0 0.0 1546.0 154.6 2522.773853679379 252.27738536793794 9.0 9.0 0.0 5.0 1.0
3233.0342212362225 5.0 0.0 1546.0 154.6 2522.773853679379 252.27738536793794 9.0 9.0 0.0 5.0 1.0
3234.0497786969745 5.0 0.0 1546.0 154.6 2522.773853679379 252.27738536793794 9.0 9.0 0.0 5.0 1.0
3235.0342212362225 5.0 0.0 1546.0 154.6 2522.773853679379 252.27738536793794 9.0 9.0 0.0 5.0 1.0
3236.0497786969745 5.0 0.0 1546.0 154.6 2522.773853679379 252.27738536793794 9.0 9.0 0.0 5.0 1.0
3237.0342212362225 5.0 0.0 1546.0 154.6 2522.773853679379 252.27738536793794 9.0 9.0 0.0 5.0 1.0
3238.0497786969745 5.0 0.0 1546.0 154.6 2522.773853679379 252.27738536793794 9.0 9.0 0.0 5.0 1.0
3239.0342212362225 5.0 0.0 1546.0 154.6 2522.773853679379 252.27738536793794 9.0 9.0 0.0 5.0 1.0
3240.0497786969745 5.0 0.0 1546.0 154.6 2522.773853679379 252.27738536793794 9.0 9.0 0.0 5.0 1.0
3241.0342212362225 5.0 0.0 1546.0 154.6 2522.773853679379 252.27738536793794 9.0 9.0 0.0 5.0 1.0
3242.0497786969745 5.0 0.0 1546.0 154.6 2522.773853679379 252.27738536793794 9.0 9.0 0.0 5.0 1.0
3243.0342212362225 5.0 0.0 1546.0 154.6 2522.773853679379 252.27738536793794 9.0 9.0 0.0 5.0 1.0
3244.0497786969745 5.0 0.0 1546.0 154.6 2522.773853679379 252.27738536793794 9.0 9.0 0.0 5.0 1.0
3245.0342212362225 5.0 0.0 1546.0 154.6 2522.773853679379 252.27738536793794 9.0 9.0 0.0 5.0 1.0
3246.0497786969745 5.0 0.0 1546.0 154.6 2522.773853679379 252.27738536793794 9.0 9.0 0.0 5.0 1.0
3247.0342212362225 5.0 0.0 1546.0 154.6 2522.773853679379 252.27738536793794 9.0 9.0 0.0 5.0 1.0
3248.0497786969745 5.0 0.0 1546.0 154.6 2522.773853679379 252.27738536793794 9.0 9.0 0.0 5.0 1.0
3249.0342212362225 5.0 0.0 1546.0 154.6 2522.773853679379 252.27738536793794 9.0 9.0 0.0 5.0 1.0
3250.0497786969745 5.0 0.0 1546.0 154.6 2522.773853679379 252.27738536793794 9.0 9.0 0.0 5.0 1.0
3251.0342212362225 5.0 0.0 1546.0 154.6 2522.773853679379 252.27738536793794 9.0 9.0 0.0 5.0 1.0
3252.0497786969745 5.0 0.0 1546.0 154.6 2522.773853679379 252.27738536793794 9.0 9.0 0.0 5.0 1.0
3253.0342212362225 5.0 0.0 1546.0 154.6 2522.773853679379 252.27738536793794 9.0 9.0 0.0 5.0 1.0
3254.0497786969745 5.0 0.0 1546.0 154.6 2522.773853679379 252.27738536793794 9.0 9.0 0.0 5.0 1.0
3255.0342212362225 5.0 0.0 1546.0 154.6 2522.773853679379 252.27738536793794 9.0 9.0 0.0 5.0 1.0
3256.0497786969745 5.0 0.0 1546.0 154.6 2522.773853679379 252.27738536793794 9.0 9.0 0.0 5.0 1.0
3257.0342212362225 5.0 0.0 1546.0 154.6 2522.773853679379 252.27738536793794 9.0 9.0 0.0 5.0 1.0
3258.0497786969745 5.0 0.0 1546.0 154.6 2522.773853679379 252.27738536793794 9.0 9.0 0.0 5.0 1.0
3259.0342212362225 5.0 0.0 1546.0 154.6 2522.773853679379 252.27738536793794 9.0 9.0 0.0 5.0 1.0
3260.0497786969745 5.0 0.0 1546.0 154.6 2522.773853679379 252.27738536793794 9.0 9.0 0.0 5.0 1.0
3261.0342212362225 5.0 0.0 1546.0 154.6 2522.773853679379 252.27738536793794 9.0 9.0 0.0 5.0 1.0
3262.0497786969745 5.0 0.0 1546.0 154.6 2522.773853679379 252.27738536793794 9.0 9.0 0.0 5.0 1.0
3263.0342212362225 5.0 0.0 1546.0 154.6 2522.773853679379 252.27738536793794 9.0 9.0 0.0 5.0 1.0
3264.0497786969745 5.0 0.0 1546.0 154.6 2522.773853679379 252.27738536793794 9.0 9.0 0.0 5.0 1.0
3265.0342212362225 5.0 0.0 1546.0 154.6 2522.773853679379 252.27738536793794 9.0 9.0 0.0 5.0 1.0
3266.0497786969745 5.0 0.0 1546.0 154.6 2522.773853679379 252.27738536793794 9.0 9.0 0.0 5.0 1.0
3267.0342212362225 5.0 0.0 1546.0 154.6 2522.773853679379 252.27738536793794 9.0 9.0 0.0 5.0 1.0
3268.0497786969745 5.0 0.0 1546.0 154.6 2522.773853679379 252.27738536793794 9.0 9.0 0.0 5.0 1.0
3269.0342212362225 5.0 0.0 1546.0 154.6 2522.773853679379 252.27738536793794 9.0 9.0 0.0 5.0 1.0
3270.0497786969745 5.0 0.0 1546.0 154.6 2522.773853679379 252.27738536793794 9.0 9.0 0.0 5.0 1.0
3271.0342212362225 5.0 0.0 1546.0 154.6 2522.773853679379 252.27738536793794 9.0 9.0 0.0 5.0 1.0
3272.0497786969745 5.0 0.0 1546.0 154.6 2522.773853679379 252.27738536793794 9.0 9.0 0.0 5.0 1.0
3273.0342212362225 5.0 0.0 1546.0 154.6 2522.773853679379 252.27738536793794 9.0 9.0 0.0 5.0 1.0
3274.0497786969745 5.0 0.0 1546.0 154.6 2522.773853679379 252.27738536793794 9.0 9.0 0.0 5.0 1.0
3275.0342212362225 5.0 0.0 1546.0 154.6 2522.773853679379 252.27738536793794 9.0 9.0 0.0 5.0 1.0
3276.0497786969745 5.0 0.0 1546.0 154.6 2522.773853679379 252.27738536793794 9.0 9.0 0.0 5.0 1.0
3277.0342212362225 5.0 0.0 1546.0 154.6 2522.773853679379 252.27738536793794 9.0 9.0 0.0 5.0 1.0
3278.0497786969745 5.0 0.0 1546.0 154.6 2522.773853679379 252.27738536793794 9.0 9.0 0.0 5.0 1.0
3279.0342212362225 5.0 0.0 1546.0 154.6 2522.773853679379 252.27738536793794 9.0 9.0 0.0 5.0 1.0
3280.0497786969745 5.0 0.0 1546.0 154.6 2522.773853679379 252.27738536793794 9.0 9.0 0.0 5.0 1.0
3281.0342212362225 5.0 0.0 1546.0 154.6 2522.773853679379 252.27738536793794 9.0 9.0 0.0 5.0 1.0
3282.0497786969745 5.0 0.0 1546.0 154.6 2522.773853679379 252.27738536793794 9.0 9.0 0.0 5.0 1.0
3283.0342212362225 5.0 0.0 1546.0 154.6 2522.773853679379 252.27738536793794 9.0 9.0 0.0 5.0 1.0
3284.0497786969745 5.0 0.0 1546.0 154.6 2522.773853679379 252.27738536793794 9.0 9.0 0.0 5.0 1.0
3285.0342212362225 5.0 0.0 1546.0 154.6 2522.773853679379 252.27738536793794 9.0 9.0 0.0 5.0 1.0
3286.0497786969745 5.0 0.0 1546.0 154.6 2522.773853679379 252.27738536793794 9.0 9.0 0.0 5.0 1.0
3287.0342212362225 5.0 0.0 1546.0 154.6 2522.773853679379 252.27738536793794 9.0 9.0 0.0 5.0 1.0
3288.0497786969745 5.0 0.0 1546.0 154.6 2522.773853679379 252.27738536793794 9.0 9.0 0.0 5.0 1.0
3289.0342212362225 5.0 0.0 1546.0 154.6 2522.773853679379 252.27738536793794 9.0 9.0 0.0 5.0 1.0
3290.0497786969745 5.0 0.0 1546.0 154.6 2522.773853679379 252.27738536793794 9.0 9.0 0.0 5.0 1.0
3291.0342212362225 5.0 0.0 1546.0 154.6 2522.773853679379 252.27738536793794 9.0 9.0 0.0 5.0 1.0
3292.0497786969745 5.0 0.0 1546.0 154.6 2522.773853679379 252.27738536793794 9.0 9.0 0.0 5.0 1.0
3293.0342212362225 5.0 0.0 1546.0 154.6 2522.773853679379 252.27738536793794 9.0 9.0 0.0 5.0 1.0
3294.0497786969745 5.0 0.0 1546.0 154.6 2522.773853679379 252.27738536793794 9.0 9.0 0.0 5.0 1.0
3295.0342212362225 5.0 0.0 1546.0 154.6 2522.773853679379 252.27738536793794 9.0 9.0 0.0 5.0 1.0
3296.0497786969745 5.0 0.0 1546.0 154.6 2522.773853679379 252.27738536793794 9.0 9.0 0.0 5.0 1.0
3297.0342212362225 5.0 0.0 1546.0 154.6 2522.773853679379 252.27738536793794 9.0 9.0 0.0 5.0 1.0
3298.0497786969745 5.0 0.0 1546.0 154.6 2522.773853679379 252.27738536793794 9.0 9.0 0.0 5.0 1.0
3299.0342212362225 5.0 0.0 1546.0 154.6 2522.773853679379 252.27738536793794 9.0 9.0 0.0 5.0 1.0
3300.0497786969745 5.0 0.0 1546.0 154.6 2522.773853679379 252.27738536793794 9.0 9.0 0.0 5.0 1.0
3301.0342212362225 5.0 0.0 1546.0 154.6 2522.773853679379 252.27738536793794 9.0 9.0 0.0 5.0 1.0
3302.0497786969745 5.0 0.0 1546.0 154.6 2522.773853679379 252.27738536793794 9.0 9.0 0.0 5.0 1.0
3303.0342212362225 5.0 0.0 1546.0 154.6 2522.773853679379 252.27738536793794 9.0 9.0 0.0 5.0 1.0
3304.0497786969745 5.0 0.0 1546.0 154.6 2522.773853679379 252.27738536793794 9.0 9.0 0.0 5.0 1.0
3305.0342212362225 5.0 0.0 1546.0 154.6 2522.773853679379 252.27738536793794 9.0 9.0 0.0 5.0 1.0
3306.0497786969745 5.0 0.0 1546.0 154.6 2522.773853679379 252.27738536793794 9.0 9.0 0.0 5.0 1.0
3307.0342212362225 5.0 0.0 1546.0 154.6 2522.773853679379 252.27738536793794 9.0 9.0 0.0 5.0 1.0
3308.0497786969745 5.0 0.0 1546.0 154.6 2522.773853679379 252.27738536793794 9.0 9.0 0.0 5.0 1.0
3309.0342212362225 5.0 0.0 1546.0 154.6 2522.773853679379 252.27738536793794 9.0 9.0 0.0 5.0 1.0
3310.0497786969745 5.0 0.0 1546.0 154.6 2522.773853679379 252.27738536793794 9.0 9.0 0.0 5.0 1.0
3311.0342212362225 5.0 0.0 1546.0 154.6 2522.773853679379 252.27738536793794 9.0 9.0 0.0 5.0 1.0
3312.0497786969745 5.0 0.0 1546.0 154.6 2522.773853679379 252.27738536793794 9.0 9.0 0.0 5.0 1.0
3313.0342212362225 5.0 0.0 1546.0 154.6 2522.773853679379 252.27738536793794 9.0 9.0 0.0 5.0 1.0
3314.0497786969745 5.0 0.0 1546.0 154.6 2522.773853679379 252.27738536793794 9.0 9.0 0.0 5.0 1.0
3315.0342212362225 5.0 0.0 1546.0 154.6 2522.773853679379 252.27738536793794 9.0 9.0 0.0 5.0 1.0
3316.0497786969745 5.0 0.0 1546.0 154.6 2522.773853679379 252.27738536793794 9.0 9.0 0.0 5.0 1.0
3317.0342212362225 5.0 0.0 1546.0 154.6 2522.773853679379 252.27738536793794 9.0 9.0 0.0 5.0 1.0
3318.0497786969745 5.0 0.0 1546.0 154.6 2522.773853679379 252.27738536793794 9.0 9.0 0.0 5.0 1.0
3319.0342212362225 5.0 0.0 1546.0 154.6 2522.773853679379 252.27738536793794 9.0 9.0 0.0 5.0 1.0
3320.0497786969745 5.0 0.0 1546.0 154.6 2522.773853679379 252.27738536793794 9.0 9.0 0.0 5.0 1.0
3321.0342212362225 5.0 0.0 1546.0 154.6 2522.773853679379 252.27738536793794 9.0 9.0 0.0 5.0 1.0
3322.0497786969745 5.0 0.0 1546.0 154.6 2522.773853679379 252.27738536793794 9.0 9.0 0.0 5.0 1.0
3323.0342212362225 5.0 0.0 1546.0 154.6 2522.773853679379 252.27738536793794 9.0 9.0 0.0 5.0 1.0
3324.0497786969745 5.0 0.0 1546.0 154.6 2522.773853679379 252.27738536793794 9.0 9.0 0.0 5.0 1.0
3325.0342212362225 5.0 0.0 1546.0 154.6 2522.773853679379 252.27738536793794 9.0 9.0 0.0 5.0 1.0
3326.0497786969745 5.0 0.0 1546.0 154.6 2522.773853679379 252.27738536793794 9.0 9.0 0.0 5.0 1.0
3327.0342212362225 5.0 0.0 1546.0 154.6 2522.773853679379 252.27738536793794 9.0 9.0 0.0 5.0 1.0
3328.0497786969745 5.0 0.0 1546.0 154.6 2522.773853679379 252.27738536793794 9.0 9.0 0.0 5.0 1.0
3329.0342212362225 5.0 0.0 1546.0 154.6 2522.773853679379 252.27738536793794 9.0 9.0 0.0 5.0 1.0
3330.0497786969745 5.0 0.0 1546.0 154.6 2522.773853679379 252.27738536793794 9.0 9.0 0.0 5.0 1.0
3331.0342212362225 5.0 0.0 1546.0 154.6 2522.773853679379 252.27738536793794 9.0 9.0 0.0 5.0 1.0
3332.0497786969745 5.0 0.0 1546.0 154.6 2522.773853679379 252.27738536793794 9.0 9.0 0.0 5.0 1.0
3333.0342212362225 5.0 0.0 1546.0 154.6 2522.773853679379 252.27738536793794 9.0 9.0 0.0 5.0 1.0
3334.0497786969745 5.0 0.0 1546.0 154.6 2522.773853679379 252.27738536793794 9.0 9.0 0.0 5.0 1.0
3335.0342212362225 5.0 0.0 1546.0 154.6 2522.773853679379 252.27738536793794 9.0 9.0 0.0 5.0 1.0
3336.0497786969745 5.0 0.0 1546.0 154.6 2522.773853679379 252.27738536793794 9.0 9.0 0.0 5.0 1.0
3337.0342212362225 5.0 0.0 1546.0 154.6 2522.773853679379 252.27738536793794 9.0 9.0 0.0 5.0 1.0
3338.0497786969745 5.0 0.0 1546.0 154.6 2522.773853679379 252.27738536793794 9.0 9.0 0.0 5.0 1.0
3339.0342212362225 5.0 0.0 1546.0 154.6 2522.773853679379 252.27738536793794 9.0 9.0 0.0 5.0 1.0
3340.0497786969745 5.0 0.0 1546.0 154.6 2522.773853679379 252.27738536793794 9.0 9.0 0.0 5.0 1.0
3341.0342212362225 5.0 0.0 1546.0 154.6 2522.773853679379 252.27738536793794 9.0 9.0 0.0 5.0 1.0
3342.0497786969745 5.0 0.0 1546.0 154.6 2522.773853679379 252.27738536793794 9.0 9.0 0.0 5.0 1.0
3343.0342212362225 5.0 0.0 1546.0 154.6 2522.773853679379 252.27738536793794 9.0 9.0 0.0 5.0 1.0
3344.0497786969745 5.0 0.0 1546.0 154.6 2522.773853679379 252.27738536793794 9.0 9.0 0.0 5.0 1.0
3345.0342212362225 5.0 0.0 1546.0 154.6 2522.773853679379 252.27738536793794 9.0 9.0 0.0 5.0 1.0
3346.0497786969745 5.0 0.0 1546.0 154.6 2522.773853679379 252.27738536793794 9.0 9.0 0.0 5.0 1.0
3347.0342212362225 5.0 0.0 1546.0 154.6 2522.773853679379 252.27738536793794 9.0 9.0 0.0 5.0 1.0
3348.0497786969745 5.0 0.0 1546.0 154.6 2522.773853679379 252.27738536793794 9.0 9.0 0.0 5.0 1.0
3349.0342212362225 5.0 0.0 1546.0 154.6 2522.773853679379 252.27738536793794 9.0 9.0 0.0 5.0 1.0
3350.0497786969745 5.0 0.0 1546.0 154.6 2522.773853679379 252.27738536793794 9.0 9.0 0.0 5.0 1.0
3351.0342212362225 5.0 0.0 1546.0 154.6 2522.773853679379 252.27738536793794 9.0 9.0 0.0 5.0 1.0
3352.0497786969745 5.0 0.0 1546.0 154.6 2522.773853679379 252.27738536793794 9.0 9.0 0.0 5.0 1.0
3353.0342212362225 5.0 0.0 1546.0 154.6 2522.773853679379 252.27738536793794 9.0 9.0 0.0 5.0 1.0
3354.0497786969745 5.0 0.0 1546.0 154.6 2522.773853679379 252.27738536793794 9.0 9.0 0.0 5.0 1.0
3355.0342212362225 5.0 0.0 1546.0 154.6 2522.773853679379 252.27738536793794 9.0 9.0 0.0 5.0 1.0
3356.0497786969745 5.0 0.0 1546.0 154.6 2522.773853679379 252.27738536793794 9.0 9.0 0.0 5.0 1.0
3357.0342212362225 5.0 0.0 1546.0 154.6 2522.773853679379 252.27738536793794 9.0 9.0 0.0 5.0 1.0
3358.0497786969745 5.0 0.0 1546.0 154.6 2522.773853679379 252.27738536793794 9.0 9.0 0.0 5.0 1.0
3359.0342212362225 5.0 0.0 1546.0 154.6 2522.773853679379 252.27738536793794 9.0 9.0 0.0 5.0 1.0
3360.0497786969745 5.0 0.0 1546.0 154.6 2522.773853679379 252.27738536793794 9.0 9.0 0.0 5.0 1.0
3361.0342212362225 5.0 0.0 1546.0 154.6 2522.773853679379 252.27738536793794 9.0 9.0 0.0 5.0 1.0
3362.0497786969745 5.0 0.0 1546.0 154.6 2522.773853679379 252.27738536793794 9.0 9.0 0.0 5.0 1.0
3363.0342212362225 5.0 0.0 1546.0 154.6 2522.773853679379 252.27738536793794 9.0 9.0 0.0 5.0 1.0
3364.0497786969745 5.0 0.0 1546.0 154.6 2522.773853679379 252.27738536793794 9.0 9.0 0.0 5.0 1.0
3365.0342212362225 5.0 0.0 1546.0 154.6 2522.773853679379 252.27738536793794 9.0 9.0 0.0 5.0 1.0
3366.0497786969745 5.0 0.0 1546.0 154.6 2522.773853679379 252.27738536793794 9.0 9.0 0.0 5.0 1.0
3367.0342212362225 5.0 0.0 1546.0 154.6 2522.773853679379 252.27738536793794 9.0 9.0 0.0 5.0 1.0
3368.0497786969745 5.0 0.0 1546.0 154.6 2522.773853679379 252.27738536793794 9.0 9.0 0.0 5.0 1.0
3369.0342212362225 5.0 0.0 1546.0 154.6 2522.773853679379 252.27738536793794 9.0 9.0 0.0 5.0 1.0
3370.0497786969745 5.0 0.0 1546.0 154.6 2522.773853679379 252.27738536793794 9.0 9.0 0.0 5.0 1.0
3371.0342212362225 5.0 0.0 1546.0 154.6 2522.773853679379 252.27738536793794 9.0 9.0 0.0 5.0 1.0
3372.0497786969745 5.0 0.0 1546.0 154.6 2522.773853679379 252.27738536793794 9.0 9.0 0.0 5.0 1.0
3373.0342212362225 5.0 0.0 1546.0 154.6 2522.773853679379 252.27738536793794 9.0 9.0 0.0 5.0 1.0
3374.0497786969745 5.0 0.0 1546.0 154.6 2522.773853679379 252.27738536793794 9.0 9.0 0.0 5.0 1.0
3375.0342212362225 5.0 0.0 1546.0 154.6 2522.773853679379 252.27738536793794 9.0 9.0 0.0 5.0 1.0
3376.0497786969745 5.0 0.0 1546.0 154.6 2522.773853679379 252.27738536793794 9.0 9.0 0.0 5.0 1.0
3377.0342212362225 5.0 0.0 1546.0 154.6 2522.773853679379 252.27738536793794 9.0 9.0 0.0 5.0 1.0
3378.0497786969745 5.0 0.0 1546.0 154.6 2522.773853679379 252.27738536793794 9.0 9.0 0.0 5.0 1.0
3379.0342212362225 5.0 0.0 1546.0 154.6 2522.773853679379 252.27738536793794 9.0 9.0 0.0 5.0 1.0
3380.0497786969745 5.0 0.0 1546.0 154.6 2522.773853679379 252.27738536793794 9.0 9.0 0.0 5.0 1.0
3381.0342212362225 5.0 0.0 1546.0 154.6 2522.773853679379 252.27738536793794 9.0 9.0 0.0 5.0 1.0
3382.0497786969745 5.0 0.0 1546.0 154.6 2522.773853679379 252.27738536793794 9.0 9.0 0.0 5.0 1.0
3383.0342212362225 5.0 0.0 1546.0 154.6 2522.773853679379 252.27738536793794 9.0 9.0 0.0 5.0 1.0
3384.0497786969745 5.0 0.0 1546.0 154.6 2522.773853679379 252.27738536793794 9.0 9.0 0.0 5.0 1.0
3385.0342212362225 5.0 0.0 1546.0 154.6 2522.773853679379 252.27738536793794 9.0 9.0 0.0 5.0 1.0
3386.0497786969745 5.0 0.0 1546.0 154.6 2522.773853679379 252.27738536793794 9.0 9.0 0.0 5.0 1.0
3387.0342212362225 5.0 0.0 1546.0 154.6 2522.773853679379 252.27738536793794 9.0 9.0 0.0 5.0 1.0
3388.0497786969745 5.0 0.0 1546.0 154.6 2522.773853679379 252.27738536793794 9.0 9.0 0.0 5.0 1.0
3389.0342212362225 5.0 0.0 1546.0 154.6 2522.773853679379 252.27738536793794 9.0 9.0 0.0 5.0 1.0
3390.0497786969745 5.0 0.0 1546.0 154.6 2522.773853679379 252.27738536793794 9.0 9.0 0.0 5.0 1.0
3391.0342212362225 5.0 0.0 1546.0 154.6 2522.773853679379 252.27738536793794 9.0 9.0 0.0 5.0 1.0
3392.0497786969745 5.0 0.0 1546.0 154.6 2522.773853679379 252.27738536793794 9.0 9.0 0.0 5.0 1.0
3393.0342212362225 5.0 0.0 1546.0 154.6 2522.773853679379 252.27738536793794 9.0 9.0 0.0 5.0 1.0
3394.0497786969745 5.0 0.0 1546.0 154.6 2522.773853679379 252.27738536793794 9.0 9.0 0.0 5.0 1.0
3395.0342212362225 5.0 0.0 1546.0 154.6 2522.773853679379 252.27738536793794 9.0 9.0 0.0 5.0 1.0
3396.0497786969745 5.0 0.0 1546.0 154.6 2522.773853679379 252.27738536793794 9.0 9.0 0.0 5.0 1.0
3397.0342212362225 5.0 0.0 1546.0 154.6 2522.773853679379 252.27738536793794 9.0 9.0 0.0 5.0 1.0
3398.0497786969745 5.0 0.0 1546.0 154.6 2522.773853679379 252.27738536793794 9.0 9.0 0.0 5.0 1.0
3399.0342212362225 5.0 0.0 1546.0 154.6 2522.773853679379 252.27738536793794 9.0 9.0 0.0 5.0 1.0
3400.0497786969745 5.0 0.0 1546.0 154.6 2522.773853679379 252.27738536793794 9.0 9.0 0.0 5.0 1.0
3401.0342212362225 5.0 0.0 1546.0 154.6 2522.773853679379 252.27738536793794 9.0 9.0 0.0 5.0 1.0
3402.0497786969745 5.0 0.0 1546.0 154.6 2522.773853679379 252.27738536793794 9.0 9.0 0.0 5.0 1.0
3403.0342212362225 5.0 0.0 1546.0 154.6 2522.773853679379 252.27738536793794 9.0 9.0 0.0 5.0 1.0
3404.0497786969745 5.0 0.0 1546.0 154.6 2522.773853679379 252.27738536793794 9.0 9.0 0.0 5.0 1.0
3405.0342212362225 5.0 0.0 1546.0 154.6 2522.773853679379 252.27738536793794 9.0 9.0 0.0 5.0 1.0
3406.0497786969745 5.0 0.0 1546.0 154.6 2522.773853679379 252.27738536793794 9.0 9.0 0.0 5.0 1.0
3407.0342212362225 5.0 0.0 1546.0 154.6 2522.773853679379 252.27738536793794 9.0 9.0 0.0 5.0 1.0
3408.0497786969745 5.0 0.0 1546.0 154.6 2522.773853679379 252.27738536793794 9.0 9.0 0.0 5.0 1.0
3409.0342212362225 5.0 0.0 1546.0 154.6 2522.773853679379 252.27738536793794 9.0 9.0 0.0 5.0 1.0
3410.0497786969745 5.0 0.0 1546.0 154.6 2522.773853679379 252.27738536793794 9.0 9.0 0.0 5.0 1.0
3411.0342212362225 5.0 0.0 1546.0 154.6 2522.773853679379 252.27738536793794 9.0 9.0 0.0 5.0 1.0
3412.0497786969745 5.0 0.0 1546.0 154.6 2522.773853679379 252.27738536793794 9.0 9.0 0.0 5.0 1.0
3413.0342212362225 5.0 0.0 1546.0 154.6 2522.773853679379 252.27738536793794 9.0 9.0 0.0 5.0 1.0
3414.0497786969745 5.0 0.0 1546.0 154.6 2522.773853679379 252.27738536793794 9.0 9.0 0.0 5.0 1.0
3415.0342212362225 5.0 0.0 1546.0 154.6 2522.773853679379 252.27738536793794 9.0 9.0 0.0 5.0 1.0
3416.0497786969745 5.0 0.0 1546.0 154.6 2522.773853679379 252.27738536793794 9.0 9.0 0.0 5.0 1.0
3417.0342212362225 5.0 0.0 1546.0 154.6 2522.773853679379 252.27738536793794 9.0 9.0 0.0 5.0 1.0
3418.0497786969745 5.0 0.0 1546.0 154.6 2522.773853679379 252.27738536793794 9.0 9.0 0.0 5.0 1.0
3419.0342212362225 5.0 0.0 1546.0 154.6 2522.773853679379 252.27738536793794 9.0 9.0 0.0 5.0 1.0
3420.0497786969745 5.0 0.0 1546.0 154.6 2522.773853679379 252.27738536793794 9.0 9.0 0.0 5.0 1.0
3421.0342212362225 5.0 0.0 1546.0 154.6 2522.773853679379 252.27738536793794 9.0 9.0 0.0 5.0 1.0
3422.0497786969745 5.0 0.0 1546.0 154.6 2522.773853679379 252.27738536793794 9.0 9.0 0.0 5.0 1.0
3423.0342212362225 5.0 0.0 1546.0 154.6 2522.773853679379 252.27738536793794 9.0 9.0 0.0 5.0 1.0
3424.0497786969745 5.0 0.0 1546.0 154.6 2522.773853679379 252.27738536793794 9.0 9.0 0.0 5.0 1.0
3425.0342212362225 5.0 0.0 1546.0 154.6 2522.773853679379 252.27738536793794 9.0 9.0 0.0 5.0 1.0
3426.0497786969745 5.0 0.0 1546.0 154.6 2522.773853679379 252.27738536793794 9.0 9.0 0.0 5.0 1.0
3427.0342212362225 5.0 0.0 1546.0 154.6 2522.773853679379 252.27738536793794 9.0 9.0 0.0 5.0 1.0
3428.0497786969745 5.0 0.0 1546.0 154.6 2522.773853679379 252.27738536793794 9.0 9.0 0.0 5.0 1.0
3429.0342212362225 5.0 0.0 1546.0 154.6 2522.773853679379 252.27738536793794 9.0 9.0 0.0 5.0 1.0
3430.0497786969745 5.0 0.0 1546.0 154.6 2522.773853679379 252.27738536793794 9.0 9.0 0.0 5.0 1.0
3431.0342212362225 5.0 0.0 1546.0 154.6 2522.773853679379 252.27738536793794 9.0 9.0 0.0 5.0 1.0
3432.0497786969745 5.0 0.0 1546.0 154.6 2522.773853679379 252.27738536793794 9.0 9.0 0.0 5.0 1.0
3433.0342212362225 5.0 0.0 1546.0 154.6 2522.773853679379 252.27738536793794 9.0 9.0 0.0 5.0 1.0
3434.0497786969745 5.0 0.0 1546.0 154.6 2522.773853679379 252.27738536793794 9.0 9.0 0.0 5.0 1.0
3435.0342212362225 5.0 0.0 1546.0 154.6 2522.773853679379 252.27738536793794 9.0 9.0 0.0 5.0 1.0
3436.0497786969745 5.0 0.0 1546.0 154.6 2522.773853679379 252.27738536793794 9.0 9.0 0.0 5.0 1.0
3437.0342212362225 5.0 0.0 1546.0 154.6 2522.773853679379 252.27738536793794 9.0 9.0 0.0 5.0 1.0
3438.0497786969745 5.0 0.0 1546.0 154.6 2522.773853679379 252.27738536793794 9.0 9.0 0.0 5.0 1.0
3439.0342212362225 5.0 0.0 1546.0 154.6 2522.773853679379 252.27738536793794 9.0 9.0 0.0 5.0 1.0
3440.0497786969745 5.0 0.0 1546.0 154.6 2522.773853679379 252.27738536793794 9.0 9.0 0.0 5.0 1.0
3441.0342212362225 5.0 0.0 1546.0 154.6 2522.773853679379 252.27738536793794 9.0 9.0 0.0 5.0 1.0
3442.0497786969745 5.0 0.0 1546.0 154.6 2522.773853679379 252.27738536793794 9.0 9.0 0.0 5.0 1.0
3443.0342212362225 5.0 0.0 1546.0 154.6 2522.773853679379 252.27738536793794 9.0 9.0 0.0 5.0 1.0
3444.0497786969745 5.0 0.0 1546.0 154.6 2522.773853679379 252.27738536793794 9.0 9.0 0.0 5.0 1.0
3445.0342212362225 5.0 0.0 1546.0 154.6 2522.773853679379 252.27738536793794 9.0 9.0 0.0 5.0 1.0
3446.0497786969745 5.0 0.0 1546.0 154.6 2522.773853679379 252.27738536793794 9.0 9.0 0.0 5.0 1.0
3447.0342212362225 5.0 0.0 1546.0 154.6 2522.773853679379 252.27738536793794 9.0 9.0 0.0 5.0 1.0
3448.0497786969745 5.0 0.0 1546.0 154.6 2522.773853679379 252.27738536793794 9.0 9.0 0.0 5.0 1.0
3449.0342212362225 5.0 0.0 1546.0 154.6 2522.773853679379 252.27738536793794 9.0 9.0 0.0 5.0 1.0
3450.0497786969745 5.0 0.0 1546.0 154.6 2522.773853679379 252.27738536793794 9.0 9.0 0.0 5.0 1.0
3451.0342212362225 5.0 0.0 1546.0 154.6 2522.773853679379 252.27738536793794 9.0 9.0 0.0 5.0 1.0
3452.0497786969745 5.0 0.0 1546.0 154.6 2522.773853679379 252.27738536793794 9.0 9.0 0.0 5.0 1.0
3453.0342212362225 5.0 0.0 1546.0 154.6 2522.773853679379 252.27738536793794 9.0 9.0 0.0 5.0 1.0
3454.0497786969745 5.0 0.0 1546.0 154.6 2522.773853679379 252.27738536793794 9.0 9.0 0.0 5.0 1.0
3455.0342212362225 5.0 0.0 1546.0 154.6 2522.773853679379 252.27738536793794 9.0 9.0 0.0 5.0 1.0
3456.0497786969745 5.0 0.0 1546.0 154.6 2522.773853679379 252.27738536793794 9.0 9.0 0.0 5.0 1.0
3457.0342212362225 5.0 0.0 1546.0 154.6 2522.773853679379 252.27738536793794 9.0 9.0 0.0 5.0 1.0
3458.0497786969745 5.0 0.0 1546.0 154.6 2522.773853679379 252.27738536793794 9.0 9.0 0.0 5.0 1.0
3459.0342212362225 5.0 0.0 1546.0 154.6 2522.773853679379 252.27738536793794 9.0 9.0 0.0 5.0 1.0
3460.0497786969745 5.0 0.0 1546.0 154.6 2522.773853679379 252.27738536793794 9.0 9.0 0.0 5.0 1.0
3461.0342212362225 5.0 0.0 1546.0 154.6 2522.773853679379 252.27738536793794 9.0 9.0 0.0 5.0 1.0
3462.0497786969745 5.0 0.0 1546.0 154.6 2522.773853679379 252.27738536793794 9.0 9.0 0.0 5.0 1.0
3463.0342212362225 5.0 0.0 1546.0 154.6 2522.773853679379 252.27738536793794 9.0 9.0 0.0 5.0 1.0
3464.0497786969745 5.0 0.0 1546.0 154.6 2522.773853679379 252.27738536793794 9.0 9.0 0.0 5.0 1.0
3465.0342212362225 5.0 0.0 1546.0 154.6 2522.773853679379 252.27738536793794 9.0 9.0 0.0 5.0 1.0
3466.0497786969745 5.0 0.0 1546.0 154.6 2522.773853679379 252.27738536793794 9.0 9.0 0.0 5.0 1.0
3467.0342212362225 5.0 0.0 1546.0 154.6 2522.773853679379 252.27738536793794 9.0 9.0 0.0 5.0 1.0
3468.0497786969745 5.0 0.0 1546.0 154.6 2522.773853679379 252.27738536793794 9.0 9.0 0.0 5.0 1.0
3469.0342212362225 5.0 0.0 1546.0 154.6 2522.773853679379 252.27738536793794 9.0 9.0 0.0 5.0 1.0
3470.0497786969745 5.0 0.0 1546.0 154.6 2522.773853679379 252.27738536793794 9.0 9.0 0.0 5.0 1.0
3471.0342212362225 5.0 0.0 1546.0 154.6 2522.773853679379 252.27738536793794 9.0 9.0 0.0 5.0 1.0
3472.0497786969745 5.0 0.0 1546.0 154.6 2522.773853679379 252.27738536793794 9.0 9.0 0.0 5.0 1.0
3473.0342212362225 5.0 0.0 1546.0 154.6 2522.773853679379 252.27738536793794 9.0 9.0 0.0 5.0 1.0
3474.0497786969745 5.0 0.0 1546.0 154.6 2522.773853679379 252.27738536793794 9.0 9.0 0.0 5.0 1.0
3475.0342212362225 5.0 0.0 1546.0 154.6 2522.773853679379 252.27738536793794 9.0 9.0 0.0 5.0 1.0
3476.0497786969745 5.0 0.0 1546.0 154.6 2522.773853679379 252.27738536793794 9.0 9.0 0.0 5.0 1.0
3477.0342212362225 5.0 0.0 1546.0 154.6 2522.773853679379 252.27738536793794 9.0 9.0 0.0 5.0 1.0
3478.0497786969745 5.0 0.0 1546.0 154.6 2522.773853679379 252.27738536793794 9.0 9.0 0.0 5.0 1.0
3479.0342212362225 5.0 0.0 1546.0 154.6 2522.773853679379 252.27738536793794 9.0 9.0 0.0 5.0 1.0
3480.0497786969745 5.0 0.0 1546.0 154.6 2522.773853679379 252.27738536793794 9.0 9.0 0.0 5.0 1.0
3481.0342212362225 5.0 0.0 1546.0 154.6 2522.773853679379 252.27738536793794 9.0 9.0 0.0 5.0 1.0
3482.0497786969745 5.0 0.0 1546.0 154.6 2522.773853679379 252.27738536793794 9.0 9.0 0.0 5.0 1.0
3483.0342212362225 5.0 0.0 1546.0 154.6 2522.773853679379 252.27738536793794 9.0 9.0 0.0 5.0 1.0
3484.0497786969745 5.0 0.0 1546.0 154.6 2522.773853679379 252.27738536793794 9.0 9.0 0.0 5.0 1.0
3485.0342212362225 5.0 0.0 1546.0 154.6 2522.773853679379 252.27738536793794 9.0 9.0 0.0 5.0 1.0
3486.0497786969745 5.0 0.0 1546.0 154.6 2522.773853679379 252.27738536793794 9.0 9.0 0.0 5.0 1.0
3487.0342212362225 5.0 0.0 1546.0 154.6 2522.773853679379 252.27738536793794 9.0 9.0 0.0 5.0 1.0
3488.0497786969745 5.0 0.0 1546.0 154.6 2522.773853679379 252.27738536793794 9.0 9.0 0.0 5.0 1.0
3489.0342212362225 5.0 0.0 1546.0 154.6 2522.773853679379 252.27738536793794 9.0 9.0 0.0 5.0 1.0
3490.0497786969745 5.0 0.0 1546.0 154.6 2522.773853679379 252.27738536793794 9.0 9.0 0.0 5.0 1.0
3491.0342212362225 5.0 0.0 1546.0 154.6 2522.773853679379 252.27738536793794 9.0 9.0 0.0 5.0 1.0
3492.0497786969745 5.0 0.0 1546.0 154.6 2522.773853679379 252.27738536793794 9.0 9.0 0.0 5.0 1.0
3493.0342212362225 5.0 0.0 1546.0 154.6 2522.773853679379 252.27738536793794 9.0 9.0 0.0 5.0 1.0
3494.0497786969745 5.0 0.0 1546.0 154.6 2522.773853679379 252.27738536793794 9.0 9.0 0.0 5.0 1.0
3495.0342212362225 5.0 0.0 1546.0 154.6 2522.773853679379 252.27738536793794 9.0 9.0 0.0 5.0 1.0
3496.0497786969745 5.0 0.0 1546.0 154.6 2522.773853679379 252.27738536793794 9.0 9.0 0.0 5.0 1.0
3497.0342212362225 5.0 0.0 1546.0 154.6 2522.773853679379 252.27738536793794 9.0 9.0 0.0 5.0 1.0
3498.0497786969745 5.0 0.0 1546.0 154.6 2522.773853679379 252.27738536793794 9.0 9.0 0.0 5.0 1.0
3499.0342212362225 5.0 0.0 1546.0 154.6 2522.773853679379 252.27738536793794 9.0 9.0 0.0 5.0 1.0
3500.0497786969745 5.0 0.0 1546.0 154.6 2522.773853679379 252.27738536793794 9.0 9.0 0.0 5.0 1.0
3501.0342212362225 5.0 0.0 1546.0 154.6 2522.773853679379 252.27738536793794 9.0 9.0 0.0 5.0 1.0
3502.0497786969745 5.0 0.0 1546.0 154.6 2522.773853679379 252.27738536793794 9.0 9.0 0.0 5.0 1.0
3503.0342212362225 5.0 0.0 1546.0 154.6 2522.773853679379 252.27738536793794 9.0 9.0 0.0 5.0 1.0
3504.0497786969745 5.0 0.0 1546.0 154.6 2522.773853679379 252.27738536793794 9.0 9.0 0.0 5.0 1.0
3505.0342212362225 5.0 0.0 1546.0 154.6 2522.773853679379 252.27738536793794 9.0 9.0 0.0 5.0 1.0
3506.0497786969745 5.0 0.0 1546.0 154.6 2522.773853679379 252.27738536793794 9.0 9.0 0.0 5.0 1.0
3507.0342212362225 5.0 0.0 1546.0 154.6 2522.773853679379 252.27738536793794 9.0 9.0 0.0 5.0 1.0
3508.0497786969745 5.0 0.0 1546.0 154.6 2522.773853679379 252.27738536793794 9.0 9.0 0.0 5.0 1.0
3509.0342212362225 5.0 0.0 1546.0 154.6 2522.773853679379 252.27738536793794 9.0 9.0 0.0 5.0 1.0
3510.0497786969745 5.0 0.0 1546.0 154.6 2522.773853679379 252.27738536793794 9.0 9.0 0.0 5.0 1.0
3511.0342212362225 5.0 0.0 1546.0 154.6 2522.773853679379 252.27738536793794 9.0 9.0 0.0 5.0 1.0
3512.0497786969745 5.0 0.0 1546.0 154.6 2522.773853679379 252.27738536793794 9.0 9.0 0.0 5.0 1.0
3513.0342212362225 5.0 0.0 1546.0 154.6 2522.773853679379 252.27738536793794 9.0 9.0 0.0 5.0 1.0
3514.0497786969745 5.0 0.0 1546.0 154.6 2522.773853679379 252.27738536793794 9.0 9.0 0.0 5.0 1.0
3515.0342212362225 5.0 0.0 1546.0 154.6 2522.773853679379 252.27738536793794 9.0 9.0 0.0 5.0 1.0
3516.0497786969745 5.0 0.0 1546.0 154.6 2522.773853679379 252.27738536793794 9.0 9.0 0.0 5.0 1.0
3517.0342212362225 5.0 0.0 1546.0 154.6 2522.773853679379 252.27738536793794 9.0 9.0 0.0 5.0 1.0
3518.0497786969745 5.0 0.0 1546.0 154.6 2522.773853679379 252.27738536793794 9.0 9.0 0.0 5.0 1.0
3519.0342212362225 5.0 0.0 1546.0 154.6 2522.773853679379 252.27738536793794 9.0 9.0 0.0 5.0 1.0
3520.0497786969745 5.0 0.0 1546.0 154.6 2522.773853679379 252.27738536793794 9.0 9.0 0.0 5.0 1.0
3521.0342212362225 5.0 0.0 1546.0 154.6 2522.773853679379 252.27738536793794 9.0 9.0 0.0 5.0 1.0
3522.0497786969745 5.0 0.0 1546.0 154.6 2522.773853679379 252.27738536793794 9.0 9.0 0.0 5.0 1.0
3523.0342212362225 5.0 0.0 1546.0 154.6 2522.773853679379 252.27738536793794 9.0 9.0 0.0 5.0 1.0
3524.0497786969745 5.0 0.0 1546.0 154.6 2522.773853679379 252.27738536793794 9.0 9.0 0.0 5.0 1.0
3525.0342212362225 5.0 0.0 1546.0 154.6 2522.773853679379 252.27738536793794 9.0 9.0 0.0 5.0 1.0
3526.0497786969745 5.0 0.0 1546.0 154.6 2522.773853679379 252.27738536793794 9.0 9.0 0.0 5.0 1.0
3527.0342212362225 5.0 0.0 1546.0 154.6 2522.773853679379 252.27738536793794 9.0 9.0 0.0 5.0 1.0
3528.0497786969745 5.0 0.0 1546.0 154.6 2522.773853679379 252.27738536793794 9.0 9.0 0.0 5.0 1.0
3529.0342212362225 5.0 0.0 1546.0 154.6 2522.773853679379 252.27738536793794 9.0 9.0 0.0 5.0 1.0
3530.0497786969745 5.0 0.0 1546.0 154.6 2522.773853679379 252.27738536793794 9.0 9.0 0.0 5.0 1.0
3531.0342212362225 5.0 0.0 1546.0 154.6 2522.773853679379 252.27738536793794 9.0 9.0 0.0 5.0 1.0
3532.0497786969745 5.0 0.0 1546.0 154.6 2522.773853679379 252.27738536793794 9.0 9.0 0.0 5.0 1.0
3533.0342212362225 5.0 0.0 1546.0 154.6 2522.773853679379 252.27738536793794 9.0 9.0 0.0 5.0 1.0
3534.0497786969745 5.0 0.0 1546.0 154.6 2522.773853679379 252.27738536793794 9.0 9.0 0.0 5.0 1.0
3535.0342212362225 5.0 0.0 1546.0 154.6 2522.773853679379 252.27738536793794 9.0 9.0 0.0 5.0 1.0
3536.0497786969745 5.0 0.0 1546.0 154.6 2522.773853679379 252.27738536793794 9.0 9.0 0.0 5.0 1.0
3537.0342212362225 5.0 0.0 1546.0 154.6 2522.773853679379 252.27738536793794 9.0 9.0 0.0 5.0 1.0
3538.0497786969745 5.0 0.0 1546.0 154.6 2522.773853679379 252.27738536793794 9.0 9.0 0.0 5.0 1.0
3539.0342212362225 5.0 0.0 1546.0 154.6 2522.773853679379 252.27738536793794 9.0 9.0 0.0 5.0 1.0
3540.0497786969745 5.0 0.0 1546.0 154.6 2522.773853679379 252.27738536793794 9.0 9.0 0.0 5.0 1.0
3541.0342212362225 5.0 0.0 1546.0 154.6 2522.773853679379 252.27738536793794 9.0 9.0 0.0 5.0 1.0
3542.0497786969745 5.0 0.0 1546.0 154.6 2522.773853679379 252.27738536793794 9.0 9.0 0.0 5.0 1.0
3543.0342212362225 5.0 0.0 1546.0 154.6 2522.773853679379 252.27738536793794 9.0 9.0 0.0 5.0 1.0
3544.0497786969745 5.0 0.0 1546.0 154.6 2522.773853679379 252.27738536793794 9.0 9.0 0.0 5.0 1.0
3545.0342212362225 5.0 0.0 1546.0 154.6 2522.773853679379 252.27738536793794 9.0 9.0 0.0 5.0 1.0
3546.0497786969745 5.0 0.0 1546.0 154.6 2522.773853679379 252.27738536793794 9.0 9.0 0.0 5.0 1.0
3547.0342212362225 5.0 0.0 1546.0 154.6 2522.773853679379 252.27738536793794 9.0 9.0 0.0 5.0 1.0
3548.0497786969745 5.0 0.0 1546.0 154.6 2522.773853679379 252.27738536793794 9.0 9.0 0.0 5.0 1.0
3549.0342212362225 5.0 0.0 1546.0 154.6 2522.773853679379 252.27738536793794 9.0 9.0 0.0 5.0 1.0
3550.0497786969745 5.0 0.0 1546.0 154.6 2522.773853679379 252.27738536793794 9.0 9.0 0.0 5.0 1.0
3551.0342212362225 5.0 0.0 1546.0 154.6 2522.773853679379 252.27738536793794 9.0 9.0 0.0 5.0 1.0
3552.0497786969745 5.0 0.0 1546.0 154.6 2522.773853679379 252.27738536793794 9.0 9.0 0.0 5.0 1.0
3553.0342212362225 5.0 0.0 1546.0 154.6 2522.773853679379 252.27738536793794 9.0 9.0 0.0 5.0 1.0
3554.0497786969745 5.0 0.0 1546.0 154.6 2522.773853679379 252.27738536793794 9.0 9.0 0.0 5.0 1.0
3555.0342212362225 5.0 0.0 1546.0 154.6 2522.773853679379 252.27738536793794 9.0 9.0 0.0 5.0 1.0
3556.0497786969745 5.0 0.0 1546.0 154.6 2522.773853679379 252.27738536793794 9.0 9.0 0.0 5.0 1.0
3557.0342212362225 5.0 0.0 1546.0 154.6 2522.773853679379 252.27738536793794 9.0 9.0 0.0 5.0 1.0
3558.0497786969745 5.0 0.0 1546.0 154.6 2522.773853679379 252.27738536793794 9.0 9.0 0.0 5.0 1.0
3559.0342212362225 5.0 0.0 1546.0 154.6 2522.773853679379 252.27738536793794 9.0 9.0 0.0 5.0 1.0
3560.0497786969745 5.0 0.0 1546.0 154.6 2522.773853679379 252.27738536793794 9.0 9.0 0.0 5.0 1.0
3561.0342212362225 5.0 0.0 1546.0 154.6 2522.773853679379 252.27738536793794 9.0 9.0 0.0 5.0 1.0
3562.0497786969745 5.0 0.0 1546.0 154.6 2522.773853679379 252.27738536793794 9.0 9.0 0.0 5.0 1.0
3563.0342212362225 5.0 0.0 1546.0 154.6 2522.773853679379 252.27738536793794 9.0 9.0 0.0 5.0 1.0
3564.0497786969745 5.0 0.0 1546.0 154.6 2522.773853679379 252.27738536793794 9.0 9.0 0.0 5.0 1.0
3565.0342212362225 5.0 0.0 1546.0 154.6 2522.773853679379 252.27738536793794 9.0 9.0 0.0 5.0 1.0
3566.0497786969745 5.0 0.0 1546.0 154.6 2522.773853679379 252.27738536793794 9.0 9.0 0.0 5.0 1.0
3567.0342212362225 5.0 0.0 1546.0 154.6 2522.773853679379 252.27738536793794 9.0 9.0 0.0 5.0 1.0
3568.0497786969745 5.0 0.0 1546.0 154.6 2522.773853679379 252.27738536793794 9.0 9.0 0.0 5.0 1.0
3569.0342212362225 5.0 0.0 1546.0 154.6 2522.773853679379 252.27738536793794 9.0 9.0 0.0 5.0 1.0
3570.0497786969745 5.0 0.0 1546.0 154.6 2522.773853679379 252.27738536793794 9.0 9.0 0.0 5.0 1.0
3571.0342212362225 5.0 0.0 1546.0 154.6 2522.773853679379 252.27738536793794 9.0 9.0 0.0 5.0 1.0
3572.0497786969745 5.0 0.0 1546.0 154.6 2522.773853679379 252.27738536793794 9.0 9.0 0.0 5.0 1.0
3573.0342212362225 5.0 0.0 1546.0 154.6 2522.773853679379 252.27738536793794 9.0 9.0 0.0 5.0 1.0
3574.0497786969745 5.0 0.0 1546.0 154.6 2522.773853679379 252.27738536793794 9.0 9.0 0.0 5.0 1.0
3575.0342212362225 5.0 0.0 1546.0 154.6 2522.773853679379 252.27738536793794 9.0 9.0 0.0 5.0 1.0
3576.0497786969745 5.0 0.0 1546.0 154.6 2522.773853679379 252.27738536793794 9.0 9.0 0.0 5.0 1.0
3577.0342212362225 5.0 0.0 1546.0 154.6 2522.773853679379 252.27738536793794 9.0 9.0 0.0 5.0 1.0
3578.0497786969745 5.0 0.0 1546.0 154.6 2522.773853679379 252.27738536793794 9.0 9.0 0.0 5.0 1.0
3579.0342212362225 5.0 0.0 1546.0 154.6 2522.773853679379 252.27738536793794 9.0 9.0 0.0 5.0 1.0
3580.0497786969745 5.0 0.0 1546.0 154.6 2522.773853679379 252.27738536793794 9.0 9.0 0.0 5.0 1.0
3581.0342212362225 5.0 0.0 1546.0 154.6 2522.773853679379 252.27738536793794 9.0 9.0 0.0 5.0 1.0
3582.0497786969745 5.0 0.0 1546.0 154.6 2522.773853679379 252.27738536793794 9.0 9.0 0.0 5.0 1.0
3583.0342212362225 5.0 0.0 1546.0 154.6 2522.773853679379 252.27738536793794 9.0 9.0 0.0 5.0 1.0
3584.0497786969745 5.0 0.0 1546.0 154.6 2522.773853679379 252.27738536793794 9.0 9.0 0.0 5.0 1.0
3585.0342212362225 5.0 0.0 1546.0 154.6 2522.773853679379 252.27738536793794 9.0 9.0 0.0 5.0 1.0
3586.0497786969745 5.0 0.0 1546.0 154.6 2522.773853679379 252.27738536793794 9.0 9.0 0.0 5.0 1.0
3587.0342212362225 5.0 0.0 1546.0 154.6 2522.773853679379 252.27738536793794 9.0 9.0 0.0 5.0 1.0
3588.0497786969745 5.0 0.0 1546.0 154.6 2522.773853679379 252.27738536793794 9.0 9.0 0.0 5.0 1.0
3589.0342212362225 5.0 0.0 1546.0 154.6 2522.773853679379 252.27738536793794 9.0 9.0 0.0 5.0 1.0
3590.0497786969745 5.0 0.0 1546.0 154.6 2522.773853679379 252.27738536793794 9.0 9.0 0.0 5.0 1.0
3591.0342212362225 5.0 0.0 1546.0 154.6 2522.773853679379 252.27738536793794 9.0 9.0 0.0 5.0 1.0
3592.0497786969745 5.0 0.0 1546.0 154.6 2522.773853679379 252.27738536793794 9.0 9.0 0.0 5.0 1.0
3593.0342212362225 5.0 0.0 1546.0 154.6 2522.773853679379 252.27738536793794 9.0 9.0 0.0 5.0 1.0
3594.0497786969745 5.0 0.0 1546.0 154.6 2522.773853679379 252.27738536793794 9.0 9.0 0.0 5.0 1.0
3595.0342212362225 5.0 0.0 1546.0 154.6 2522.773853679379 252.27738536793794 9.0 9.0 0.0 5.0 1.0
3596.0497786969745 5.0 0.0 1546.0 154.6 2522.773853679379 252.27738536793794 9.0 9.0 0.0 5.0 1.0
3597.0342212362225 5.0 0.0 1546.0 154.6 2522.773853679379 252.27738536793794 9.0 9.0 0.0 5.0 1.0
3598.0497786969745 5.0 0.0 1546.0 154.6 2522.773853679379 252.27738536793794 9.0 9.0 0.0 5.0 1.0
3599.0342212362225 5.0 0.0 1546.0 154.6 2522.773853679379 252.27738536793794 9.0 9.0 0.0 5.0 1.0
3600.0497786969745 5.0 0.0 1546.0 154.6 2522.773853679379 252.27738536793794 9.0 9.0 0.0 5.0 1.0
3601.0342212362225 5.0 0.0 1546.0 154.6 2522.773853679379 252.27738536793794 9.0 9.0 0.0 5.0 1.0
3602.0497786969745 5.0 0.0 1546.0 154.6 2522.773853679379 252.27738536793794 9.0 9.0 0.0 5.0 1.0
3603.0342212362225 5.0 0.0 1546.0 154.6 2522.773853679379 252.27738536793794 9.0 9.0 0.0 5.0 1.0
3604.0497786969745 5.0 0.0 1546.0 154.6 2522.773853679379 252.27738536793794 9.0 9.0 0.0 5.0 1.0
3605.0342212362225 5.0 0.0 1546.0 154.6 2522.773853679379 252.27738536793794 9.0 9.0 0.0 5.0 1.0
3606.0497786969745 5.0 0.0 1546.0 154.6 2522.773853679379 252.27738536793794 9.0 9.0 0.0 5.0 1.0
3607.0342212362225 5.0 0.0 1546.0 154.6 2522.773853679379 252.27738536793794 9.0 9.0 0.0 5.0 1.0
3608.0497786969745 5.0 0.0 1546.0 154.6 2522.773853679379 252.27738536793794 9.0 9.0 0.0 5.0 1.0
3609.0342212362225 5.0 0.0 1546.0 154.6 2522.773853679379 252.27738536793794 9.0 9.0 0.0 5.0 1.0
3610.0497786969745 5.0 0.0 1546.0 154.6 2522.773853679379 252.27738536793794 9.0 9.0 0.0 5.0 1.0
3611.0342212362225 5.0 0.0 1546.0 154.6 2522.773853679379 252.27738536793794 9.0 9.0 0.0 5.0 1.0
3612.0497786969745 5.0 0.0 1546.0 154.6 2522.773853679379 252.27738536793794 9.0 9.0 0.0 5.0 1.0
3613.0342212362225 5.0 0.0 1546.0 154.6 2522.773853679379 252.27738536793794 9.0 9.0 0.0 5.0 1.0
3614.0497786969745 5.0 0.0 1546.0 154.6 2522.773853679379 252.27738536793794 9.0 9.0 0.0 5.0 1.0
3615.0342212362225 5.0 0.0 1546.0 154.6 2522.773853679379 252.27738536793794 9.0 9.0 0.0 5.0 1.0
3616.0497786969745 5.0 0.0 1546.0 154.6 2522.773853679379 252.27738536793794 9.0 9.0 0.0 5.0 1.0
3617.0342212362225 5.0 0.0 1546.0 154.6 2522.773853679379 252.27738536793794 9.0 9.0 0.0 5.0 1.0
3618.0497786969745 5.0 0.0 1546.0 154.6 2522.773853679379 252.27738536793794 9.0 9.0 0.0 5.0 1.0
3619.0342212362225 5.0 0.0 1546.0 154.6 2522.773853679379 252.27738536793794 9.0 9.0 0.0 5.0 1.0
3620.0497786969745 5.0 0.0 1546.0 154.6 2522.773853679379 252.27738536793794 9.0 9.0 0.0 5.0 1.0
3621.0342212362225 5.0 0.0 1546.0 154.6 2522.773853679379 252.27738536793794 9.0 9.0 0.0 5.0 1.0
3622.0497786969745 5.0 0.0 1546.0 154.6 2522.773853679379 252.27738536793794 9.0 9.0 0.0 5.0 1.0
3623.0342212362225 5.0 0.0 1546.0 154.6 2522.773853679379 252.27738536793794 9.0 9.0 0.0 5.0 1.0
3624.0497786969745 5.0 0.0 1546.0 154.6 2522.773853679379 252.27738536793794 9.0 9.0 0.0 5.0 1.0
3625.0342212362225 5.0 0.0 1546.0 154.6 2522.773853679379 252.27738536793794 9.0 9.0 0.0 5.0 1.0
3626.0497786969745 5.0 0.0 1546.0 154.6 2522.773853679379 252.27738536793794 9.0 9.0 0.0 5.0 1.0
3627.0342212362225 5.0 0.0 1546.0 154.6 2522.773853679379 252.27738536793794 9.0 9.0 0.0 5.0 1.0
3628.0497786969745 5.0 0.0 1546.0 154.6 2522.773853679379 252.27738536793794 9.0 9.0 0.0 5.0 1.0
3629.0342212362225 5.0 0.0 1546.0 154.6 2522.773853679379 252.27738536793794 9.0 9.0 0.0 5.0 1.0
3630.0497786969745 5.0 0.0 1546.0 154.6 2522.773853679379 252.27738536793794 9.0 9.0 0.0 5.0 1.0
3631.0342212362225 5.0 0.0 1546.0 154.6 2522.773853679379 252.27738536793794 9.0 9.0 0.0 5.0 1.0
3632.0497786969745 5.0 0.0 1546.0 154.6 2522.773853679379 252.27738536793794 9.0 9.0 0.0 5.0 1.0
3633.0342212362225 5.0 0.0 1546.0 154.6 2522.773853679379 252.27738536793794 9.0 9.0 0.0 5.0 1.0
3634.0497786969745 5.0 0.0 1546.0 154.6 2522.773853679379 252.27738536793794 9.0 9.0 0.0 5.0 1.0
3635.0342212362225 5.0 0.0 1546.0 154.6 2522.773853679379 252.27738536793794 9.0 9.0 0.0 5.0 1.0
3636.0497786969745 5.0 0.0 1546.0 154.6 2522.773853679379 252.27738536793794 9.0 9.0 0.0 5.0 1.0
3637.0342212362225 5.0 0.0 1546.0 154.6 2522.773853679379 252.27738536793794 9.0 9.0 0.0 5.0 1.0
3638.0497786969745 5.0 0.0 1546.0 154.6 2522.773853679379 252.27738536793794 9.0 9.0 0.0 5.0 1.0
3639.0342212362225 5.0 0.0 1546.0 154.6 2522.773853679379 252.27738536793794 9.0 9.0 0.0 5.0 1.0
3640.0497786969745 5.0 0.0 1546.0 154.6 2522.773853679379 252.27738536793794 9.0 9.0 0.0 5.0 1.0
3641.0342212362225 5.0 0.0 1546.0 154.6 2522.773853679379 252.27738536793794 9.0 9.0 0.0 5.0 1.0
3642.0497786969745 5.0 0.0 1546.0 154.6 2522.773853679379 252.27738536793794 9.0 9.0 0.0 5.0 1.0
3643.0342212362225 5.0 0.0 1546.0 154.6 2522.773853679379 252.27738536793794 9.0 9.0 0.0 5.0 1.0
3644.0497786969745 5.0 0.0 1546.0 154.6 2522.773853679379 252.27738536793794 9.0 9.0 0.0 5.0 1.0
3645.0342212362225 5.0 0.0 1546.0 154.6 2522.773853679379 252.27738536793794 9.0 9.0 0.0 5.0 1.0
3646.0497786969745 5.0 0.0 1546.0 154.6 2522.773853679379 252.27738536793794 9.0 9.0 0.0 5.0 1.0
3647.0342212362225 5.0 0.0 1546.0 154.6 2522.773853679379 252.27738536793794 9.0 9.0 0.0 5.0 1.0
3648.0497786969745 5.0 0.0 1546.0 154.6 2522.773853679379 252.27738536793794 9.0 9.0 0.0 5.0 1.0
3649.0342212362225 5.0 0.0 1546.0 154.6 2522.773853679379 252.27738536793794 9.0 9.0 0.0 5.0 1.0
3650.0497786969745 5.0 0.0 1546.0 154.6 2522.773853679379 252.27738536793794 9.0 9.0 0.0 5.0 1.0
3651.0342212362225 5.0 0.0 1546.0 154.6 2522.773853679379 252.27738536793794 9.0 9.0 0.0 5.0 1.0
3652.0497786969745 5.0 0.0 1546.0 154.6 2522.773853679379 252.27738536793794 9.0 9.0 0.0 5.0 1.0
3653.0342212362225 5.0 0.0 1546.0 154.6 2522.773853679379 252.27738536793794 9.0 9.0 0.0 5.0 1.0
3654.0497786969745 5.0 0.0 1546.0 154.6 2522.773853679379 252.27738536793794 9.0 9.0 0.0 5.0 1.0
3655.0342212362225 5.0 0.0 1546.0 154.6 2522.773853679379 252.27738536793794 9.0 9.0 0.0 5.0 1.0
3656.0497786969745 5.0 0.0 1546.0 154.6 2522.773853679379 252.27738536793794 9.0 9.0 0.0 5.0 1.0
3657.0342212362225 5.0 0.0 1546.0 154.6 2522.773853679379 252.27738536793794 9.0 9.0 0.0 5.0 1.0
3658.0497786969745 5.0 0.0 1546.0 154.6 2522.773853679379 252.27738536793794 9.0 9.0 0.0 5.0 1.0
3659.0342212362225 5.0 0.0 1546.0 154.6 2522.773853679379 252.27738536793794 9.0 9.0 0.0 5.0 1.0
3660.0497786969745 5.0 0.0 1546.0 154.6 2522.773853679379 252.27738536793794 9.0 9.0 0.0 5.0 1.0
3661.0342212362225 5.0 0.0 1546.0 154.6 2522.773853679379 252.27738536793794 9.0 9.0 0.0 5.0 1.0
3662.0497786969745 5.0 0.0 1546.0 154.6 2522.773853679379 252.27738536793794 9.0 9.0 0.0 5.0 1.0
3663.0342212362225 5.0 0.0 1546.0 154.6 2522.773853679379 252.27738536793794 9.0 9.0 0.0 5.0 1.0
3664.0497786969745 5.0 0.0 1546.0 154.6 2522.773853679379 252.27738536793794 9.0 9.0 0.0 5.0 1.0
3665.0342212362225 5.0 0.0 1546.0 154.6 2522.773853679379 252.27738536793794 9.0 9.0 0.0 5.0 1.0
3666.0497786969745 5.0 0.0 1546.0 154.6 2522.773853679379 252.27738536793794 9.0 9.0 0.0 5.0 1.0
3667.0342212362225 5.0 0.0 1546.0 154.6 2522.773853679379 252.27738536793794 9.0 9.0 0.0 5.0 1.0
3668.0497786969745 5.0 0.0 1546.0 154.6 2522.773853679379 252.27738536793794 9.0 9.0 0.0 5.0 1.0
3669.0342212362225 5.0 0.0 1546.0 154.6 2522.773853679379 252.27738536793794 9.0 9.0 0.0 5.0 1.0
3670.0497786969745 5.0 0.0 1546.0 154.6 2522.773853679379 252.27738536793794 9.0 9.0 0.0 5.0 1.0
3671.0342212362225 5.0 0.0 1546.0 154.6 2522.773853679379 252.27738536793794 9.0 9.0 0.0 5.0 1.0
3672.0497786969745 5.0 0.0 1546.0 154.6 2522.773853679379 252.27738536793794 9.0 9.0 0.0 5.0 1.0
3673.0342212362225 5.0 0.0 1546.0 154.6 2522.773853679379 252.27738536793794 9.0 9.0 0.0 5.0 1.0
3674.0497786969745 5.0 0.0 1546.0 154.6 2522.773853679379 252.27738536793794 9.0 9.0 0.0 5.0 1.0
3675.0342212362225 5.0 0.0 1546.0 154.6 2522.773853679379 252.27738536793794 9.0 9.0 0.0 5.0 1.0
3676.0497786969745 5.0 0.0 1546.0 154.6 2522.773853679379 252.27738536793794 9.0 9.0 0.0 5.0 1.0
3677.0342212362225 5.0 0.0 1546.0 154.6 2522.773853679379 252.27738536793794 9.0 9.0 0.0 5.0 1.0
3678.0497786969745 5.0 0.0 1546.0 154.6 2522.773853679379 252.27738536793794 9.0 9.0 0.0 5.0 1.0
3679.0342212362225 5.0 0.0 1546.0 154.6 2522.773853679379 252.27738536793794 9.0 9.0 0.0 5.0 1.0
3680.0497786969745 5.0 0.0 1546.0 154.6 2522.773853679379 252.27738536793794 9.0 9.0 0.0 5.0 1.0
3681.0342212362225 5.0 0.0 1546.0 154.6 2522.773853679379 252.27738536793794 9.0 9.0 0.0 5.0 1.0
3682.0497786969745 5.0 0.0 1546.0 154.6 2522.773853679379 252.27738536793794 9.0 9.0 0.0 5.0 1.0
3683.0342212362225 5.0 0.0 1546.0 154.6 2522.773853679379 252.27738536793794 9.0 9.0 0.0 5.0 1.0
3684.0497786969745 5.0 0.0 1546.0 154.6 2522.773853679379 252.27738536793794 9.0 9.0 0.0 5.0 1.0
3685.0342212362225 5.0 0.0 1546.0 154.6 2522.773853679379 252.27738536793794 9.0 9.0 0.0 5.0 1.0
3686.0497786969745 5.0 0.0 1546.0 154.6 2522.773853679379 252.27738536793794 9.0 9.0 0.0 5.0 1.0
3687.0342212362225 5.0 0.0 1546.0 154.6 2522.773853679379 252.27738536793794 9.0 9.0 0.0 5.0 1.0
3688.0497786969745 5.0 0.0 1546.0 154.6 2522.773853679379 252.27738536793794 9.0 9.0 0.0 5.0 1.0
3689.0342212362225 5.0 0.0 1546.0 154.6 2522.773853679379 252.27738536793794 9.0 9.0 0.0 5.0 1.0
3690.0497786969745 5.0 0.0 1546.0 154.6 2522.773853679379 252.27738536793794 9.0 9.0 0.0 5.0 1.0
3691.0342212362225 5.0 0.0 1546.0 154.6 2522.773853679379 252.27738536793794 9.0 9.0 0.0 5.0 1.0
3692.0497786969745 5.0 0.0 1546.0 154.6 2522.773853679379 252.27738536793794 9.0 9.0 0.0 5.0 1.0
3693.0342212362225 5.0 0.0 1546.0 154.6 2522.773853679379 252.27738536793794 9.0 9.0 0.0 5.0 1.0
3694.0497786969745 5.0 0.0 1546.0 154.6 2522.773853679379 252.27738536793794 9.0 9.0 0.0 5.0 1.0
3695.0342212362225 5.0 0.0 1546.0 154.6 2522.773853679379 252.27738536793794 9.0 9.0 0.0 5.0 1.0
3696.0497786969745 5.0 0.0 1546.0 154.6 2522.773853679379 252.27738536793794 9.0 9.0 0.0 5.0 1.0
3697.0342212362225 5.0 0.0 1546.0 154.6 2522.773853679379 252.27738536793794 9.0 9.0 0.0 5.0 1.0
3698.0497786969745 5.0 0.0 1546.0 154.6 2522.773853679379 252.27738536793794 9.0 9.0 0.0 5.0 1.0
3699.0342212362225 5.0 0.0 1546.0 154.6 2522.773853679379 252.27738536793794 9.0 9.0 0.0 5.0 1.0
3700.0497786969745 5.0 0.0 1546.0 154.6 2522.773853679379 252.27738536793794 9.0 9.0 0.0 5.0 1.0
3701.0342212362225 5.0 0.0 1546.0 154.6 2522.773853679379 252.27738536793794 9.0 9.0 0.0 5.0 1.0
3702.0497786969745 5.0 0.0 1546.0 154.6 2522.773853679379 252.27738536793794 9.0 9.0 0.0 5.0 1.0
3703.0342212362225 5.0 0.0 1546.0 154.6 2522.773853679379 252.27738536793794 9.0 9.0 0.0 5.0 1.0
3704.0497786969745 5.0 0.0 1546.0 154.6 2522.773853679379 252.27738536793794 9.0 9.0 0.0 5.0 1.0
3705.0342212362225 5.0 0.0 1546.0 154.6 2522.773853679379 252.27738536793794 9.0 9.0 0.0 5.0 1.0
3706.0497786969745 5.0 0.0 1546.0 154.6 2522.773853679379 252.27738536793794 9.0 9.0 0.0 5.0 1.0
3707.0342212362225 5.0 0.0 1546.0 154.6 2522.773853679379 252.27738536793794 9.0 9.0 0.0 5.0 1.0
3708.0497786969745 5.0 0.0 1546.0 154.6 2522.773853679379 252.27738536793794 9.0 9.0 0.0 5.0 1.0
3709.0342212362225 5.0 0.0 1546.0 154.6 2522.773853679379 252.27738536793794 9.0 9.0 0.0 5.0 1.0
3710.0497786969745 5.0 0.0 1546.0 154.6 2522.773853679379 252.27738536793794 9.0 9.0 0.0 5.0 1.0
3711.0342212362225 5.0 0.0 1546.0 154.6 2522.773853679379 252.27738536793794 9.0 9.0 0.0 5.0 1.0
3712.0497786969745 5.0 0.0 1546.0 154.6 2522.773853679379 252.27738536793794 9.0 9.0 0.0 5.0 1.0
3713.0342212362225 5.0 0.0 1546.0 154.6 2522.773853679379 252.27738536793794 9.0 9.0 0.0 5.0 1.0
3714.0497786969745 5.0 0.0 1546.0 154.6 2522.773853679379 252.27738536793794 9.0 9.0 0.0 5.0 1.0
3715.0342212362225 5.0 0.0 1546.0 154.6 2522.773853679379 252.27738536793794 9.0 9.0 0.0 5.0 1.0
3716.0497786969745 5.0 0.0 1546.0 154.6 2522.773853679379 252.27738536793794 9.0 9.0 0.0 5.0 1.0
3717.0342212362225 5.0 0.0 1546.0 154.6 2522.773853679379 252.27738536793794 9.0 9.0 0.0 5.0 1.0
3718.0497786969745 5.0 0.0 1546.0 154.6 2522.773853679379 252.27738536793794 9.0 9.0 0.0 5.0 1.0
3719.0342212362225 5.0 0.0 1546.0 154.6 2522.773853679379 252.27738536793794 9.0 9.0 0.0 5.0 1.0
3720.0497786969745 5.0 0.0 1546.0 154.6 2522.773853679379 252.27738536793794 9.0 9.0 0.0 5.0 1.0
3721.0342212362225 5.0 0.0 1546.0 154.6 2522.773853679379 252.27738536793794 9.0 9.0 0.0 5.0 1.0
3722.0497786969745 5.0 0.0 1546.0 154.6 2522.773853679379 252.27738536793794 9.0 9.0 0.0 5.0 1.0
3723.0342212362225 5.0 0.0 1546.0 154.6 2522.773853679379 252.27738536793794 9.0 9.0 0.0 5.0 1.0
3724.0497786969745 5.0 0.0 1546.0 154.6 2522.773853679379 252.27738536793794 9.0 9.0 0.0 5.0 1.0
3725.0342212362225 5.0 0.0 1546.0 154.6 2522.773853679379 252.27738536793794 9.0 9.0 0.0 5.0 1.0
3726.0497786969745 5.0 0.0 1546.0 154.6 2522.773853679379 252.27738536793794 9.0 9.0 0.0 5.0 1.0
3727.0342212362225 5.0 0.0 1546.0 154.6 2522.773853679379 252.27738536793794 9.0 9.0 0.0 5.0 1.0
3728.0497786969745 5.0 0.0 1546.0 154.6 2522.773853679379 252.27738536793794 9.0 9.0 0.0 5.0 1.0
3729.0342212362225 5.0 0.0 1546.0 154.6 2522.773853679379 252.27738536793794 9.0 9.0 0.0 5.0 1.0
3730.0497786969745 5.0 0.0 1546.0 154.6 2522.773853679379 252.27738536793794 9.0 9.0 0.0 5.0 1.0
3731.0342212362225 5.0 0.0 1546.0 154.6 2522.773853679379 252.27738536793794 9.0 9.0 0.0 5.0 1.0
3732.0497786969745 5.0 0.0 1546.0 154.6 2522.773853679379 252.27738536793794 9.0 9.0 0.0 5.0 1.0
3733.0342212362225 5.0 0.0 1546.0 154.6 2522.773853679379 252.27738536793794 9.0 9.0 0.0 5.0 1.0
3734.0497786969745 5.0 0.0 1546.0 154.6 2522.773853679379 252.27738536793794 9.0 9.0 0.0 5.0 1.0
3735.0342212362225 5.0 0.0 1546.0 154.6 2522.773853679379 252.27738536793794 9.0 9.0 0.0 5.0 1.0
3736.0497786969745 5.0 0.0 1546.0 154.6 2522.773853679379 252.27738536793794 9.0 9.0 0.0 5.0 1.0
3737.0342212362225 5.0 0.0 1546.0 154.6 2522.773853679379 252.27738536793794 9.0 9.0 0.0 5.0 1.0
3738.0497786969745 5.0 0.0 1546.0 154.6 2522.773853679379 252.27738536793794 9.0 9.0 0.0 5.0 1.0
3739.0342212362225 5.0 0.0 1546.0 154.6 2522.773853679379 252.27738536793794 9.0 9.0 0.0 5.0 1.0
3740.0497786969745 5.0 0.0 1546.0 154.6 2522.773853679379 252.27738536793794 9.0 9.0 0.0 5.0 1.0
3741.0342212362225 5.0 0.0 1546.0 154.6 2522.773853679379 252.27738536793794 9.0 9.0 0.0 5.0 1.0
3742.0497786969745 5.0 0.0 1546.0 154.6 2522.773853679379 252.27738536793794 9.0 9.0 0.0 5.0 1.0
3743.0342212362225 5.0 0.0 1546.0 154.6 2522.773853679379 252.27738536793794 9.0 9.0 0.0 5.0 1.0
3744.0497786969745 5.0 0.0 1546.0 154.6 2522.773853679379 252.27738536793794 9.0 9.0 0.0 5.0 1.0
3745.0342212362225 5.0 0.0 1546.0 154.6 2522.773853679379 252.27738536793794 9.0 9.0 0.0 5.0 1.0
3746.0497786969745 5.0 0.0 1546.0 154.6 2522.773853679379 252.27738536793794 9.0 9.0 0.0 5.0 1.0
3747.0342212362225 5.0 0.0 1546.0 154.6 2522.773853679379 252.27738536793794 9.0 9.0 0.0 5.0 1.0
3748.0497786969745 5.0 0.0 1546.0 154.6 2522.773853679379 252.27738536793794 9.0 9.0 0.0 5.0 1.0
3749.0342212362225 5.0 0.0 1546.0 154.6 2522.773853679379 252.27738536793794 9.0 9.0 0.0 5.0 1.0
3750.0497786969745 5.0 0.0 1546.0 154.6 2522.773853679379 252.27738536793794 9.0 9.0 0.0 5.0 1.0
3751.0342212362225 5.0 0.0 1546.0 154.6 2522.773853679379 252.27738536793794 9.0 9.0 0.0 5.0 1.0
3752.0497786969745 5.0 0.0 1546.0 154.6 2522.773853679379 252.27738536793794 9.0 9.0 0.0 5.0 1.0
3753.0342212362225 5.0 0.0 1546.0 154.6 2522.773853679379 252.27738536793794 9.0 9.0 0.0 5.0 1.0
3754.0497786969745 5.0 0.0 1546.0 154.6 2522.773853679379 252.27738536793794 9.0 9.0 0.0 5.0 1.0
3755.0342212362225 5.0 0.0 1546.0 154.6 2522.773853679379 252.27738536793794 9.0 9.0 0.0 5.0 1.0
3756.0497786969745 5.0 0.0 1546.0 154.6 2522.773853679379 252.27738536793794 9.0 9.0 0.0 5.0 1.0
3757.0342212362225 5.0 0.0 1546.0 154.6 2522.773853679379 252.27738536793794 9.0 9.0 0.0 5.0 1.0
3758.0497786969745 5.0 0.0 1546.0 154.6 2522.773853679379 252.27738536793794 9.0 9.0 0.0 5.0 1.0
3759.0342212362225 5.0 0.0 1546.0 154.6 2522.773853679379 252.27738536793794 9.0 9.0 0.0 5.0 1.0
3760.0497786969745 5.0 0.0 1546.0 154.6 2522.773853679379 252.27738536793794 9.0 9.0 0.0 5.0 1.0
3761.0342212362225 5.0 0.0 1546.0 154.6 2522.773853679379 252.27738536793794 9.0 9.0 0.0 5.0 1.0
3762.0497786969745 5.0 0.0 1546.0 154.6 2522.773853679379 252.27738536793794 9.0 9.0 0.0 5.0 1.0
3763.0342212362225 5.0 0.0 1546.0 154.6 2522.773853679379 252.27738536793794 9.0 9.0 0.0 5.0 1.0
3764.0497786969745 5.0 0.0 1546.0 154.6 2522.773853679379 252.27738536793794 9.0 9.0 0.0 5.0 1.0
3765.0342212362225 5.0 0.0 1546.0 154.6 2522.773853679379 252.27738536793794 9.0 9.0 0.0 5.0 1.0
3766.0497786969745 5.0 0.0 1546.0 154.6 2522.773853679379 252.27738536793794 9.0 9.0 0.0 5.0 1.0
3767.0342212362225 5.0 0.0 1546.0 154.6 2522.773853679379 252.27738536793794 9.0 9.0 0.0 5.0 1.0
3768.0497786969745 5.0 0.0 1546.0 154.6 2522.773853679379 252.27738536793794 9.0 9.0 0.0 5.0 1.0
3769.0342212362225 5.0 0.0 1546.0 154.6 2522.773853679379 252.27738536793794 9.0 9.0 0.0 5.0 1.0
3770.0497786969745 5.0 0.0 1546.0 154.6 2522.773853679379 252.27738536793794 9.0 9.0 0.0 5.0 1.0
3771.0342212362225 5.0 0.0 1546.0 154.6 2522.773853679379 252.27738536793794 9.0 9.0 0.0 5.0 1.0
3772.0497786969745 5.0 0.0 1546.0 154.6 2522.773853679379 252.27738536793794 9.0 9.0 0.0 5.0 1.0
3773.0342212362225 5.0 0.0 1546.0 154.6 2522.773853679379 252.27738536793794 9.0 9.0 0.0 5.0 1.0
3774.0497786969745 5.0 0.0 1546.0 154.6 2522.773853679379 252.27738536793794 9.0 9.0 0.0 5.0 1.0
3775.0342212362225 5.0 0.0 1546.0 154.6 2522.773853679379 252.27738536793794 9.0 9.0 0.0 5.0 1.0
3776.0497786969745 5.0 0.0 1546.0 154.6 2522.773853679379 252.27738536793794 9.0 9.0 0.0 5.0 1.0
3777.0342212362225 5.0 0.0 1546.0 154.6 2522.773853679379 252.27738536793794 9.0 9.0 0.0 5.0 1.0
3778.0497786969745 5.0 0.0 1546.0 154.6 2522.773853679379 252.27738536793794 9.0 9.0 0.0 5.0 1.0
3779.0342212362225 5.0 0.0 1546.0 154.6 2522.773853679379 252.27738536793794 9.0 9.0 0.0 5.0 1.0
3780.0497786969745 5.0 0.0 1546.0 154.6 2522.773853679379 252.27738536793794 9.0 9.0 0.0 5.0 1.0
3781.0342212362225 5.0 0.0 1546.0 154.6 2522.773853679379 252.27738536793794 9.0 9.0 0.0 5.0 1.0
3782.0497786969745 5.0 0.0 1546.0 154.6 2522.773853679379 252.27738536793794 9.0 9.0 0.0 5.0 1.0
3783.0342212362225 5.0 0.0 1546.0 154.6 2522.773853679379 252.27738536793794 9.0 9.0 0.0 5.0 1.0
3784.0497786969745 5.0 0.0 1546.0 154.6 2522.773853679379 252.27738536793794 9.0 9.0 0.0 5.0 1.0
3785.0342212362225 5.0 0.0 1546.0 154.6 2522.773853679379 252.27738536793794 9.0 9.0 0.0 5.0 1.0
3786.0497786969745 5.0 0.0 1546.0 154.6 2522.773853679379 252.27738536793794 9.0 9.0 0.0 5.0 1.0
3787.0342212362225 5.0 0.0 1546.0 154.6 2522.773853679379 252.27738536793794 9.0 9.0 0.0 5.0 1.0
3788.0497786969745 5.0 0.0 1546.0 154.6 2522.773853679379 252.27738536793794 9.0 9.0 0.0 5.0 1.0
3789.0342212362225 5.0 0.0 1546.0 154.6 2522.773853679379 252.27738536793794 9.0 9.0 0.0 5.0 1.0
3790.0497786969745 5.0 0.0 1546.0 154.6 2522.773853679379 252.27738536793794 9.0 9.0 0.0 5.0 1.0
3791.0342212362225 5.0 0.0 1546.0 154.6 2522.773853679379 252.27738536793794 9.0 9.0 0.0 5.0 1.0
3792.0497786969745 5.0 0.0 1546.0 154.6 2522.773853679379 252.27738536793794 9.0 9.0 0.0 5.0 1.0
3793.0342212362225 5.0 0.0 1546.0 154.6 2522.773853679379 252.27738536793794 9.0 9.0 0.0 5.0 1.0
3794.0497786969745 5.0 0.0 1546.0 154.6 2522.773853679379 252.27738536793794 9.0 9.0 0.0 5.0 1.0
3795.0342212362225 5.0 0.0 1546.0 154.6 2522.773853679379 252.27738536793794 9.0 9.0 0.0 5.0 1.0
3796.0497786969745 5.0 0.0 1546.0 154.6 2522.773853679379 252.27738536793794 9.0 9.0 0.0 5.0 1.0
3797.0342212362225 5.0 0.0 1546.0 154.6 2522.773853679379 252.27738536793794 9.0 9.0 0.0 5.0 1.0
3798.0497786969745 5.0 0.0 1546.0 154.6 2522.773853679379 252.27738536793794 9.0 9.0 0.0 5.0 1.0
3799.0342212362225 5.0 0.0 1546.0 154.6 2522.773853679379 252.27738536793794 9.0 9.0 0.0 5.0 1.0
3800.0497786969745 5.0 0.0 1546.0 154.6 2522.773853679379 252.27738536793794 9.0 9.0 0.0 5.0 1.0
3801.0342212362225 5.0 0.0 1546.0 154.6 2522.773853679379 252.27738536793794 9.0 9.0 0.0 5.0 1.0
3802.0497786969745 5.0 0.0 1546.0 154.6 2522.773853679379 252.27738536793794 9.0 9.0 0.0 5.0 1.0
3803.0342212362225 5.0 0.0 1546.0 154.6 2522.773853679379 252.27738536793794 9.0 9.0 0.0 5.0 1.0
3804.0497786969745 5.0 0.0 1546.0 154.6 2522.773853679379 252.27738536793794 9.0 9.0 0.0 5.0 1.0
3805.0342212362225 5.0 0.0 1546.0 154.6 2522.773853679379 252.27738536793794 9.0 9.0 0.0 5.0 1.0
3806.0497786969745 5.0 0.0 1546.0 154.6 2522.773853679379 252.27738536793794 9.0 9.0 0.0 5.0 1.0
3807.0342212362225 5.0 0.0 1546.0 154.6 2522.773853679379 252.27738536793794 9.0 9.0 0.0 5.0 1.0
3808.0497786969745 5.0 0.0 1546.0 154.6 2522.773853679379 252.27738536793794 9.0 9.0 0.0 5.0 1.0
3809.0342212362225 5.0 0.0 1546.0 154.6 2522.773853679379 252.27738536793794 9.0 9.0 0.0 5.0 1.0
3810.0497786969745 5.0 0.0 1546.0 154.6 2522.773853679379 252.27738536793794 9.0 9.0 0.0 5.0 1.0
3811.0342212362225 5.0 0.0 1546.0 154.6 2522.773853679379 252.27738536793794 9.0 9.0 0.0 5.0 1.0
3812.0497786969745 5.0 0.0 1546.0 154.6 2522.773853679379 252.27738536793794 9.0 9.0 0.0 5.0 1.0
3813.0342212362225 5.0 0.0 1546.0 154.6 2522.773853679379 252.27738536793794 9.0 9.0 0.0 5.0 1.0
3814.0497786969745 5.0 0.0 1546.0 154.6 2522.773853679379 252.27738536793794 9.0 9.0 0.0 5.0 1.0
3815.0342212362225 5.0 0.0 1546.0 154.6 2522.773853679379 252.27738536793794 9.0 9.0 0.0 5.0 1.0
3816.0497786969745 5.0 0.0 1546.0 154.6 2522.773853679379 252.27738536793794 9.0 9.0 0.0 5.0 1.0
3817.0342212362225 5.0 0.0 1546.0 154.6 2522.773853679379 252.27738536793794 9.0 9.0 0.0 5.0 1.0
3818.0497786969745 5.0 0.0 1546.0 154.6 2522.773853679379 252.27738536793794 9.0 9.0 0.0 5.0 1.0
3819.0342212362225 5.0 0.0 1546.0 154.6 2522.773853679379 252.27738536793794 9.0 9.0 0.0 5.0 1.0
3820.0497786969745 5.0 0.0 1546.0 154.6 2522.773853679379 252.27738536793794 9.0 9.0 0.0 5.0 1.0
3821.0342212362225 5.0 0.0 1546.0 154.6 2522.773853679379 252.27738536793794 9.0 9.0 0.0 5.0 1.0
3822.0497786969745 5.0 0.0 1546.0 154.6 2522.773853679379 252.27738536793794 9.0 9.0 0.0 5.0 1.0
3823.0342212362225 5.0 0.0 1546.0 154.6 2522.773853679379 252.27738536793794 9.0 9.0 0.0 5.0 1.0
3824.0497786969745 5.0 0.0 1546.0 154.6 2522.773853679379 252.27738536793794 9.0 9.0 0.0 5.0 1.0
3825.0342212362225 5.0 0.0 1546.0 154.6 2522.773853679379 252.27738536793794 9.0 9.0 0.0 5.0 1.0
3826.0497786969745 5.0 0.0 1546.0 154.6 2522.773853679379 252.27738536793794 9.0 9.0 0.0 5.0 1.0
3827.0342212362225 5.0 0.0 1546.0 154.6 2522.773853679379 252.27738536793794 9.0 9.0 0.0 5.0 1.0
3828.0497786969745 5.0 0.0 1546.0 154.6 2522.773853679379 252.27738536793794 9.0 9.0 0.0 5.0 1.0
3829.0342212362225 5.0 0.0 1546.0 154.6 2522.773853679379 252.27738536793794 9.0 9.0 0.0 5.0 1.0
3830.0497786969745 5.0 0.0 1546.0 154.6 2522.773853679379 252.27738536793794 9.0 9.0 0.0 5.0 1.0
3831.0342212362225 5.0 0.0 1546.0 154.6 2522.773853679379 252.27738536793794 9.0 9.0 0.0 5.0 1.0
3832.0497786969745 5.0 0.0 1546.0 154.6 2522.773853679379 252.27738536793794 9.0 9.0 0.0 5.0 1.0
3833.0342212362225 5.0 0.0 1546.0 154.6 2522.773853679379 252.27738536793794 9.0 9.0 0.0 5.0 1.0
3834.0497786969745 5.0 0.0 1546.0 154.6 2522.773853679379 252.27738536793794 9.0 9.0 0.0 5.0 1.0
3835.0342212362225 5.0 0.0 1546.0 154.6 2522.773853679379 252.27738536793794 9.0 9.0 0.0 5.0 1.0
3836.0497786969745 5.0 0.0 1546.0 154.6 2522.773853679379 252.27738536793794 9.0 9.0 0.0 5.0 1.0
3837.0342212362225 5.0 0.0 1546.0 154.6 2522.773853679379 252.27738536793794 9.0 9.0 0.0 5.0 1.0
3838.0497786969745 5.0 0.0 1546.0 154.6 2522.773853679379 252.27738536793794 9.0 9.0 0.0 5.0 1.0
3839.0342212362225 5.0 0.0 1546.0 154.6 2522.773853679379 252.27738536793794 9.0 9.0 0.0 5.0 1.0
3840.0497786969745 5.0 0.0 1546.0 154.6 2522.773853679379 252.27738536793794 9.0 9.0 0.0 5.0 1.0
3841.0342212362225 5.0 0.0 1546.0 154.6 2522.773853679379 252.27738536793794 9.0 9.0 0.0 5.0 1.0
3842.0497786969745 5.0 0.0 1546.0 154.6 2522.773853679379 252.27738536793794 9.0 9.0 0.0 5.0 1.0
3843.0342212362225 5.0 0.0 1546.0 154.6 2522.773853679379 252.27738536793794 9.0 9.0 0.0 5.0 1.0
3844.0497786969745 5.0 0.0 1546.0 154.6 2522.773853679379 252.27738536793794 9.0 9.0 0.0 5.0 1.0
3845.0342212362225 5.0 0.0 1546.0 154.6 2522.773853679379 252.27738536793794 9.0 9.0 0.0 5.0 1.0
3846.0497786969745 5.0 0.0 1546.0 154.6 2522.773853679379 252.27738536793794 9.0 9.0 0.0 5.0 1.0
3847.0342212362225 5.0 0.0 1546.0 154.6 2522.773853679379 252.27738536793794 9.0 9.0 0.0 5.0 1.0
3848.0497786969745 5.0 0.0 1546.0 154.6 2522.773853679379 252.27738536793794 9.0 9.0 0.0 5.0 1.0
3849.0342212362225 5.0 0.0 1546.0 154.6 2522.773853679379 252.27738536793794 9.0 9.0 0.0 5.0 1.0
3850.0497786969745 5.0 0.0 1546.0 154.6 2522.773853679379 252.27738536793794 9.0 9.0 0.0 5.0 1.0
3851.0342212362225 5.0 0.0 1546.0 154.6 2522.773853679379 252.27738536793794 9.0 9.0 0.0 5.0 1.0
3852.0497786969745 5.0 0.0 1546.0 154.6 2522.773853679379 252.27738536793794 9.0 9.0 0.0 5.0 1.0
3853.0342212362225 5.0 0.0 1546.0 154.6 2522.773853679379 252.27738536793794 9.0 9.0 0.0 5.0 1.0
3854.0497786969745 5.0 0.0 1546.0 154.6 2522.773853679379 252.27738536793794 9.0 9.0 0.0 5.0 1.0
3855.0342212362225 5.0 0.0 1546.0 154.6 2522.773853679379 252.27738536793794 9.0 9.0 0.0 5.0 1.0
3856.0497786969745 5.0 0.0 1546.0 154.6 2522.773853679379 252.27738536793794 9.0 9.0 0.0 5.0 1.0
3857.0342212362225 5.0 0.0 1546.0 154.6 2522.773853679379 252.27738536793794 9.0 9.0 0.0 5.0 1.0
3858.0497786969745 5.0 0.0 1546.0 154.6 2522.773853679379 252.27738536793794 9.0 9.0 0.0 5.0 1.0
3859.0342212362225 5.0 0.0 1546.0 154.6 2522.773853679379 252.27738536793794 9.0 9.0 0.0 5.0 1.0
3860.0497786969745 5.0 0.0 1546.0 154.6 2522.773853679379 252.27738536793794 9.0 9.0 0.0 5.0 1.0
3861.0342212362225 5.0 0.0 1546.0 154.6 2522.773853679379 252.27738536793794 9.0 9.0 0.0 5.0 1.0
3862.0497786969745 5.0 0.0 1546.0 154.6 2522.773853679379 252.27738536793794 9.0 9.0 0.0 5.0 1.0
3863.0342212362225 5.0 0.0 1546.0 154.6 2522.773853679379 252.27738536793794 9.0 9.0 0.0 5.0 1.0
3864.0497786969745 5.0 0.0 1546.0 154.6 2522.773853679379 252.27738536793794 9.0 9.0 0.0 5.0 1.0
3865.0342212362225 5.0 0.0 1546.0 154.6 2522.773853679379 252.27738536793794 9.0 9.0 0.0 5.0 1.0
3866.0497786969745 5.0 0.0 1546.0 154.6 2522.773853679379 252.27738536793794 9.0 9.0 0.0 5.0 1.0
3867.0342212362225 5.0 0.0 1546.0 154.6 2522.773853679379 252.27738536793794 9.0 9.0 0.0 5.0 1.0
3868.0497786969745 5.0 0.0 1546.0 154.6 2522.773853679379 252.27738536793794 9.0 9.0 0.0 5.0 1.0
3869.0342212362225 5.0 0.0 1546.0 154.6 2522.773853679379 252.27738536793794 9.0 9.0 0.0 5.0 1.0
3870.0497786969745 5.0 0.0 1546.0 154.6 2522.773853679379 252.27738536793794 9.0 9.0 0.0 5.0 1.0
3871.0342212362225 5.0 0.0 1546.0 154.6 2522.773853679379 252.27738536793794 9.0 9.0 0.0 5.0 1.0
3872.0497786969745 5.0 0.0 1546.0 154.6 2522.773853679379 252.27738536793794 9.0 9.0 0.0 5.0 1.0
3873.0342212362225 5.0 0.0 1546.0 154.6 2522.773853679379 252.27738536793794 9.0 9.0 0.0 5.0 1.0
3874.0497786969745 5.0 0.0 1546.0 154.6 2522.773853679379 252.27738536793794 9.0 9.0 0.0 5.0 1.0
3875.0342212362225 5.0 0.0 1546.0 154.6 2522.773853679379 252.27738536793794 9.0 9.0 0.0 5.0 1.0
3876.0497786969745 5.0 0.0 1546.0 154.6 2522.773853679379 252.27738536793794 9.0 9.0 0.0 5.0 1.0
3877.0342212362225 5.0 0.0 1546.0 154.6 2522.773853679379 252.27738536793794 9.0 9.0 0.0 5.0 1.0
3878.0497786969745 5.0 0.0 1546.0 154.6 2522.773853679379 252.27738536793794 9.0 9.0 0.0 5.0 1.0
3879.0342212362225 5.0 0.0 1546.0 154.6 2522.773853679379 252.27738536793794 9.0 9.0 0.0 5.0 1.0
3880.0497786969745 5.0 0.0 1546.0 154.6 2522.773853679379 252.27738536793794 9.0 9.0 0.0 5.0 1.0
3881.0342212362225 5.0 0.0 1546.0 154.6 2522.773853679379 252.27738536793794 9.0 9.0 0.0 5.0 1.0
3882.0497786969745 5.0 0.0 1546.0 154.6 2522.773853679379 252.27738536793794 9.0 9.0 0.0 5.0 1.0
3883.0342212362225 5.0 0.0 1546.0 154.6 2522.773853679379 252.27738536793794 9.0 9.0 0.0 5.0 1.0
3884.0497786969745 5.0 0.0 1546.0 154.6 2522.773853679379 252.27738536793794 9.0 9.0 0.0 5.0 1.0
3885.0342212362225 5.0 0.0 1546.0 154.6 2522.773853679379 252.27738536793794 9.0 9.0 0.0 5.0 1.0
3886.0497786969745 5.0 0.0 1546.0 154.6 2522.773853679379 252.27738536793794 9.0 9.0 0.0 5.0 1.0
3887.0342212362225 5.0 0.0 1546.0 154.6 2522.773853679379 252.27738536793794 9.0 9.0 0.0 5.0 1.0
3888.0497786969745 5.0 0.0 1546.0 154.6 2522.773853679379 252.27738536793794 9.0 9.0 0.0 5.0 1.0
3889.0342212362225 5.0 0.0 1546.0 154.6 2522.773853679379 252.27738536793794 9.0 9.0 0.0 5.0 1.0
3890.0497786969745 5.0 0.0 1546.0 154.6 2522.773853679379 252.27738536793794 9.0 9.0 0.0 5.0 1.0
3891.0342212362225 5.0 0.0 1546.0 154.6 2522.773853679379 252.27738536793794 9.0 9.0 0.0 5.0 1.0
3892.0497786969745 5.0 0.0 1546.0 154.6 2522.773853679379 252.27738536793794 9.0 9.0 0.0 5.0 1.0
3893.0342212362225 5.0 0.0 1546.0 154.6 2522.773853679379 252.27738536793794 9.0 9.0 0.0 5.0 1.0
3894.0497786969745 5.0 0.0 1546.0 154.6 2522.773853679379 252.27738536793794 9.0 9.0 0.0 5.0 1.0
3895.0342212362225 5.0 0.0 1546.0 154.6 2522.773853679379 252.27738536793794 9.0 9.0 0.0 5.0 1.0
3896.0497786969745 5.0 0.0 1546.0 154.6 2522.773853679379 252.27738536793794 9.0 9.0 0.0 5.0 1.0
3897.0342212362225 5.0 0.0 1546.0 154.6 2522.773853679379 252.27738536793794 9.0 9.0 0.0 5.0 1.0
3898.0497786969745 5.0 0.0 1546.0 154.6 2522.773853679379 252.27738536793794 9.0 9.0 0.0 5.0 1.0
3899.0342212362225 5.0 0.0 1546.0 154.6 2522.773853679379 252.27738536793794 9.0 9.0 0.0 5.0 1.0
3900.0497786969745 5.0 0.0 1546.0 154.6 2522.773853679379 252.27738536793794 9.0 9.0 0.0 5.0 1.0
3901.0342212362225 5.0 0.0 1546.0 154.6 2522.773853679379 252.27738536793794 9.0 9.0 0.0 5.0 1.0
3902.0497786969745 5.0 0.0 1546.0 154.6 2522.773853679379 252.27738536793794 9.0 9.0 0.0 5.0 1.0
3903.0342212362225 5.0 0.0 1546.0 154.6 2522.773853679379 252.27738536793794 9.0 9.0 0.0 5.0 1.0
3904.0497786969745 5.0 0.0 1546.0 154.6 2522.773853679379 252.27738536793794 9.0 9.0 0.0 5.0 1.0
3905.0342212362225 5.0 0.0 1546.0 154.6 2522.773853679379 252.27738536793794 9.0 9.0 0.0 5.0 1.0
3906.0497786969745 5.0 0.0 1546.0 154.6 2522.773853679379 252.27738536793794 9.0 9.0 0.0 5.0 1.0
3907.0342212362225 5.0 0.0 1546.0 154.6 2522.773853679379 252.27738536793794 9.0 9.0 0.0 5.0 1.0
3908.0497786969745 5.0 0.0 1546.0 154.6 2522.773853679379 252.27738536793794 9.0 9.0 0.0 5.0 1.0
3909.0342212362225 5.0 0.0 1546.0 154.6 2522.773853679379 252.27738536793794 9.0 9.0 0.0 5.0 1.0
3910.0497786969745 5.0 0.0 1546.0 154.6 2522.773853679379 252.27738536793794 9.0 9.0 0.0 5.0 1.0
3911.0342212362225 5.0 0.0 1546.0 154.6 2522.773853679379 252.27738536793794 9.0 9.0 0.0 5.0 1.0
3912.0497786969745 5.0 0.0 1546.0 154.6 2522.773853679379 252.27738536793794 9.0 9.0 0.0 5.0 1.0
3913.0342212362225 5.0 0.0 1546.0 154.6 2522.773853679379 252.27738536793794 9.0 9.0 0.0 5.0 1.0
3914.0497786969745 5.0 0.0 1546.0 154.6 2522.773853679379 252.27738536793794 9.0 9.0 0.0 5.0 1.0
3915.0342212362225 5.0 0.0 1546.0 154.6 2522.773853679379 252.27738536793794 9.0 9.0 0.0 5.0 1.0
3916.0497786969745 5.0 0.0 1546.0 154.6 2522.773853679379 252.27738536793794 9.0 9.0 0.0 5.0 1.0
3917.0342212362225 5.0 0.0 1546.0 154.6 2522.773853679379 252.27738536793794 9.0 9.0 0.0 5.0 1.0
3918.0497786969745 5.0 0.0 1546.0 154.6 2522.773853679379 252.27738536793794 9.0 9.0 0.0 5.0 1.0
3919.0342212362225 5.0 0.0 1546.0 154.6 2522.773853679379 252.27738536793794 9.0 9.0 0.0 5.0 1.0
3920.0497786969745 5.0 0.0 1546.0 154.6 2522.773853679379 252.27738536793794 9.0 9.0 0.0 5.0 1.0
3921.0342212362225 5.0 0.0 1546.0 154.6 2522.773853679379 252.27738536793794 9.0 9.0 0.0 5.0 1.0
3922.0497786969745 5.0 0.0 1546.0 154.6 2522.773853679379 252.27738536793794 9.0 9.0 0.0 5.0 1.0
3923.0342212362225 5.0 0.0 1546.0 154.6 2522.773853679379 252.27738536793794 9.0 9.0 0.0 5.0 1.0
3924.0497786969745 5.0 0.0 1546.0 154.6 2522.773853679379 252.27738536793794 9.0 9.0 0.0 5.0 1.0
3925.0342212362225 5.0 0.0 1546.0 154.6 2522.773853679379 252.27738536793794 9.0 9.0 0.0 5.0 1.0
3926.0497786969745 5.0 0.0 1546.0 154.6 2522.773853679379 252.27738536793794 9.0 9.0 0.0 5.0 1.0
3927.0342212362225 5.0 0.0 1546.0 154.6 2522.773853679379 252.27738536793794 9.0 9.0 0.0 5.0 1.0
3928.0497786969745 5.0 0.0 1546.0 154.6 2522.773853679379 252.27738536793794 9.0 9.0 0.0 5.0 1.0
3929.0342212362225 5.0 0.0 1546.0 154.6 2522.773853679379 252.27738536793794 9.0 9.0 0.0 5.0 1.0
3930.0497786969745 5.0 0.0 1546.0 154.6 2522.773853679379 252.27738536793794 9.0 9.0 0.0 5.0 1.0
3931.0342212362225 5.0 0.0 1546.0 154.6 2522.773853679379 252.27738536793794 9.0 9.0 0.0 5.0 1.0
3932.0497786969745 5.0 0.0 1546.0 154.6 2522.773853679379 252.27738536793794 9.0 9.0 0.0 5.0 1.0
3933.0342212362225 5.0 0.0 1546.0 154.6 2522.773853679379 252.27738536793794 9.0 9.0 0.0 5.0 1.0
3934.0497786969745 5.0 0.0 1546.0 154.6 2522.773853679379 252.27738536793794 9.0 9.0 0.0 5.0 1.0
3935.0342212362225 5.0 0.0 1546.0 154.6 2522.773853679379 252.27738536793794 9.0 9.0 0.0 5.0 1.0
3936.0497786969745 5.0 0.0 1546.0 154.6 2522.773853679379 252.27738536793794 9.0 9.0 0.0 5.0 1.0
3937.0342212362225 5.0 0.0 1546.0 154.6 2522.773853679379 252.27738536793794 9.0 9.0 0.0 5.0 1.0
3938.0497786969745 5.0 0.0 1546.0 154.6 2522.773853679379 252.27738536793794 9.0 9.0 0.0 5.0 1.0
3939.0342212362225 5.0 0.0 1546.0 154.6 2522.773853679379 252.27738536793794 9.0 9.0 0.0 5.0 1.0
3940.0497786969745 5.0 0.0 1546.0 154.6 2522.773853679379 252.27738536793794 9.0 9.0 0.0 5.0 1.0
3941.0342212362225 5.0 0.0 1546.0 154.6 2522.773853679379 252.27738536793794 9.0 9.0 0.0 5.0 1.0
3942.0497786969745 5.0 0.0 1546.0 154.6 2522.773853679379 252.27738536793794 9.0 9.0 0.0 5.0 1.0
3943.0342212362225 5.0 0.0 1546.0 154.6 2522.773853679379 252.27738536793794 9.0 9.0 0.0 5.0 1.0
3944.0497786969745 5.0 0.0 1546.0 154.6 2522.773853679379 252.27738536793794 9.0 9.0 0.0 5.0 1.0
3945.0342212362225 5.0 0.0 1546.0 154.6 2522.773853679379 252.27738536793794 9.0 9.0 0.0 5.0 1.0
3946.0497786969745 5.0 0.0 1546.0 154.6 2522.773853679379 252.27738536793794 9.0 9.0 0.0 5.0 1.0
3947.0342212362225 5.0 0.0 1546.0 154.6 2522.773853679379 252.27738536793794 9.0 9.0 0.0 5.0 1.0
3948.0497786969745 5.0 0.0 1546.0 154.6 2522.773853679379 252.27738536793794 9.0 9.0 0.0 5.0 1.0
3949.0342212362225 5.0 0.0 1546.0 154.6 2522.773853679379 252.27738536793794 9.0 9.0 0.0 5.0 1.0
3950.0497786969745 5.0 0.0 1546.0 154.6 2522.773853679379 252.27738536793794 9.0 9.0 0.0 5.0 1.0
3951.0342212362225 5.0 0.0 1546.0 154.6 2522.773853679379 252.27738536793794 9.0 9.0 0.0 5.0 1.0
3952.0497786969745 5.0 0.0 1546.0 154.6 2522.773853679379 252.27738536793794 9.0 9.0 0.0 5.0 1.0
3953.0342212362225 5.0 0.0 1546.0 154.6 2522.773853679379 252.27738536793794 9.0 9.0 0.0 5.0 1.0
3954.0497786969745 5.0 0.0 1546.0 154.6 2522.773853679379 252.27738536793794 9.0 9.0 0.0 5.0 1.0
3955.0342212362225 5.0 0.0 1546.0 154.6 2522.773853679379 252.27738536793794 9.0 9.0 0.0 5.0 1.0
3956.0497786969745 5.0 0.0 1546.0 154.6 2522.773853679379 252.27738536793794 9.0 9.0 0.0 5.0 1.0
3957.0342212362225 5.0 0.0 1546.0 154.6 2522.773853679379 252.27738536793794 9.0 9.0 0.0 5.0 1.0
3958.0497786969745 5.0 0.0 1546.0 154.6 2522.773853679379 252.27738536793794 9.0 9.0 0.0 5.0 1.0
3959.0342212362225 5.0 0.0 1546.0 154.6 2522.773853679379 252.27738536793794 9.0 9.0 0.0 5.0 1.0
3960.0497786969745 5.0 0.0 1546.0 154.6 2522.773853679379 252.27738536793794 9.0 9.0 0.0 5.0 1.0
3961.0342212362225 5.0 0.0 1546.0 154.6 2522.773853679379 252.27738536793794 9.0 9.0 0.0 5.0 1.0
3962.0497786969745 5.0 0.0 1546.0 154.6 2522.773853679379 252.27738536793794 9.0 9.0 0.0 5.0 1.0
3963.0342212362225 5.0 0.0 1546.0 154.6 2522.773853679379 252.27738536793794 9.0 9.0 0.0 5.0 1.0
3964.0497786969745 5.0 0.0 1546.0 154.6 2522.773853679379 252.27738536793794 9.0 9.0 0.0 5.0 1.0
3965.0342212362225 5.0 0.0 1546.0 154.6 2522.773853679379 252.27738536793794 9.0 9.0 0.0 5.0 1.0
3966.0497786969745 5.0 0.0 1546.0 154.6 2522.773853679379 252.27738536793794 9.0 9.0 0.0 5.0 1.0
3967.0342212362225 5.0 0.0 1546.0 154.6 2522.773853679379 252.27738536793794 9.0 9.0 0.0 5.0 1.0
3968.0497786969745 5.0 0.0 1546.0 154.6 2522.773853679379 252.27738536793794 9.0 9.0 0.0 5.0 1.0
3969.0342212362225 5.0 0.0 1546.0 154.6 2522.773853679379 252.27738536793794 9.0 9.0 0.0 5.0 1.0
3970.0497786969745 5.0 0.0 1546.0 154.6 2522.773853679379 252.27738536793794 9.0 9.0 0.0 5.0 1.0
3971.0342212362225 5.0 0.0 1546.0 154.6 2522.773853679379 252.27738536793794 9.0 9.0 0.0 5.0 1.0
3972.0497786969745 5.0 0.0 1546.0 154.6 2522.773853679379 252.27738536793794 9.0 9.0 0.0 5.0 1.0
3973.0342212362225 5.0 0.0 1546.0 154.6 2522.773853679379 252.27738536793794 9.0 9.0 0.0 5.0 1.0
3974.0497786969745 5.0 0.0 1546.0 154.6 2522.773853679379 252.27738536793794 9.0 9.0 0.0 5.0 1.0
3975.0342212362225 5.0 0.0 1546.0 154.6 2522.773853679379 252.27738536793794 9.0 9.0 0.0 5.0 1.0
3976.0497786969745 5.0 0.0 1546.0 154.6 2522.773853679379 252.27738536793794 9.0 9.0 0.0 5.0 1.0
3977.0342212362225 5.0 0.0 1546.0 154.6 2522.773853679379 252.27738536793794 9.0 9.0 0.0 5.0 1.0
3978.0497786969745 5.0 0.0 1546.0 154.6 2522.773853679379 252.27738536793794 9.0 9.0 0.0 5.0 1.0
3979.0342212362225 5.0 0.0 1546.0 154.6 2522.773853679379 252.27738536793794 9.0 9.0 0.0 5.0 1.0
3980.0497786969745 5.0 0.0 1546.0 154.6 2522.773853679379 252.27738536793794 9.0 9.0 0.0 5.0 1.0
3981.0342212362225 5.0 0.0 1546.0 154.6 2522.773853679379 252.27738536793794 9.0 9.0 0.0 5.0 1.0
3982.0497786969745 5.0 0.0 1546.0 154.6 2522.773853679379 252.27738536793794 9.0 9.0 0.0 5.0 1.0
3983.0342212362225 5.0 0.0 1546.0 154.6 2522.773853679379 252.27738536793794 9.0 9.0 0.0 5.0 1.0
3984.0497786969745 5.0 0.0 1546.0 154.6 2522.773853679379 252.27738536793794 9.0 9.0 0.0 5.0 1.0
3985.0342212362225 5.0 0.0 1546.0 154.6 2522.773853679379 252.27738536793794 9.0 9.0 0.0 5.0 1.0
3986.0497786969745 5.0 0.0 1546.0 154.6 2522.773853679379 252.27738536793794 9.0 9.0 0.0 5.0 1.0
3987.0342212362225 5.0 0.0 1546.0 154.6 2522.773853679379 252.27738536793794 9.0 9.0 0.0 5.0 1.0
3988.0497786969745 5.0 0.0 1546.0 154.6 2522.773853679379 252.27738536793794 9.0 9.0 0.0 5.0 1.0
3989.0342212362225 5.0 0.0 1546.0 154.6 2522.773853679379 252.27738536793794 9.0 9.0 0.0 5.0 1.0
3990.0497786969745 5.0 0.0 1546.0 154.6 2522.773853679379 252.27738536793794 9.0 9.0 0.0 5.0 1.0
3991.0342212362225 5.0 0.0 1546.0 154.6 2522.773853679379 252.27738536793794 9.0 9.0 0.0 5.0 1.0
3992.0497786969745 5.0 0.0 1546.0 154.6 2522.773853679379 252.27738536793794 9.0 9.0 0.0 5.0 1.0
3993.0342212362225 5.0 0.0 1546.0 154.6 2522.773853679379 252.27738536793794 9.0 9.0 0.0 5.0 1.0
3994.0497786969745 5.0 0.0 1546.0 154.6 2522.773853679379 252.27738536793794 9.0 9.0 0.0 5.0 1.0
3995.0342212362225 5.0 0.0 1546.0 154.6 2522.773853679379 252.27738536793794 9.0 9.0 0.0 5.0 1.0
3996.0497786969745 5.0 0.0 1546.0 154.6 2522.773853679379 252.27738536793794 9.0 9.0 0.0 5.0 1.0
3997.0342212362225 5.0 0.0 1546.0 154.6 2522.773853679379 252.27738536793794 9.0 9.0 0.0 5.0 1.0
3998.0497786969745 5.0 0.0 1546.0 154.6 2522.773853679379 252.27738536793794 9.0 9.0 0.0 5.0 1.0
3999.0342212362225 5.0 0.0 1546.0 154.6 2522.773853679379 252.27738536793794 9.0 9.0 0.0 5.0 1.0
#####################################################################
# End of data export. Simulation finished at: 2025-04-16T09:59+0000 #
#####################################################################
