#####################################################################
# Alchemist log file - simulation started at: 2025-04-16T09:04+0000 #
#####################################################################
#
# seed = 1.0, communication = 20, leaderBased = true, totalNodes = 40, totalTaskFactor = 1
#
# The columns have the following meaning: 
# time isDone[sum] replanning[sum] totalReplanning[sum] totalReplanning[mean] distance[sum] distance[mean] neighbors[mean] neighbors[mean] taskSize[sum] dones[sum] dones[mean] 
0.0 0.0 0.0 0.0 NaN 0.0 NaN NaN NaN 0.0 0.0 NaN
0.004885589795766698 0.0 0.0 0.0 NaN 0.0 NaN NaN NaN 0.0 0.0 NaN
1.003797505013635 0.0 2.0 2.0 1.0 0.0 0.0 10.0 10.0 42.0 0.0 NaN
2.0048855897957667 0.0 2.0 2.0 1.0 0.0 0.0 19.5 19.5 80.0 0.0 NaN
3.003797505013635 0.0 1.0 3.0 1.5 0.0 0.0 34.725 34.725 80.0 0.0 NaN
4.004885589795767 0.0 1.0 3.0 1.5 0.0 0.0 39.0 39.0 80.0 0.0 NaN
5.003797505013635 0.0 1.0 4.0 2.0 0.0 0.0 39.0 39.0 80.0 0.0 NaN
6.004885589795767 0.0 1.0 4.0 2.0 0.0 0.0 39.0 39.0 80.0 0.0 NaN
7.003797505013635 0.0 1.0 5.0 2.5 0.0 0.0 39.0 39.0 80.0 0.0 NaN
8.004885589795766 0.0 1.0 5.0 2.5 0.0 0.0 39.0 39.0 80.0 0.0 NaN
9.003797505013635 0.0 1.0 6.0 3.0 0.0 0.0 39.0 39.0 80.0 0.0 NaN
10.004885589795766 0.0 1.0 6.0 3.0 0.0 0.0 39.0 39.0 80.0 0.0 NaN
11.003797505013635 0.0 1.0 7.0 3.5 0.0 0.0 39.0 39.0 80.0 0.0 NaN
12.004885589795766 0.0 1.0 7.0 3.5 0.0 0.0 39.0 39.0 80.0 0.0 NaN
13.003797505013635 0.0 1.0 8.0 4.0 0.0 0.0 39.0 39.0 80.0 0.0 NaN
14.004885589795766 0.0 1.0 8.0 4.0 0.0 0.0 39.0 39.0 80.0 0.0 NaN
15.003797505013635 0.0 1.0 9.0 4.5 0.0 0.0 39.0 39.0 80.0 0.0 NaN
16.004885589795766 0.0 1.0 9.0 4.5 0.0 0.0 39.0 39.0 80.0 0.0 NaN
17.003797505013637 0.0 1.0 10.0 5.0 0.0 0.0 39.0 39.0 80.0 0.0 NaN
18.004885589795766 0.0 1.0 10.0 5.0 0.0 0.0 39.0 39.0 80.0 0.0 NaN
19.003797505013637 0.0 1.0 11.0 5.5 0.0 0.0 39.0 39.0 80.0 0.0 NaN
20.004885589795766 0.0 1.0 11.0 5.5 0.0 0.0 39.0 39.0 80.0 0.0 NaN
21.003797505013637 0.0 1.0 12.0 6.0 0.0 0.0 39.0 39.0 80.0 0.0 NaN
22.004885589795766 0.0 1.0 12.0 6.0 0.0 0.0 39.0 39.0 80.0 0.0 NaN
23.003797505013637 0.0 1.0 13.0 6.5 0.0 0.0 39.0 39.0 80.0 0.0 NaN
24.004885589795766 0.0 1.0 13.0 6.5 0.0 0.0 39.0 39.0 80.0 0.0 NaN
25.003797505013637 0.0 1.0 14.0 7.0 0.0 0.0 39.0 39.0 80.0 0.0 NaN
26.004885589795766 0.0 1.0 14.0 7.0 0.0 0.0 39.0 39.0 80.0 0.0 NaN
27.003797505013637 0.0 1.0 15.0 7.5 0.0 0.0 39.0 39.0 80.0 0.0 NaN
28.004885589795766 0.0 1.0 15.0 7.5 0.0 0.0 39.0 39.0 80.0 0.0 NaN
29.003797505013637 0.0 1.0 16.0 8.0 0.0 0.0 39.0 39.0 80.0 0.0 NaN
30.004885589795766 0.0 1.0 16.0 8.0 0.0 0.0 39.0 39.0 80.0 0.0 NaN
31.003797505013637 0.0 1.0 17.0 8.5 0.0 0.0 39.0 39.0 80.0 0.0 NaN
32.00488558979576 0.0 1.0 17.0 8.5 0.0 0.0 39.0 39.0 80.0 0.0 NaN
33.00379750501364 0.0 1.0 18.0 9.0 0.0 0.0 39.0 39.0 80.0 0.0 NaN
34.00488558979576 0.0 1.0 18.0 9.0 0.0 0.0 39.0 39.0 80.0 0.0 NaN
35.00379750501364 0.0 1.0 19.0 9.5 0.0 0.0 39.0 39.0 80.0 0.0 NaN
36.00488558979576 0.0 1.0 19.0 9.5 0.0 0.0 39.0 39.0 80.0 0.0 NaN
37.00379750501364 0.0 1.0 20.0 10.0 0.0 0.0 39.0 39.0 80.0 0.0 NaN
38.00488558979576 0.0 1.0 20.0 10.0 0.0 0.0 39.0 39.0 80.0 0.0 NaN
39.00379750501364 0.0 1.0 21.0 10.5 0.0 0.0 39.0 39.0 80.0 0.0 NaN
40.00488558979576 0.0 1.0 21.0 10.5 0.0 0.0 39.0 39.0 80.0 0.0 NaN
41.00379750501364 0.0 1.0 22.0 11.0 0.0 0.0 39.0 39.0 80.0 0.0 NaN
42.00488558979576 0.0 1.0 22.0 11.0 0.0 0.0 39.0 39.0 80.0 0.0 NaN
43.00379750501364 0.0 1.0 23.0 11.5 0.0 0.0 39.0 39.0 80.0 0.0 NaN
44.00488558979576 0.0 1.0 23.0 11.5 0.0 0.0 39.0 39.0 80.0 0.0 NaN
45.00379750501364 0.0 1.0 24.0 12.0 0.0 0.0 39.0 39.0 80.0 0.0 NaN
46.00488558979576 0.0 1.0 24.0 12.0 0.0 0.0 39.0 39.0 80.0 0.0 NaN
47.00379750501364 0.0 1.0 25.0 12.5 0.0 0.0 39.0 39.0 80.0 0.0 NaN
48.00488558979576 0.0 1.0 25.0 12.5 0.0 0.0 39.0 39.0 80.0 0.0 NaN
49.00379750501364 0.0 1.0 26.0 13.0 0.0 0.0 39.0 39.0 80.0 0.0 NaN
50.00488558979576 0.0 1.0 26.0 13.0 0.0 0.0 39.0 39.0 80.0 0.0 NaN
51.00379750501364 0.0 1.0 27.0 13.5 0.0 0.0 39.0 39.0 80.0 0.0 NaN
52.00488558979576 0.0 1.0 27.0 13.5 0.0 0.0 39.0 39.0 80.0 0.0 NaN
53.00379750501364 0.0 1.0 28.0 14.0 0.0 0.0 39.0 39.0 80.0 0.0 NaN
54.00488558979576 0.0 1.0 28.0 14.0 0.0 0.0 39.0 39.0 80.0 0.0 NaN
55.00379750501364 0.0 1.0 29.0 14.5 0.0 0.0 39.0 39.0 80.0 0.0 NaN
56.00488558979576 0.0 1.0 29.0 14.5 0.0 0.0 39.0 39.0 80.0 0.0 NaN
57.00379750501364 0.0 1.0 30.0 15.0 0.0 0.0 39.0 39.0 80.0 0.0 NaN
58.00488558979576 0.0 1.0 30.0 15.0 0.0 0.0 39.0 39.0 80.0 0.0 NaN
59.00379750501364 0.0 1.0 31.0 15.5 0.0 0.0 39.0 39.0 80.0 0.0 NaN
60.00488558979576 0.0 1.0 31.0 15.5 0.0 0.0 39.0 39.0 80.0 0.0 NaN
61.00379750501364 0.0 1.0 32.0 16.0 0.0 0.0 39.0 39.0 80.0 0.0 NaN
62.00488558979576 0.0 1.0 32.0 16.0 0.0 0.0 39.0 39.0 80.0 0.0 NaN
63.00379750501364 0.0 1.0 33.0 16.5 0.0 0.0 39.0 39.0 80.0 0.0 NaN
64.00488558979576 0.0 1.0 33.0 16.5 0.0 0.0 39.0 39.0 80.0 0.0 NaN
65.00379750501364 0.0 1.0 34.0 17.0 0.0 0.0 39.0 39.0 80.0 0.0 NaN
66.00488558979576 0.0 1.0 34.0 17.0 0.0 0.0 39.0 39.0 80.0 0.0 NaN
67.00379750501364 0.0 1.0 35.0 17.5 0.0 0.0 39.0 39.0 80.0 0.0 NaN
68.00488558979576 0.0 1.0 35.0 17.5 0.0 0.0 39.0 39.0 80.0 0.0 NaN
69.00379750501364 0.0 1.0 36.0 18.0 0.0 0.0 39.0 39.0 80.0 0.0 NaN
70.00488558979576 0.0 1.0 36.0 18.0 0.0 0.0 39.0 39.0 80.0 0.0 NaN
71.00379750501364 0.0 1.0 37.0 18.5 0.0 0.0 39.0 39.0 80.0 0.0 NaN
72.00488558979576 0.0 1.0 37.0 18.5 0.0 0.0 39.0 39.0 80.0 0.0 NaN
73.00379750501364 0.0 1.0 38.0 19.0 0.0 0.0 39.0 39.0 80.0 0.0 NaN
74.00488558979576 0.0 1.0 38.0 19.0 0.0 0.0 39.0 39.0 80.0 0.0 NaN
75.00379750501364 0.0 1.0 39.0 19.5 0.0 0.0 39.0 39.0 80.0 0.0 NaN
76.00488558979576 0.0 1.0 39.0 19.5 0.0 0.0 39.0 39.0 80.0 0.0 NaN
77.00379750501364 0.0 1.0 40.0 20.0 0.0 0.0 39.0 39.0 80.0 0.0 NaN
78.00488558979576 0.0 1.0 40.0 20.0 0.0 0.0 39.0 39.0 80.0 0.0 NaN
79.00379750501364 0.0 1.0 41.0 20.5 0.0 0.0 39.0 39.0 80.0 0.0 NaN
80.00488558979576 0.0 1.0 41.0 20.5 0.0 0.0 39.0 39.0 80.0 0.0 NaN
81.00379750501364 0.0 1.0 42.0 21.0 0.0 0.0 39.0 39.0 80.0 0.0 NaN
82.00488558979576 0.0 1.0 42.0 21.0 0.0 0.0 39.0 39.0 80.0 0.0 NaN
83.00379750501364 0.0 1.0 43.0 21.5 0.0 0.0 39.0 39.0 80.0 0.0 NaN
84.00488558979576 0.0 1.0 43.0 21.5 0.0 0.0 39.0 39.0 80.0 0.0 NaN
85.00379750501364 0.0 1.0 44.0 22.0 0.0 0.0 39.0 39.0 80.0 0.0 NaN
86.00488558979576 0.0 1.0 44.0 22.0 0.0 0.0 39.0 39.0 80.0 0.0 NaN
87.00379750501364 0.0 1.0 45.0 22.5 0.0 0.0 39.0 39.0 80.0 0.0 NaN
88.00488558979576 0.0 1.0 45.0 22.5 0.0 0.0 39.0 39.0 80.0 0.0 NaN
89.00379750501364 0.0 1.0 46.0 23.0 0.0 0.0 39.0 39.0 80.0 0.0 NaN
90.00488558979576 0.0 1.0 46.0 23.0 0.0 0.0 39.0 39.0 80.0 0.0 NaN
91.00379750501364 0.0 1.0 47.0 23.5 0.0 0.0 39.0 39.0 80.0 0.0 NaN
92.00488558979576 0.0 1.0 47.0 23.5 0.0 0.0 39.0 39.0 80.0 0.0 NaN
93.00379750501364 0.0 1.0 48.0 24.0 0.0 0.0 39.0 39.0 80.0 0.0 NaN
94.00488558979576 0.0 1.0 48.0 24.0 0.0 0.0 39.0 39.0 80.0 0.0 NaN
95.00379750501364 0.0 1.0 49.0 24.5 0.0 0.0 39.0 39.0 80.0 0.0 NaN
96.00488558979576 0.0 1.0 49.0 24.5 0.0 0.0 39.0 39.0 80.0 0.0 NaN
97.00379750501364 0.0 1.0 50.0 25.0 0.0 0.0 39.0 39.0 80.0 0.0 NaN
98.00488558979576 0.0 1.0 50.0 25.0 0.0 0.0 39.0 39.0 80.0 0.0 NaN
99.00379750501364 0.0 1.0 51.0 25.5 0.0 0.0 39.0 39.0 80.0 0.0 NaN
100.00488558979576 0.0 1.0 51.0 25.5 0.0 0.0 39.0 39.0 80.0 0.0 NaN
101.00379750501364 0.0 1.0 52.0 26.0 0.0 0.0 39.0 39.0 80.0 0.0 NaN
102.00488558979576 0.0 1.0 52.0 26.0 0.0 0.0 39.0 39.0 80.0 0.0 NaN
103.00379750501364 0.0 1.0 53.0 26.5 0.0 0.0 39.0 39.0 80.0 0.0 NaN
104.00488558979576 0.0 1.0 53.0 26.5 0.0 0.0 39.0 39.0 80.0 0.0 NaN
105.00379750501364 0.0 1.0 54.0 27.0 0.0 0.0 39.0 39.0 80.0 0.0 NaN
106.00488558979576 0.0 1.0 54.0 27.0 0.0 0.0 39.0 39.0 80.0 0.0 NaN
107.00379750501364 0.0 1.0 55.0 27.5 0.0 0.0 39.0 39.0 80.0 0.0 NaN
108.00488558979576 0.0 1.0 55.0 27.5 0.0 0.0 39.0 39.0 80.0 0.0 NaN
109.00379750501364 0.0 1.0 56.0 28.0 0.0 0.0 39.0 39.0 80.0 0.0 NaN
110.00488558979576 0.0 1.0 56.0 28.0 0.0 0.0 39.0 39.0 80.0 0.0 NaN
111.00379750501364 0.0 1.0 57.0 28.5 0.0 0.0 39.0 39.0 80.0 0.0 NaN
112.00488558979576 0.0 1.0 57.0 28.5 0.0 0.0 39.0 39.0 80.0 0.0 NaN
113.00379750501364 0.0 1.0 58.0 29.0 0.0 0.0 39.0 39.0 80.0 0.0 NaN
114.00488558979576 0.0 1.0 58.0 29.0 0.0 0.0 39.0 39.0 80.0 0.0 NaN
115.00379750501364 0.0 1.0 59.0 29.5 0.0 0.0 39.0 39.0 80.0 0.0 NaN
116.00488558979576 0.0 1.0 59.0 29.5 0.0 0.0 39.0 39.0 80.0 0.0 NaN
117.00379750501364 0.0 1.0 60.0 30.0 0.0 0.0 39.0 39.0 80.0 0.0 NaN
118.00488558979576 0.0 1.0 60.0 30.0 0.0 0.0 39.0 39.0 80.0 0.0 NaN
119.00379750501364 0.0 1.0 61.0 30.5 0.0 0.0 39.0 39.0 80.0 0.0 NaN
120.00488558979576 0.0 1.0 61.0 30.5 0.0 0.0 39.0 39.0 80.0 0.0 NaN
121.00379750501364 0.0 0.0 61.0 30.5 0.0 0.0 39.0 39.0 80.0 0.0 NaN
122.00488558979576 0.0 0.0 61.0 30.5 0.0 0.0 39.0 39.0 80.0 0.0 NaN
123.00379750501364 0.0 0.0 61.0 30.5 10.999999999999938 0.2749999999999984 39.0 39.0 91.0 0.0 NaN
124.00488558979576 0.0 0.0 61.0 30.5 29.999999999999932 0.7499999999999983 39.0 39.0 110.0 0.0 NaN
125.00379750501364 0.0 0.0 61.0 30.5 50.99999999999996 1.2749999999999986 39.0 39.0 120.0 0.0 NaN
126.00488558979576 0.0 0.0 61.0 30.5 69.99999999999994 1.7499999999999982 39.0 39.0 120.0 0.0 NaN
127.00379750501364 0.0 0.0 61.0 30.5 91.0 2.2749999999999995 39.0 39.0 120.0 0.0 NaN
128.00488558979578 0.0 0.0 61.0 30.5 109.99999999999999 2.7499999999999996 39.0 39.0 120.0 0.0 NaN
129.00379750501364 0.0 0.0 61.0 30.5 130.99999999999997 3.2749999999999995 39.0 39.0 120.0 0.0 NaN
130.00488558979578 0.0 0.0 61.0 30.5 149.99999999999997 3.7499999999999987 39.0 39.0 120.0 0.0 NaN
131.00379750501364 0.0 0.0 61.0 30.5 170.99999999999991 4.274999999999999 39.0 39.0 120.0 0.0 NaN
132.00488558979578 0.0 0.0 61.0 30.5 189.99999999999994 4.749999999999999 39.0 39.0 120.0 0.0 NaN
133.00379750501364 0.0 0.0 61.0 30.5 211.0 5.275 39.0 39.0 120.0 0.0 NaN
134.00488558979578 0.0 0.0 61.0 30.5 229.99999999999991 5.749999999999999 39.0 39.0 120.0 0.0 NaN
135.00379750501364 0.0 0.0 61.0 30.5 250.99999999999991 6.2749999999999995 39.0 39.0 120.0 0.0 NaN
136.00488558979578 0.0 0.0 61.0 30.5 270.0 6.75 39.0 39.0 120.0 0.0 NaN
137.00379750501364 0.0 0.0 61.0 30.5 291.0 7.275000000000001 39.0 39.0 120.0 0.0 NaN
138.00488558979578 0.0 0.0 61.0 30.5 309.99999999999994 7.75 39.0 39.0 120.0 0.0 NaN
139.00379750501364 0.0 0.0 61.0 30.5 330.9999999999999 8.274999999999999 39.0 39.0 120.0 0.0 NaN
140.00488558979578 0.0 0.0 61.0 30.5 349.99999999999994 8.750000000000002 39.0 39.0 120.0 0.0 NaN
141.00379750501364 0.0 0.0 61.0 30.5 370.99999999999994 9.275000000000002 39.0 39.0 120.0 0.0 NaN
142.00488558979578 0.0 0.0 61.0 30.5 390.00000000000006 9.750000000000002 39.0 39.0 120.0 0.0 NaN
143.00379750501364 0.0 0.0 61.0 30.5 411.00000000000006 10.275000000000002 39.0 39.0 120.0 0.0 NaN
144.00488558979578 0.0 0.0 61.0 30.5 430.00000000000006 10.750000000000002 39.0 39.0 120.0 0.0 NaN
145.00379750501364 0.0 0.0 61.0 30.5 451.0000000000001 11.275000000000002 39.0 39.0 120.0 0.0 NaN
146.00488558979578 0.0 0.0 61.0 30.5 470.0000000000001 11.750000000000004 39.0 39.0 120.0 0.0 NaN
147.00379750501364 0.0 0.0 61.0 30.5 490.99999999999994 12.275000000000002 39.0 39.0 120.0 0.0 NaN
148.00488558979578 0.0 0.0 61.0 30.5 510.0 12.750000000000002 39.0 39.0 120.0 0.0 NaN
149.00379750501364 0.0 0.0 61.0 30.5 531.0000000000001 13.275000000000004 39.0 39.0 120.0 0.0 NaN
150.00488558979578 0.0 0.0 61.0 30.5 550.0 13.750000000000002 39.0 39.0 120.0 0.0 NaN
151.00379750501364 0.0 0.0 61.0 30.5 570.9999999999998 14.275 39.0 39.0 120.0 0.0 NaN
152.00488558979578 0.0 0.0 61.0 30.5 589.9999999999998 14.750000000000002 39.0 39.0 120.0 0.0 NaN
153.00379750501364 0.0 0.0 61.0 30.5 610.9999999999998 15.275 39.0 39.0 120.0 0.0 NaN
154.00488558979578 0.0 0.0 61.0 30.5 629.9999999999998 15.75 39.0 39.0 120.0 0.0 NaN
155.00379750501364 0.0 0.0 61.0 30.5 650.9999999999999 16.275000000000002 39.0 39.0 120.0 0.0 NaN
156.00488558979578 0.0 0.0 61.0 30.5 669.9999999999998 16.75 39.0 39.0 120.0 0.0 NaN
157.00379750501364 0.0 0.0 61.0 30.5 690.9999999999998 17.275 39.0 39.0 120.0 0.0 NaN
158.00488558979578 0.0 0.0 61.0 30.5 709.9999999999998 17.75 39.0 39.0 120.0 0.0 NaN
159.00379750501364 0.0 0.0 61.0 30.5 730.9999999999998 18.275 39.0 39.0 120.0 0.0 NaN
160.00488558979578 0.0 0.0 61.0 30.5 749.9999999999998 18.75 39.0 39.0 120.0 0.0 NaN
161.00379750501364 0.0 0.0 61.0 30.5 770.9999999999998 19.275 39.0 39.0 120.0 0.0 NaN
162.00488558979578 0.0 0.0 61.0 30.5 790.0 19.75 39.0 39.0 120.0 0.0 NaN
163.00379750501364 0.0 0.0 61.0 30.5 811.0 20.275 39.0 39.0 120.0 0.0 NaN
164.00488558979578 0.0 0.0 61.0 30.5 829.4610290387936 20.736525725969845 39.0 39.0 120.0 0.0 NaN
165.00379750501364 0.0 0.0 61.0 30.5 850.4610290387936 21.261525725969843 39.0 39.0 120.0 0.0 NaN
166.00488558979578 0.0 0.0 61.0 30.5 868.4611762735921 21.711529406839805 39.0 39.0 120.0 0.0 NaN
167.00379750501364 0.0 0.0 61.0 30.5 889.4611762735921 22.236529406839804 39.0 39.0 120.0 0.0 NaN
168.00488558979578 0.0 0.0 61.0 30.5 907.4613465831808 22.686533664579514 39.0 39.0 120.0 0.0 NaN
169.00379750501364 0.0 0.0 61.0 30.5 928.4613465831808 23.211533664579516 39.0 39.0 120.0 0.0 NaN
170.00488558979578 0.0 0.0 61.0 30.5 946.46138797836 23.661534699459 39.0 39.0 120.0 0.0 NaN
171.00379750501364 0.0 0.0 61.0 30.5 967.46138797836 24.186534699459 39.0 39.0 120.0 0.0 NaN
172.00488558979578 0.0 0.0 61.0 30.5 985.4101190271873 24.63525297567968 39.0 39.0 120.0 0.0 NaN
173.00379750501364 0.0 0.0 61.0 30.5 1006.4101190271871 25.160252975679683 39.0 39.0 120.0 0.0 NaN
174.00488558979578 0.0 0.0 61.0 30.5 1023.4103412241985 25.58525853060496 39.0 39.0 120.0 0.0 NaN
175.00379750501364 0.0 0.0 61.0 30.5 1044.4103412241984 26.110258530604963 39.0 39.0 120.0 0.0 NaN
176.00488558979578 0.0 0.0 61.0 30.5 1061.4106733940205 26.535266834850514 39.0 39.0 120.0 0.0 NaN
177.00379750501364 0.0 0.0 61.0 30.5 1082.4106733940205 27.060266834850513 39.0 39.0 120.0 0.0 NaN
178.00488558979578 0.0 0.0 61.0 30.5 1099.4110665460955 27.48527666365239 39.0 39.0 120.0 0.0 NaN
179.00379750501364 0.0 0.0 61.0 30.5 1120.4110665460955 28.01027666365239 39.0 39.0 120.0 0.0 NaN
180.00488558979578 0.0 0.0 61.0 30.5 1137.4112777456446 28.435281943641115 39.0 39.0 120.0 0.0 NaN
181.00379750501364 0.0 0.0 61.0 30.5 1158.4112777456444 28.960281943641114 39.0 39.0 120.0 0.0 NaN
182.00488558979578 0.0 0.0 61.0 30.5 1175.411528944427 29.385288223610672 39.0 39.0 120.0 0.0 NaN
183.00379750501364 0.0 0.0 61.0 30.5 1196.411528944427 29.910288223610674 39.0 39.0 120.0 0.0 NaN
184.00488558979578 0.0 0.0 61.0 30.5 1213.4119043090418 30.335297607726048 39.0 39.0 120.0 0.0 NaN
185.00379750501364 0.0 0.0 61.0 30.5 1234.4119043090418 30.860297607726046 39.0 39.0 120.0 0.0 NaN
186.00488558979578 0.0 0.0 61.0 30.5 1251.4122373933758 31.285305934834394 39.0 39.0 120.0 0.0 NaN
187.00379750501364 0.0 0.0 61.0 30.5 1272.4122373933758 31.810305934834396 39.0 39.0 120.0 0.0 NaN
188.00488558979578 0.0 0.0 61.0 30.5 1289.0024163542148 32.22506040885537 39.0 39.0 120.0 0.0 NaN
189.00379750501364 0.0 0.0 61.0 30.5 1310.0024163542148 32.75006040885537 39.0 39.0 120.0 0.0 NaN
190.00488558979578 0.0 0.0 61.0 30.5 1326.0031476929055 33.15007869232264 39.0 39.0 120.0 0.0 NaN
191.00379750501364 0.0 0.0 61.0 30.5 1347.0031476929055 33.675078692322636 39.0 39.0 120.0 0.0 NaN
192.00488558979578 0.0 0.0 61.0 30.5 1363.0040567312742 34.075101418281854 39.0 39.0 120.0 0.0 NaN
193.00379750501364 0.0 0.0 61.0 30.5 1384.0040567312742 34.60010141828185 39.0 39.0 120.0 0.0 NaN
194.00488558979578 0.0 0.0 61.0 30.5 1400.0043731256699 35.00010932814175 39.0 39.0 120.0 0.0 NaN
195.00379750501364 0.0 0.0 61.0 30.5 1421.0043731256696 35.525109328141745 39.0 39.0 120.0 0.0 NaN
196.00488558979578 0.0 0.0 61.0 30.5 1437.00481290051 35.92512032251275 39.0 39.0 120.0 0.0 NaN
197.00379750501364 0.0 0.0 61.0 30.5 1458.00481290051 36.45012032251275 39.0 39.0 120.0 0.0 NaN
198.00488558979578 0.0 0.0 61.0 30.5 1474.0055841214476 36.85013960303619 39.0 39.0 120.0 0.0 NaN
199.00379750501364 0.0 0.0 61.0 30.5 1495.0055841214476 37.37513960303619 39.0 39.0 120.0 0.0 NaN
200.0 0.0 0.0 61.0 30.5 1511.006280177046 37.77515700442614 39.0 39.0 120.0 0.0 NaN
201.00379750501364 0.0 0.0 61.0 30.5 1531.4439384586208 38.286098461465514 39.0 39.0 120.0 0.0 NaN
202.00488558979578 0.0 0.0 61.0 30.5 1547.444621516576 38.68611553791438 39.0 39.0 120.0 0.0 NaN
203.00379750501364 0.0 1.0 62.0 31.0 1567.4447378684986 39.18611844671245 39.0 39.0 120.0 0.0 NaN
204.00488558979578 0.0 1.0 62.0 31.0 1582.445053955568 39.561126348889196 39.0 39.0 120.0 0.0 NaN
205.00379750501364 0.0 1.0 63.0 31.5 1593.4452729008551 39.836131822521374 39.0 39.0 120.0 0.0 NaN
206.00488558979578 0.0 1.0 63.0 31.5 1598.4452729008551 39.961131822521374 39.0 39.0 120.0 0.0 NaN
207.00379750501364 0.0 1.0 64.0 32.0 1602.4452729008551 40.061131822521375 39.0 39.0 120.0 0.0 NaN
208.00488558979578 0.0 1.0 64.0 32.0 1607.4452729008551 40.186131822521375 39.0 39.0 120.0 0.0 NaN
209.00379750501364 0.0 1.0 65.0 32.5 1611.4452729008551 40.28613182252137 39.0 39.0 120.0 0.0 NaN
210.00488558979578 0.0 1.0 65.0 32.5 1616.4452729008551 40.41113182252137 39.0 39.0 120.0 0.0 NaN
211.00379750501364 0.0 1.0 66.0 33.0 1620.4452729008551 40.51113182252137 39.0 39.0 120.0 0.0 NaN
212.00488558979578 0.0 1.0 66.0 33.0 1625.4452729008551 40.63613182252137 39.0 39.0 120.0 0.0 NaN
213.00379750501364 0.0 1.0 67.0 33.5 1629.4452729008551 40.73613182252137 39.0 39.0 120.0 0.0 NaN
214.00488558979578 0.0 1.0 67.0 33.5 1634.4452729008551 40.86113182252137 39.0 39.0 120.0 0.0 NaN
215.00379750501364 0.0 1.0 68.0 34.0 1638.4452729008551 40.961131822521374 39.0 39.0 120.0 0.0 NaN
216.00488558979578 0.0 1.0 68.0 34.0 1643.4452729008551 41.086131822521374 39.0 39.0 120.0 0.0 NaN
217.00379750501364 0.0 1.0 69.0 34.5 1647.4452729008551 41.186131822521375 39.0 39.0 120.0 0.0 NaN
218.00488558979578 0.0 1.0 69.0 34.5 1652.4452729008551 41.311131822521375 39.0 39.0 120.0 0.0 NaN
219.00379750501364 0.0 1.0 70.0 35.0 1656.4452729008551 41.41113182252137 39.0 39.0 120.0 0.0 NaN
220.00488558979578 0.0 1.0 70.0 35.0 1661.4452729008551 41.53613182252137 39.0 39.0 120.0 0.0 NaN
221.00379750501364 0.0 1.0 71.0 35.5 1665.4452729008551 41.63613182252137 39.0 39.0 120.0 0.0 NaN
222.00488558979578 0.0 1.0 71.0 35.5 1670.4452729008551 41.76113182252137 39.0 39.0 120.0 0.0 NaN
223.00379750501364 0.0 1.0 72.0 36.0 1674.4452729008551 41.86113182252137 39.0 39.0 120.0 0.0 NaN
224.00488558979578 0.0 1.0 72.0 36.0 1679.4452729008551 41.98613182252137 39.0 39.0 120.0 0.0 NaN
225.00379750501364 0.0 1.0 73.0 36.5 1683.4452729008551 42.086131822521374 39.0 39.0 120.0 0.0 NaN
226.00488558979578 0.0 1.0 73.0 36.5 1688.4452729008551 42.211131822521374 39.0 39.0 120.0 0.0 NaN
227.00379750501364 0.0 1.0 74.0 37.0 1692.4452729008551 42.311131822521375 39.0 39.0 120.0 0.0 NaN
228.00488558979578 0.0 1.0 74.0 37.0 1697.4452729008551 42.436131822521375 39.0 39.0 120.0 0.0 NaN
229.00379750501364 0.0 1.0 75.0 37.5 1701.4452729008551 42.53613182252137 39.0 39.0 120.0 0.0 NaN
230.00488558979578 0.0 1.0 75.0 37.5 1706.4452729008551 42.66113182252138 39.0 39.0 120.0 0.0 NaN
231.00379750501364 0.0 1.0 76.0 38.0 1710.4452729008551 42.76113182252137 39.0 39.0 120.0 0.0 NaN
232.00488558979578 0.0 1.0 76.0 38.0 1715.4452729008551 42.88613182252137 39.0 39.0 120.0 0.0 NaN
233.00379750501364 0.0 1.0 77.0 38.5 1719.4452729008551 42.98613182252137 39.0 39.0 120.0 0.0 NaN
234.00488558979578 0.0 1.0 77.0 38.5 1724.4452729008551 43.11113182252137 39.0 39.0 120.0 0.0 NaN
235.00379750501364 0.0 1.0 78.0 39.0 1728.4452729008551 43.211131822521374 39.0 39.0 120.0 0.0 NaN
236.00488558979578 0.0 1.0 78.0 39.0 1733.4452729008551 43.336131822521374 39.0 39.0 120.0 0.0 NaN
237.00379750501364 0.0 1.0 79.0 39.5 1737.4452729008551 43.436131822521375 39.0 39.0 120.0 0.0 NaN
238.00488558979578 0.0 1.0 79.0 39.5 1742.4452729008551 43.561131822521375 39.0 39.0 120.0 0.0 NaN
239.00379750501364 0.0 1.0 80.0 40.0 1746.4452729008551 43.66113182252137 39.0 39.0 120.0 0.0 NaN
240.00488558979578 0.0 1.0 80.0 40.0 1751.4452729008551 43.78613182252138 39.0 39.0 120.0 0.0 NaN
241.00379750501364 0.0 1.0 81.0 40.5 1755.4452729008551 43.88613182252137 39.0 39.0 120.0 0.0 NaN
242.00488558979578 0.0 1.0 81.0 40.5 1760.4452729008551 44.01113182252137 39.0 39.0 120.0 0.0 NaN
243.00379750501364 0.0 1.0 82.0 41.0 1764.4452729008551 44.11113182252137 39.0 39.0 120.0 0.0 NaN
244.00488558979578 0.0 1.0 82.0 41.0 1769.4452729008551 44.23613182252137 39.0 39.0 120.0 0.0 NaN
245.00379750501364 0.0 1.0 83.0 41.5 1773.4452729008551 44.336131822521374 39.0 39.0 120.0 0.0 NaN
246.00488558979578 0.0 1.0 83.0 41.5 1778.4452729008551 44.461131822521374 39.0 39.0 120.0 0.0 NaN
247.00379750501364 0.0 1.0 84.0 42.0 1782.4452729008551 44.561131822521375 39.0 39.0 120.0 0.0 NaN
248.00488558979578 0.0 1.0 84.0 42.0 1787.4452729008551 44.686131822521375 39.0 39.0 120.0 0.0 NaN
249.00379750501364 0.0 1.0 85.0 42.5 1791.4452729008551 44.78613182252138 39.0 39.0 120.0 0.0 NaN
250.00488558979578 0.0 1.0 85.0 42.5 1796.4452729008551 44.91113182252138 39.0 39.0 120.0 0.0 NaN
251.00379750501364 0.0 1.0 86.0 43.0 1800.4452729008551 45.01113182252138 39.0 39.0 120.0 0.0 NaN
252.00488558979578 0.0 1.0 86.0 43.0 1805.4452729008551 45.13613182252137 39.0 39.0 120.0 0.0 NaN
253.00379750501364 0.0 1.0 87.0 43.5 1809.4452729008551 45.23613182252137 39.0 39.0 120.0 0.0 NaN
254.00488558979578 0.0 1.0 87.0 43.5 1814.4452729008551 45.36113182252137 39.0 39.0 120.0 0.0 NaN
255.00379750501364 0.0 1.0 88.0 44.0 1818.4452729008551 45.461131822521374 39.0 39.0 120.0 0.0 NaN
256.0048855897958 0.0 1.0 88.0 44.0 1823.4452729008551 45.586131822521374 39.0 39.0 120.0 0.0 NaN
257.0037975050136 0.0 1.0 89.0 44.5 1827.4452729008551 45.686131822521375 39.0 39.0 120.0 0.0 NaN
258.0048855897958 0.0 1.0 89.0 44.5 1832.4452729008551 45.811131822521375 39.0 39.0 120.0 0.0 NaN
259.0037975050136 0.0 1.0 90.0 45.0 1836.4452729008551 45.91113182252138 39.0 39.0 120.0 0.0 NaN
260.0048855897958 0.0 1.0 90.0 45.0 1841.4452729008551 46.03613182252138 39.0 39.0 120.0 0.0 NaN
261.0037975050136 0.0 1.0 91.0 45.5 1845.4452729008551 46.13613182252138 39.0 39.0 120.0 0.0 NaN
262.0048855897958 0.0 1.0 91.0 45.5 1850.4452729008551 46.26113182252138 39.0 39.0 120.0 0.0 NaN
263.0037975050136 0.0 1.0 92.0 46.0 1854.4452729008551 46.36113182252137 39.0 39.0 120.0 0.0 NaN
264.0048855897958 0.0 1.0 92.0 46.0 1859.4452729008551 46.48613182252137 39.0 39.0 120.0 0.0 NaN
265.0037975050136 0.0 1.0 93.0 46.5 1863.4452729008551 46.586131822521374 39.0 39.0 120.0 0.0 NaN
266.0048855897958 0.0 1.0 93.0 46.5 1868.4452729008551 46.711131822521374 39.0 39.0 120.0 0.0 NaN
267.0037975050136 0.0 1.0 94.0 47.0 1872.4452729008551 46.811131822521375 39.0 39.0 120.0 0.0 NaN
268.0048855897958 0.0 1.0 94.0 47.0 1877.4452729008551 46.936131822521375 38.9 38.9 120.0 0.0 NaN
269.0037975050136 0.0 1.0 95.0 47.5 1881.4452729008551 47.03613182252138 38.575 38.575 120.0 0.0 NaN
270.0048855897958 0.0 1.0 95.0 47.5 1886.4452729008551 47.16113182252138 38.15 38.15 120.0 0.0 NaN
271.0037975050136 0.0 1.0 96.0 48.0 1890.4452729008551 47.26113182252138 37.85 37.85 120.0 0.0 NaN
272.0048855897958 0.0 1.0 96.0 48.0 1895.4452729008551 47.38613182252138 37.55 37.55 120.0 0.0 NaN
273.0037975050136 0.0 1.0 97.0 48.5 1899.4452729008551 47.48613182252137 37.225 37.225 120.0 0.0 NaN
274.0048855897958 0.0 1.0 97.0 48.5 1904.4452729008551 47.61113182252137 37.025 37.025 120.0 0.0 NaN
275.0037975050136 0.0 1.0 98.0 49.0 1908.4452729008551 47.711131822521374 36.7 36.7 120.0 0.0 NaN
276.0048855897958 0.0 1.0 98.0 49.0 1913.4452729008551 47.836131822521374 36.4 36.4 120.0 0.0 NaN
277.0037975050136 0.0 1.0 99.0 49.5 1917.4452729008551 47.936131822521375 36.075 36.075 120.0 0.0 NaN
278.0048855897958 0.0 1.0 99.0 49.5 1922.4452729008551 48.061131822521375 35.875 35.875 120.0 0.0 NaN
279.0037975050136 0.0 1.0 100.0 50.0 1926.4452729008551 48.16113182252138 35.425 35.425 120.0 0.0 NaN
280.0048855897958 0.0 1.0 100.0 50.0 1931.4452729008551 48.28613182252138 35.175 35.175 120.0 0.0 NaN
281.0037975050136 0.0 1.0 101.0 50.5 1935.4452729008551 48.38613182252138 34.6 34.6 120.0 0.0 NaN
282.0048855897958 0.0 1.0 101.0 50.5 1940.4452729008551 48.51113182252138 34.2 34.2 120.0 0.0 NaN
283.0037975050136 0.0 1.0 102.0 51.0 1944.4452729008551 48.61113182252137 33.775 33.775 120.0 0.0 NaN
284.0048855897958 1.0 1.0 102.0 51.0 1949.4452729008551 48.73613182252137 33.35 33.35 120.0 1.0 1.0
285.0037975050136 1.0 1.0 103.0 51.5 1953.4452729008551 48.836131822521374 33.0 33.0 120.0 1.0 1.0
286.0048855897958 1.0 1.0 103.0 51.5 1958.4452729008551 48.961131822521374 32.825 32.825 120.0 2.0 2.0
287.0037975050136 1.0 1.0 104.0 52.0 1962.4452729008556 49.061131822521375 32.475 32.475 120.0 2.0 2.0
288.0048855897958 1.0 1.0 104.0 52.0 1967.4452729008556 49.186131822521375 32.225 32.225 120.0 3.0 3.0
289.0037975050136 1.0 1.0 105.0 52.5 1971.4452729008556 49.28613182252138 31.85 31.85 120.0 3.0 3.0
290.0048855897958 1.0 1.0 105.0 52.5 1976.4452729008556 49.41113182252138 31.675 31.675 120.0 4.0 4.0
291.0037975050136 1.0 1.0 106.0 53.0 1980.4452729008556 49.51113182252138 31.225 31.225 120.0 4.0 4.0
292.0048855897958 2.0 1.0 106.0 53.0 1985.4452729008556 49.63613182252138 30.925 30.925 120.0 5.0 5.0
293.0037975050136 2.0 1.0 107.0 53.5 1989.4452729008556 49.73613182252137 30.525 30.525 120.0 5.0 5.0
294.0048855897958 2.0 1.0 107.0 53.5 1994.4452729008556 49.86113182252137 30.325 30.325 120.0 7.0 3.5
295.0037975050136 2.0 1.0 108.0 54.0 1998.4452729008556 49.961131822521374 29.925 29.925 120.0 7.0 3.5
296.0048855897958 2.0 1.0 108.0 54.0 2003.4452729008556 50.086131822521374 29.625 29.625 120.0 9.0 4.5
297.0037975050136 2.0 1.0 109.0 54.5 2006.4452729008556 50.16113182252138 29.15 29.15 120.0 9.0 4.5
298.0048855897958 2.0 1.0 109.0 54.5 2011.4452729008556 50.28613182252138 28.7 28.7 120.0 11.0 5.5
299.0037975050136 2.0 1.0 110.0 55.0 2012.4452729008556 50.311131822521375 28.425 28.425 120.0 11.0 5.5
300.0048855897958 2.0 1.0 110.0 55.0 2016.4452729008556 50.41113182252138 28.175 28.175 120.0 13.0 6.5
301.0037975050136 2.0 1.0 111.0 55.5 2017.4452729008556 50.436131822521375 27.8 27.8 120.0 13.0 6.5
302.0048855897958 2.0 1.0 111.0 55.5 2020.4452729008556 50.51113182252138 27.35 27.35 120.0 15.0 7.5
303.0037975050136 2.0 1.0 112.0 56.0 2021.4452729008556 50.53613182252138 27.15 27.15 120.0 15.0 7.5
304.0048855897958 2.0 1.0 112.0 56.0 2023.4452729008556 50.586131822521374 26.9 26.9 120.0 17.0 8.5
305.0037975050136 2.0 1.0 113.0 56.5 2024.4452729008556 50.61113182252137 26.625 26.625 120.0 17.0 8.5
306.0048855897958 2.0 1.0 113.0 56.5 2026.4452729008556 50.66113182252138 26.275 26.275 120.0 19.0 9.5
307.0037975050136 2.0 1.0 114.0 57.0 2027.4452729008556 50.686131822521375 26.0 26.0 120.0 19.0 9.5
308.0048855897958 2.0 1.0 114.0 57.0 2027.4452729008556 50.686131822521375 25.775 25.775 120.0 21.0 10.5
309.0037975050136 2.0 1.0 115.0 57.5 2028.4452729008556 50.711131822521374 25.575 25.575 120.0 21.0 10.5
310.0048855897958 3.0 1.0 115.0 57.5 2028.4452729008556 50.711131822521374 25.275 25.275 120.0 24.0 8.0
311.0037975050136 3.0 1.0 116.0 58.0 2029.4452729008556 50.73613182252137 25.125 25.125 120.0 24.0 8.0
312.0048855897958 3.0 1.0 116.0 58.0 2029.4452729008556 50.73613182252137 24.8 24.8 120.0 27.0 9.0
313.0037975050136 3.0 1.0 117.0 58.5 2030.4452729008556 50.76113182252138 24.625 24.625 120.0 27.0 9.0
314.0048855897958 3.0 1.0 117.0 58.5 2030.4452729008556 50.76113182252138 24.3 24.3 120.0 30.0 10.0
315.0037975050136 3.0 1.0 118.0 59.0 2031.4452729008556 50.78613182252138 24.1 24.1 120.0 30.0 10.0
316.0048855897958 3.0 1.0 118.0 59.0 2031.4452729008556 50.78613182252138 23.75 23.75 120.0 33.0 11.0
317.0037975050136 3.0 1.0 119.0 59.5 2032.4452729008556 50.811131822521375 23.6 23.6 120.0 33.0 11.0
318.0048855897958 3.0 1.0 119.0 59.5 2032.4452729008556 50.811131822521375 23.325 23.325 120.0 36.0 12.0
319.0037975050136 4.0 1.0 120.0 60.0 2033.4452729008556 50.836131822521374 23.15 23.15 120.0 36.0 12.0
320.0048855897958 4.0 1.0 120.0 60.0 2033.4452729008556 50.836131822521374 22.975 22.975 120.0 39.0 13.0
321.0037975050136 4.0 1.0 121.0 60.5 2034.4452729008556 50.86113182252137 22.7 22.7 120.0 40.0 10.0
322.0048855897958 4.0 1.0 121.0 60.5 2034.4452729008556 50.86113182252137 22.425 22.425 120.0 43.0 10.75
323.0037975050136 4.0 1.0 122.0 61.0 2034.4452729008556 50.86113182252137 22.125 22.125 120.0 44.0 11.0
324.0048855897958 4.0 1.0 122.0 61.0 2034.4452729008556 50.86113182252137 21.975 21.975 120.0 47.0 11.75
325.0037975050136 4.0 1.0 123.0 61.5 2034.4452729008556 50.86113182252137 21.925 21.925 120.0 48.0 12.0
326.0048855897958 4.0 1.0 123.0 61.5 2034.4452729008556 50.86113182252137 21.9 21.9 120.0 51.0 12.75
327.0037975050136 4.0 1.0 124.0 62.0 2034.4452729008556 50.86113182252137 21.9 21.9 120.0 52.0 13.0
328.0048855897958 4.0 1.0 124.0 62.0 2034.4452729008556 50.86113182252137 21.9 21.9 120.0 55.0 13.75
329.0037975050136 4.0 1.0 125.0 62.5 2034.4452729008556 50.86113182252137 21.875 21.875 120.0 56.0 14.0
330.0048855897958 4.0 1.0 125.0 62.5 2034.4452729008556 50.86113182252137 21.8 21.8 120.0 59.0 14.75
331.0037975050136 4.0 1.0 126.0 63.0 2034.4452729008556 50.86113182252137 21.75 21.75 120.0 60.0 15.0
332.0048855897958 4.0 1.0 126.0 63.0 2034.4452729008556 50.86113182252137 21.625 21.625 120.0 63.0 15.75
333.0037975050136 4.0 1.0 127.0 63.5 2034.4452729008556 50.86113182252137 21.575 21.575 120.0 64.0 16.0
334.0048855897958 4.0 1.0 127.0 63.5 2034.4452729008556 50.86113182252137 21.425 21.425 120.0 67.0 16.75
335.0037975050136 4.0 1.0 128.0 64.0 2034.4452729008556 50.86113182252137 21.35 21.35 120.0 68.0 17.0
336.0048855897958 4.0 1.0 128.0 64.0 2034.4452729008556 50.86113182252137 21.3 21.3 120.0 71.0 17.75
337.0037975050136 4.0 1.0 129.0 64.5 2034.4452729008556 50.86113182252137 21.25 21.25 120.0 72.0 18.0
338.0048855897958 4.0 1.0 129.0 64.5 2034.4452729008556 50.86113182252137 21.225 21.225 120.0 75.0 18.75
339.0037975050136 4.0 1.0 130.0 65.0 2034.4452729008556 50.86113182252137 21.15 21.15 120.0 76.0 19.0
340.0048855897958 4.0 1.0 130.0 65.0 2034.4452729008556 50.86113182252137 21.1 21.1 120.0 79.0 19.75
341.0037975050136 4.0 1.0 131.0 65.5 2034.4452729008556 50.86113182252137 21.05 21.05 120.0 80.0 20.0
342.0048855897958 4.0 1.0 131.0 65.5 2034.4452729008556 50.86113182252137 20.95 20.95 120.0 83.0 20.75
343.0037975050136 4.0 1.0 132.0 66.0 2034.4452729008556 50.86113182252137 20.875 20.875 120.0 84.0 21.0
344.0048855897958 4.0 1.0 132.0 66.0 2034.4452729008556 50.86113182252137 20.8 20.8 120.0 87.0 21.75
345.0037975050136 4.0 1.0 133.0 66.5 2034.4452729008556 50.86113182252137 20.725 20.725 120.0 88.0 22.0
346.0048855897958 4.0 1.0 133.0 66.5 2034.4452729008556 50.86113182252137 20.625 20.625 120.0 91.0 22.75
347.0037975050136 4.0 1.0 134.0 67.0 2034.4452729008556 50.86113182252137 20.475 20.475 120.0 92.0 23.0
348.0048855897958 4.0 1.0 134.0 67.0 2034.4452729008556 50.86113182252137 20.35 20.35 120.0 95.0 23.75
349.0037975050136 4.0 1.0 135.0 67.5 2034.4452729008556 50.86113182252137 20.175 20.175 120.0 96.0 24.0
350.0048855897958 4.0 1.0 135.0 67.5 2034.4452729008556 50.86113182252137 20.05 20.05 120.0 99.0 24.75
351.0037975050136 4.0 1.0 136.0 68.0 2034.4452729008556 50.86113182252137 19.775 19.775 120.0 100.0 25.0
352.0048855897958 4.0 1.0 136.0 68.0 2034.4452729008556 50.86113182252137 19.65 19.65 120.0 103.0 25.75
353.0037975050136 4.0 1.0 137.0 68.5 2034.4452729008556 50.86113182252137 19.475 19.475 120.0 104.0 26.0
354.0048855897958 4.0 1.0 137.0 68.5 2034.4452729008556 50.86113182252137 19.4 19.4 120.0 107.0 26.75
355.0037975050136 4.0 1.0 138.0 69.0 2034.4452729008556 50.86113182252137 19.1 19.1 120.0 108.0 27.0
356.0048855897958 4.0 1.0 138.0 69.0 2034.4452729008556 50.86113182252137 18.9 18.9 120.0 111.0 27.75
357.0037975050136 4.0 1.0 139.0 69.5 2034.4452729008556 50.86113182252137 18.65 18.65 120.0 112.0 28.0
358.0048855897958 4.0 1.0 139.0 69.5 2034.4452729008556 50.86113182252137 18.525 18.525 120.0 115.0 28.75
359.0037975050136 4.0 1.0 140.0 70.0 2034.4452729008556 50.86113182252137 18.4 18.4 120.0 116.0 29.0
360.0048855897958 4.0 1.0 140.0 70.0 2034.4452729008556 50.86113182252137 18.125 18.125 120.0 119.0 29.75
361.0037975050136 4.0 1.0 141.0 70.5 2034.4452729008556 50.86113182252137 17.925 17.925 120.0 120.0 30.0
362.0048855897958 4.0 1.0 141.0 70.5 2035.4452729008556 50.88613182252138 17.8 17.8 120.0 123.0 30.75
363.0037975050136 4.0 1.0 142.0 71.0 2035.4452729008556 50.88613182252138 17.725 17.725 120.0 124.0 31.0
364.0048855897958 4.0 1.0 142.0 71.0 2036.4452729008556 50.91113182252138 17.7 17.7 120.0 127.0 31.75
365.0037975050136 4.0 1.0 143.0 71.5 2036.4452729008556 50.91113182252138 17.7 17.7 120.0 128.0 32.0
366.0048855897958 4.0 1.0 143.0 71.5 2038.4452729008556 50.961131822521374 17.7 17.7 120.0 131.0 32.75
367.0037975050136 4.0 1.0 144.0 72.0 2038.4452729008556 50.961131822521374 17.7 17.7 120.0 132.0 33.0
368.0048855897958 4.0 1.0 144.0 72.0 2040.4452729008556 51.01113182252138 17.7 17.7 120.0 135.0 33.75
369.0037975050136 4.0 1.0 145.0 72.5 2040.4452729008556 51.01113182252138 17.7 17.7 120.0 136.0 34.0
370.0048855897958 4.0 1.0 145.0 72.5 2042.4452729008556 51.061131822521375 17.7 17.7 120.0 139.0 34.75
371.0037975050136 4.0 1.0 146.0 73.0 2042.4452729008556 51.061131822521375 17.7 17.7 120.0 140.0 35.0
372.0048855897958 4.0 1.0 146.0 73.0 2044.4452729008556 51.11113182252137 17.7 17.7 120.0 143.0 35.75
373.0037975050136 4.0 1.0 147.0 73.5 2044.4452729008556 51.11113182252137 17.7 17.7 120.0 144.0 36.0
374.0048855897958 4.0 1.0 147.0 73.5 2046.4452729008556 51.16113182252138 17.7 17.7 120.0 147.0 36.75
375.0037975050136 4.0 1.0 148.0 74.0 2046.4452729008556 51.16113182252138 17.7 17.7 120.0 148.0 37.0
376.0048855897958 4.0 1.0 148.0 74.0 2048.4452729008553 51.211131822521374 17.7 17.7 120.0 151.0 37.75
377.0037975050136 4.0 1.0 149.0 74.5 2048.4452729008553 51.211131822521374 17.7 17.7 120.0 152.0 38.0
378.0048855897958 4.0 1.0 149.0 74.5 2050.4452729008553 51.26113182252138 17.7 17.7 120.0 155.0 38.75
379.0037975050136 4.0 1.0 150.0 75.0 2050.4452729008553 51.26113182252138 17.7 17.7 120.0 156.0 39.0
380.0048855897958 4.0 1.0 150.0 75.0 2052.4452729008553 51.311131822521375 17.7 17.7 120.0 159.0 39.75
381.0037975050136 4.0 1.0 151.0 75.5 2052.4452729008553 51.311131822521375 17.7 17.7 120.0 160.0 40.0
382.0048855897958 4.0 1.0 151.0 75.5 2054.4452729008553 51.36113182252137 17.7 17.7 120.0 163.0 40.75
383.0037975050136 4.0 1.0 152.0 76.0 2054.4452729008553 51.36113182252137 17.7 17.7 120.0 164.0 41.0
384.0048855897958 4.0 1.0 152.0 76.0 2056.4452729008553 51.41113182252138 17.7 17.7 120.0 167.0 41.75
385.0037975050136 4.0 1.0 153.0 76.5 2056.4452729008553 51.41113182252138 17.7 17.7 120.0 168.0 42.0
386.0048855897958 4.0 1.0 153.0 76.5 2058.4452729008553 51.461131822521374 17.7 17.7 120.0 171.0 42.75
387.0037975050136 4.0 1.0 154.0 77.0 2058.4452729008553 51.461131822521374 17.7 17.7 120.0 172.0 43.0
388.0048855897958 4.0 1.0 154.0 77.0 2060.4452729008553 51.51113182252138 17.7 17.7 120.0 175.0 43.75
389.0037975050136 4.0 1.0 155.0 77.5 2060.4452729008553 51.51113182252138 17.7 17.7 120.0 176.0 44.0
390.0048855897958 4.0 1.0 155.0 77.5 2062.4452729008553 51.561131822521375 17.7 17.7 120.0 179.0 44.75
391.0037975050136 4.0 1.0 156.0 78.0 2062.4452729008553 51.561131822521375 17.7 17.7 120.0 180.0 45.0
392.0048855897958 4.0 1.0 156.0 78.0 2064.4452729008553 51.61113182252137 17.7 17.7 120.0 183.0 45.75
393.0037975050136 4.0 1.0 157.0 78.5 2064.4452729008553 51.61113182252137 17.7 17.7 120.0 184.0 46.0
394.0048855897958 4.0 1.0 157.0 78.5 2066.4452729008553 51.66113182252138 17.7 17.7 120.0 187.0 46.75
395.0037975050136 4.0 1.0 158.0 79.0 2066.4452729008553 51.66113182252138 17.7 17.7 120.0 188.0 47.0
396.0048855897958 4.0 1.0 158.0 79.0 2068.4452729008553 51.711131822521374 17.7 17.7 120.0 191.0 47.75
397.0037975050136 4.0 1.0 159.0 79.5 2068.4452729008553 51.711131822521374 17.7 17.7 120.0 192.0 48.0
398.0048855897958 4.0 1.0 159.0 79.5 2070.4452729008553 51.76113182252138 17.7 17.7 120.0 195.0 48.75
399.0037975050136 4.0 1.0 160.0 80.0 2070.4452729008553 51.76113182252138 17.7 17.7 120.0 196.0 49.0
400.0 4.0 1.0 160.0 80.0 2072.4452729008553 51.811131822521375 17.675 17.675 120.0 199.0 49.75
401.0037975050136 4.0 1.0 161.0 80.5 2072.4452729008553 51.811131822521375 17.65 17.65 120.0 200.0 50.0
402.0048855897958 4.0 1.0 161.0 80.5 2074.4452729008553 51.86113182252137 17.65 17.65 120.0 203.0 50.75
403.0037975050136 4.0 1.0 162.0 81.0 2074.4452729008553 51.86113182252137 17.65 17.65 120.0 204.0 51.0
404.0048855897958 4.0 1.0 162.0 81.0 2076.4452729008553 51.91113182252137 17.65 17.65 120.0 207.0 51.75
405.0037975050136 4.0 1.0 163.0 81.5 2076.4452729008553 51.91113182252137 17.65 17.65 120.0 208.0 52.0
406.0048855897958 4.0 1.0 163.0 81.5 2078.4452729008553 51.961131822521374 17.65 17.65 120.0 211.0 52.75
407.0037975050136 4.0 1.0 164.0 82.0 2078.4452729008553 51.961131822521374 17.65 17.65 120.0 212.0 53.0
408.0048855897958 4.0 1.0 164.0 82.0 2080.4452729008553 52.01113182252138 17.65 17.65 120.0 215.0 53.75
409.0037975050136 4.0 1.0 165.0 82.5 2080.4452729008553 52.01113182252138 17.65 17.65 120.0 216.0 54.0
410.0048855897958 4.0 1.0 165.0 82.5 2082.4452729008553 52.061131822521375 17.65 17.65 120.0 219.0 54.75
411.0037975050136 4.0 1.0 166.0 83.0 2082.4452729008553 52.061131822521375 17.65 17.65 120.0 220.0 55.0
412.0048855897958 4.0 1.0 166.0 83.0 2084.4452729008553 52.11113182252137 17.65 17.65 120.0 223.0 55.75
413.0037975050136 4.0 1.0 167.0 83.5 2084.4452729008553 52.11113182252137 17.65 17.65 120.0 224.0 56.0
414.0048855897958 4.0 1.0 167.0 83.5 2086.4452729008553 52.16113182252137 17.65 17.65 120.0 227.0 56.75
415.0037975050136 4.0 1.0 168.0 84.0 2086.4452729008553 52.16113182252137 17.65 17.65 120.0 228.0 57.0
416.0048855897958 4.0 1.0 168.0 84.0 2088.4452729008553 52.211131822521374 17.65 17.65 120.0 231.0 57.75
417.0037975050136 4.0 1.0 169.0 84.5 2088.4452729008553 52.211131822521374 17.65 17.65 120.0 232.0 58.0
418.0048855897958 4.0 1.0 169.0 84.5 2090.445272900856 52.26113182252138 17.65 17.65 120.0 235.0 58.75
419.0037975050136 4.0 1.0 170.0 85.0 2090.445272900856 52.26113182252138 17.65 17.65 120.0 236.0 59.0
420.0048855897958 4.0 1.0 170.0 85.0 2092.445272900856 52.311131822521375 17.65 17.65 120.0 239.0 59.75
421.0037975050136 4.0 1.0 171.0 85.5 2092.445272900856 52.311131822521375 17.65 17.65 120.0 240.0 60.0
422.0048855897958 4.0 1.0 171.0 85.5 2094.445272900856 52.36113182252137 17.65 17.65 120.0 243.0 60.75
423.0037975050136 4.0 1.0 172.0 86.0 2094.445272900856 52.36113182252137 17.65 17.65 120.0 244.0 61.0
424.0048855897958 4.0 1.0 172.0 86.0 2096.445272900856 52.41113182252137 17.625 17.625 120.0 247.0 61.75
425.0037975050136 4.0 1.0 173.0 86.5 2096.445272900856 52.41113182252137 17.6 17.6 120.0 248.0 62.0
426.0048855897958 4.0 1.0 173.0 86.5 2096.445272900856 52.41113182252137 17.6 17.6 120.0 251.0 62.75
427.0037975050136 4.0 1.0 174.0 87.0 2096.445272900856 52.41113182252137 17.6 17.6 120.0 252.0 63.0
428.0048855897958 4.0 1.0 174.0 87.0 2096.445272900856 52.41113182252137 17.6 17.6 120.0 255.0 63.75
429.0037975050136 4.0 1.0 175.0 87.5 2096.445272900856 52.41113182252137 17.6 17.6 120.0 256.0 64.0
430.0048855897958 4.0 1.0 175.0 87.5 2096.445272900856 52.41113182252137 17.6 17.6 120.0 259.0 64.75
431.0037975050136 4.0 1.0 176.0 88.0 2096.445272900856 52.41113182252137 17.6 17.6 120.0 260.0 65.0
432.0048855897958 4.0 1.0 176.0 88.0 2096.445272900856 52.41113182252137 17.6 17.6 120.0 263.0 65.75
433.0037975050136 4.0 1.0 177.0 88.5 2096.445272900856 52.41113182252137 17.6 17.6 120.0 264.0 66.0
434.0048855897958 4.0 1.0 177.0 88.5 2096.445272900856 52.41113182252137 17.6 17.6 120.0 267.0 66.75
435.0037975050136 4.0 1.0 178.0 89.0 2096.445272900856 52.41113182252137 17.6 17.6 120.0 268.0 67.0
436.0048855897958 4.0 1.0 178.0 89.0 2096.445272900856 52.41113182252137 17.6 17.6 120.0 271.0 67.75
437.0037975050136 4.0 1.0 179.0 89.5 2096.445272900856 52.41113182252137 17.6 17.6 120.0 272.0 68.0
438.0048855897958 4.0 1.0 179.0 89.5 2096.445272900856 52.41113182252137 17.6 17.6 120.0 275.0 68.75
439.0037975050136 4.0 1.0 180.0 90.0 2096.445272900856 52.41113182252137 17.6 17.6 120.0 276.0 69.0
440.0048855897958 4.0 1.0 180.0 90.0 2096.445272900856 52.41113182252137 17.6 17.6 120.0 279.0 69.75
441.0037975050136 4.0 1.0 181.0 90.5 2096.445272900856 52.41113182252137 17.6 17.6 120.0 280.0 70.0
442.0048855897958 4.0 1.0 181.0 90.5 2096.445272900856 52.41113182252137 17.6 17.6 120.0 283.0 70.75
443.0037975050136 4.0 1.0 182.0 91.0 2096.445272900856 52.41113182252137 17.6 17.6 120.0 284.0 71.0
444.0048855897958 4.0 1.0 182.0 91.0 2096.445272900856 52.41113182252137 17.6 17.6 120.0 287.0 71.75
445.0037975050136 4.0 1.0 183.0 91.5 2096.445272900856 52.41113182252137 17.6 17.6 120.0 288.0 72.0
446.0048855897958 4.0 1.0 183.0 91.5 2096.445272900856 52.41113182252137 17.6 17.6 120.0 291.0 72.75
447.0037975050136 4.0 1.0 184.0 92.0 2096.445272900856 52.41113182252137 17.6 17.6 120.0 292.0 73.0
448.0048855897958 4.0 1.0 184.0 92.0 2096.445272900856 52.41113182252137 17.6 17.6 120.0 295.0 73.75
449.0037975050136 4.0 1.0 185.0 92.5 2096.445272900856 52.41113182252137 17.6 17.6 120.0 296.0 74.0
450.0048855897958 4.0 1.0 185.0 92.5 2096.445272900856 52.41113182252137 17.6 17.6 120.0 299.0 74.75
451.0037975050136 4.0 1.0 186.0 93.0 2096.445272900856 52.41113182252137 17.6 17.6 120.0 300.0 75.0
452.0048855897958 4.0 1.0 186.0 93.0 2096.445272900856 52.41113182252137 17.6 17.6 120.0 303.0 75.75
453.0037975050136 4.0 1.0 187.0 93.5 2096.445272900856 52.41113182252137 17.6 17.6 120.0 304.0 76.0
454.0048855897958 4.0 1.0 187.0 93.5 2096.445272900856 52.41113182252137 17.6 17.6 120.0 307.0 76.75
455.0037975050136 4.0 1.0 188.0 94.0 2096.445272900856 52.41113182252137 17.6 17.6 120.0 308.0 77.0
456.0048855897958 4.0 1.0 188.0 94.0 2096.445272900856 52.41113182252137 17.6 17.6 120.0 311.0 77.75
457.0037975050136 4.0 1.0 189.0 94.5 2096.445272900856 52.41113182252137 17.6 17.6 120.0 312.0 78.0
458.0048855897958 4.0 1.0 189.0 94.5 2096.445272900856 52.41113182252137 17.6 17.6 120.0 315.0 78.75
459.0037975050136 4.0 1.0 190.0 95.0 2096.445272900856 52.41113182252137 17.6 17.6 120.0 316.0 79.0
460.0048855897958 4.0 1.0 190.0 95.0 2096.445272900856 52.41113182252137 17.6 17.6 120.0 319.0 79.75
461.0037975050136 4.0 1.0 191.0 95.5 2096.445272900856 52.41113182252137 17.6 17.6 120.0 320.0 80.0
462.0048855897958 4.0 1.0 191.0 95.5 2096.445272900856 52.41113182252137 17.6 17.6 120.0 323.0 80.75
463.0037975050136 4.0 1.0 192.0 96.0 2096.445272900856 52.41113182252137 17.6 17.6 120.0 324.0 81.0
464.0048855897958 4.0 1.0 192.0 96.0 2096.445272900856 52.41113182252137 17.6 17.6 120.0 327.0 81.75
465.0037975050136 4.0 1.0 193.0 96.5 2096.445272900856 52.41113182252137 17.6 17.6 120.0 328.0 82.0
466.0048855897958 4.0 1.0 193.0 96.5 2096.445272900856 52.41113182252137 17.6 17.6 120.0 331.0 82.75
467.0037975050136 4.0 1.0 194.0 97.0 2096.445272900856 52.41113182252137 17.6 17.6 120.0 332.0 83.0
468.0048855897958 4.0 1.0 194.0 97.0 2096.445272900856 52.41113182252137 17.6 17.6 120.0 335.0 83.75
469.0037975050136 4.0 1.0 195.0 97.5 2096.445272900856 52.41113182252137 17.6 17.6 120.0 336.0 84.0
470.0048855897958 4.0 1.0 195.0 97.5 2096.445272900856 52.41113182252137 17.6 17.6 120.0 339.0 84.75
471.0037975050136 4.0 1.0 196.0 98.0 2096.445272900856 52.41113182252137 17.6 17.6 120.0 340.0 85.0
472.0048855897958 4.0 1.0 196.0 98.0 2096.445272900856 52.41113182252137 17.6 17.6 120.0 343.0 85.75
473.0037975050136 4.0 1.0 197.0 98.5 2096.445272900856 52.41113182252137 17.6 17.6 120.0 344.0 86.0
474.0048855897958 4.0 1.0 197.0 98.5 2096.445272900856 52.41113182252137 17.6 17.6 120.0 347.0 86.75
475.0037975050136 4.0 1.0 198.0 99.0 2096.445272900856 52.41113182252137 17.6 17.6 120.0 348.0 87.0
476.0048855897958 4.0 1.0 198.0 99.0 2096.445272900856 52.41113182252137 17.6 17.6 120.0 351.0 87.75
477.0037975050136 4.0 1.0 199.0 99.5 2096.445272900856 52.41113182252137 17.6 17.6 120.0 352.0 88.0
478.0048855897958 4.0 1.0 199.0 99.5 2096.445272900856 52.41113182252137 17.6 17.6 120.0 355.0 88.75
479.0037975050136 4.0 1.0 200.0 100.0 2096.445272900856 52.41113182252137 17.6 17.6 120.0 356.0 89.0
480.0048855897958 4.0 1.0 200.0 100.0 2096.445272900856 52.41113182252137 17.6 17.6 120.0 359.0 89.75
481.0037975050136 4.0 1.0 201.0 100.5 2096.445272900856 52.41113182252137 17.6 17.6 120.0 360.0 90.0
482.0048855897958 4.0 1.0 201.0 100.5 2096.445272900856 52.41113182252137 17.6 17.6 120.0 363.0 90.75
483.0037975050136 4.0 1.0 202.0 101.0 2096.445272900856 52.41113182252137 17.6 17.6 120.0 364.0 91.0
484.0048855897958 4.0 1.0 202.0 101.0 2096.445272900856 52.41113182252137 17.6 17.6 120.0 367.0 91.75
485.0037975050136 4.0 1.0 203.0 101.5 2096.445272900856 52.41113182252137 17.6 17.6 120.0 368.0 92.0
486.0048855897958 4.0 1.0 203.0 101.5 2096.445272900856 52.41113182252137 17.6 17.6 120.0 371.0 92.75
487.0037975050136 4.0 1.0 204.0 102.0 2096.445272900856 52.41113182252137 17.6 17.6 120.0 372.0 93.0
488.0048855897958 4.0 1.0 204.0 102.0 2096.445272900856 52.41113182252137 17.6 17.6 120.0 375.0 93.75
489.0037975050136 4.0 1.0 205.0 102.5 2096.445272900856 52.41113182252137 17.6 17.6 120.0 376.0 94.0
490.0048855897958 4.0 1.0 205.0 102.5 2096.445272900856 52.41113182252137 17.6 17.6 120.0 379.0 94.75
491.0037975050136 4.0 1.0 206.0 103.0 2096.445272900856 52.41113182252137 17.6 17.6 120.0 380.0 95.0
492.0048855897958 4.0 1.0 206.0 103.0 2096.445272900856 52.41113182252137 17.6 17.6 120.0 383.0 95.75
493.0037975050136 4.0 1.0 207.0 103.5 2096.445272900856 52.41113182252137 17.6 17.6 120.0 384.0 96.0
494.0048855897958 4.0 1.0 207.0 103.5 2096.445272900856 52.41113182252137 17.6 17.6 120.0 387.0 96.75
495.0037975050136 4.0 1.0 208.0 104.0 2096.445272900856 52.41113182252137 17.6 17.6 120.0 388.0 97.0
496.0048855897958 4.0 1.0 208.0 104.0 2096.445272900856 52.41113182252137 17.6 17.6 120.0 391.0 97.75
497.0037975050136 4.0 1.0 209.0 104.5 2096.445272900856 52.41113182252137 17.6 17.6 120.0 392.0 98.0
498.0048855897958 4.0 1.0 209.0 104.5 2096.445272900856 52.41113182252137 17.6 17.6 120.0 395.0 98.75
499.0037975050136 4.0 1.0 210.0 105.0 2096.445272900856 52.41113182252137 17.6 17.6 120.0 396.0 99.0
500.0048855897958 4.0 1.0 210.0 105.0 2096.445272900856 52.41113182252137 17.6 17.6 120.0 399.0 99.75
501.0037975050136 4.0 1.0 211.0 105.5 2096.445272900856 52.41113182252137 17.6 17.6 120.0 400.0 100.0
502.0048855897958 4.0 1.0 211.0 105.5 2096.445272900856 52.41113182252137 17.6 17.6 120.0 403.0 100.75
503.0037975050136 4.0 1.0 212.0 106.0 2096.445272900856 52.41113182252137 17.6 17.6 120.0 404.0 101.0
504.0048855897958 4.0 1.0 212.0 106.0 2096.445272900856 52.41113182252137 17.6 17.6 120.0 407.0 101.75
505.0037975050136 4.0 1.0 213.0 106.5 2096.445272900856 52.41113182252137 17.6 17.6 120.0 408.0 102.0
506.0048855897958 4.0 1.0 213.0 106.5 2096.445272900856 52.41113182252137 17.6 17.6 120.0 411.0 102.75
507.0037975050136 4.0 1.0 214.0 107.0 2096.445272900856 52.41113182252137 17.6 17.6 120.0 412.0 103.0
508.0048855897958 4.0 1.0 214.0 107.0 2096.445272900856 52.41113182252137 17.6 17.6 120.0 415.0 103.75
509.0037975050136 4.0 1.0 215.0 107.5 2096.445272900856 52.41113182252137 17.6 17.6 120.0 416.0 104.0
510.0048855897958 4.0 1.0 215.0 107.5 2096.445272900856 52.41113182252137 17.6 17.6 120.0 419.0 104.75
511.0037975050136 4.0 1.0 216.0 108.0 2096.445272900856 52.41113182252137 17.6 17.6 120.0 420.0 105.0
512.0048855897958 4.0 1.0 216.0 108.0 2096.445272900856 52.41113182252137 17.6 17.6 120.0 423.0 105.75
513.0037975050136 4.0 1.0 217.0 108.5 2096.445272900856 52.41113182252137 17.6 17.6 120.0 424.0 106.0
514.0048855897958 4.0 1.0 217.0 108.5 2096.445272900856 52.41113182252137 17.6 17.6 120.0 427.0 106.75
515.0037975050136 4.0 1.0 218.0 109.0 2096.445272900856 52.41113182252137 17.6 17.6 120.0 428.0 107.0
516.0048855897958 4.0 1.0 218.0 109.0 2096.445272900856 52.41113182252137 17.6 17.6 120.0 431.0 107.75
517.0037975050136 4.0 1.0 219.0 109.5 2096.445272900856 52.41113182252137 17.6 17.6 120.0 432.0 108.0
518.0048855897958 4.0 1.0 219.0 109.5 2096.445272900856 52.41113182252137 17.6 17.6 120.0 435.0 108.75
519.0037975050136 4.0 1.0 220.0 110.0 2096.445272900856 52.41113182252137 17.6 17.6 120.0 436.0 109.0
520.0048855897958 4.0 1.0 220.0 110.0 2096.445272900856 52.41113182252137 17.6 17.6 120.0 439.0 109.75
521.0037975050136 4.0 0.0 220.0 110.0 2096.445272900856 52.41113182252137 17.6 17.6 120.0 440.0 110.0
522.0048855897958 4.0 0.0 220.0 110.0 2096.445272900856 52.41113182252137 17.6 17.6 120.0 443.0 110.75
523.0037975050136 4.0 0.0 220.0 110.0 2104.445272900856 52.61113182252137 17.6 17.6 123.0 444.0 111.0
524.0048855897958 4.0 0.0 220.0 110.0 2114.445854910312 52.86114637275779 17.575 17.575 129.0 444.0 111.0
525.0037975050136 4.0 0.0 220.0 110.0 2129.4461399646248 53.23615349911562 17.575 17.575 131.0 444.0 111.0
526.0048855897958 4.0 0.0 220.0 110.0 2142.4461399646248 53.561153499115626 17.55 17.55 131.0 444.0 111.0
527.0037975050136 4.0 0.0 220.0 110.0 2158.4461399646248 53.961153499115625 17.55 17.55 131.0 444.0 111.0
528.0048855897958 4.0 0.0 220.0 110.0 2171.4461399646248 54.28615349911563 17.55 17.55 131.0 444.0 111.0
529.0037975050136 4.0 0.0 220.0 110.0 2187.4461399646248 54.686153499115626 17.55 17.55 131.0 444.0 111.0
530.0048855897958 4.0 0.0 220.0 110.0 2200.4461399646248 55.01115349911563 17.525 17.525 131.0 444.0 111.0
531.0037975050136 4.0 0.0 220.0 110.0 2216.4461399646248 55.41115349911563 17.525 17.525 131.0 444.0 111.0
532.0048855897958 4.0 0.0 220.0 110.0 2229.4461399646248 55.73615349911562 17.5 17.5 131.0 444.0 111.0
533.0037975050136 4.0 0.0 220.0 110.0 2245.4461399646248 56.13615349911563 17.5 17.5 131.0 444.0 111.0
534.0048855897958 4.0 0.0 220.0 110.0 2258.4461399646248 56.461153499115625 17.5 17.5 131.0 444.0 111.0
535.0037975050136 4.0 0.0 220.0 110.0 2274.4461399646248 56.86115349911562 17.5 17.5 131.0 444.0 111.0
536.0048855897958 4.0 0.0 220.0 110.0 2287.4461399646248 57.186153499115626 17.525 17.525 131.0 444.0 111.0
537.0037975050136 4.0 0.0 220.0 110.0 2303.4461399646248 57.586153499115625 17.55 17.55 131.0 444.0 111.0
538.0048855897958 4.0 0.0 220.0 110.0 2316.4461399646248 57.91115349911563 17.55 17.55 131.0 444.0 111.0
539.0037975050136 4.0 0.0 220.0 110.0 2332.4461399646248 58.311153499115626 17.55 17.55 131.0 444.0 111.0
540.0048855897958 4.0 0.0 220.0 110.0 2345.4461399646248 58.63615349911562 17.55 17.55 131.0 444.0 111.0
541.0037975050136 4.0 0.0 220.0 110.0 2361.4461399646248 59.03615349911563 17.55 17.55 131.0 444.0 111.0
542.0048855897958 4.0 0.0 220.0 110.0 2374.4461399646248 59.36115349911562 17.55 17.55 131.0 444.0 111.0
543.0037975050136 4.0 0.0 220.0 110.0 2390.4461399646248 59.76115349911563 17.55 17.55 131.0 444.0 111.0
544.0048855897958 4.0 0.0 220.0 110.0 2403.446139964625 60.086153499115625 17.55 17.55 131.0 444.0 111.0
545.0037975050136 4.0 0.0 220.0 110.0 2419.446139964625 60.48615349911562 17.55 17.55 131.0 444.0 111.0
546.0048855897958 4.0 0.0 220.0 110.0 2432.446139964625 60.811153499115626 17.55 17.55 131.0 444.0 111.0
547.0037975050136 4.0 0.0 220.0 110.0 2448.446139964625 61.211153499115625 17.55 17.55 131.0 444.0 111.0
548.0048855897958 4.0 0.0 220.0 110.0 2461.446139964625 61.53615349911563 17.55 17.55 131.0 444.0 111.0
549.0037975050136 4.0 0.0 220.0 110.0 2477.446139964625 61.936153499115626 17.55 17.55 131.0 444.0 111.0
550.0048855897958 4.0 0.0 220.0 110.0 2490.446139964625 62.26115349911563 17.55 17.55 131.0 444.0 111.0
551.0037975050136 4.0 0.0 220.0 110.0 2506.446139964625 62.66115349911563 17.55 17.55 131.0 444.0 111.0
552.0048855897958 4.0 0.0 220.0 110.0 2519.446139964625 62.98615349911562 17.55 17.55 131.0 444.0 111.0
553.0037975050136 4.0 0.0 220.0 110.0 2535.446139964625 63.38615349911563 17.55 17.55 131.0 444.0 111.0
554.0048855897958 4.0 0.0 220.0 110.0 2548.446139964625 63.711153499115625 17.55 17.55 131.0 444.0 111.0
555.0037975050136 4.0 0.0 220.0 110.0 2564.446139964625 64.11115349911563 17.55 17.55 131.0 444.0 111.0
556.0048855897958 4.0 0.0 220.0 110.0 2577.446139964625 64.43615349911563 17.55 17.55 131.0 444.0 111.0
557.0037975050136 4.0 0.0 220.0 110.0 2593.446139964625 64.83615349911562 17.55 17.55 131.0 444.0 111.0
558.0048855897958 4.0 0.0 220.0 110.0 2606.446139964625 65.16115349911563 17.55 17.55 131.0 444.0 111.0
559.0037975050136 4.0 0.0 220.0 110.0 2622.446139964625 65.56115349911563 17.55 17.55 131.0 444.0 111.0
560.0048855897958 4.0 0.0 220.0 110.0 2635.446139964625 65.88615349911562 17.55 17.55 131.0 444.0 111.0
561.0037975050136 4.0 0.0 220.0 110.0 2651.4461399646257 66.28615349911563 17.55 17.55 131.0 444.0 111.0
562.0048855897958 4.0 0.0 220.0 110.0 2664.4461399646257 66.61115349911563 17.55 17.55 131.0 444.0 111.0
563.0037975050136 4.0 0.0 220.0 110.0 2680.446139964625 67.01115349911562 17.55 17.55 131.0 444.0 111.0
564.0048855897958 4.0 0.0 220.0 110.0 2693.446139964625 67.33615349911562 17.55 17.55 131.0 444.0 111.0
565.0037975050136 4.0 0.0 220.0 110.0 2708.9734266348432 67.72433566587107 17.55 17.55 131.0 444.0 111.0
566.0048855897958 4.0 0.0 220.0 110.0 2721.9734266348432 68.04933566587106 17.55 17.55 131.0 444.0 111.0
567.0037975050136 4.0 0.0 220.0 110.0 2736.9735536632916 68.42433884158228 17.55 17.55 131.0 444.0 111.0
568.0048855897958 4.0 0.0 220.0 110.0 2749.9735536632916 68.74933884158229 17.55 17.55 131.0 444.0 111.0
569.0037975050136 4.0 0.0 220.0 110.0 2764.9736734555036 69.12434183638759 17.55 17.55 131.0 444.0 111.0
570.0048855897958 4.0 0.0 220.0 110.0 2777.9736734555036 69.44934183638757 17.55 17.55 131.0 444.0 111.0
571.0037975050136 4.0 0.0 220.0 110.0 2792.9739143212937 69.82434785803233 17.55 17.55 131.0 444.0 111.0
572.0048855897958 4.0 0.0 220.0 110.0 2805.9739143212937 70.14934785803233 17.55 17.55 131.0 444.0 111.0
573.0037975050136 4.0 0.0 220.0 110.0 2820.974336903879 70.52435842259695 17.55 17.55 131.0 444.0 111.0
574.0048855897958 4.0 0.0 220.0 110.0 2833.974336903879 70.84935842259695 17.55 17.55 131.0 444.0 111.0
575.0037975050136 4.0 0.0 220.0 110.0 2848.9745539636897 71.22436384909223 17.55 17.55 131.0 444.0 111.0
576.0048855897958 4.0 0.0 220.0 110.0 2861.9745539636897 71.54936384909223 17.55 17.55 131.0 444.0 111.0
577.0037975050136 4.0 0.0 220.0 110.0 2876.9747040539655 71.92436760134912 17.55 17.55 131.0 444.0 111.0
578.0048855897958 4.0 0.0 220.0 110.0 2889.9747040539655 72.24936760134912 17.55 17.55 131.0 444.0 111.0
579.0037975050136 4.0 0.0 220.0 110.0 2904.9748735193516 72.62437183798377 17.575 17.575 131.0 444.0 111.0
580.0048855897958 4.0 0.0 220.0 110.0 2917.9748735193516 72.94937183798376 17.575 17.575 131.0 444.0 111.0
581.0037975050136 4.0 0.0 220.0 110.0 2932.975116074038 73.32437790185094 17.675 17.675 131.0 444.0 111.0
582.0048855897958 4.0 1.0 221.0 73.66666666666666 2945.975116074038 73.64937790185094 17.675 17.675 131.0 444.0 111.0
583.0037975050136 4.0 1.0 221.0 73.66666666666666 2962.9753454869815 74.0743836371745 17.85 17.85 129.0 444.0 111.0
584.0048855897958 4.0 0.0 221.0 73.66666666666666 2977.9753454869815 74.4493836371745 17.85 17.85 127.0 444.0 111.0
585.0037975050136 4.0 1.0 222.0 55.5 2996.975634836832 74.92439087092077 17.975 17.975 126.0 444.0 111.0
586.0048855897958 4.0 1.0 222.0 55.5 3012.975634836832 75.32439087092077 18.075 18.075 126.0 444.0 111.0
587.0037975050136 4.0 0.0 222.0 55.5 3030.9757783423665 75.77439445855914 18.15 18.15 126.0 444.0 111.0
588.0048855897958 4.0 0.0 222.0 55.5 3043.9757783423665 76.09939445855913 18.2 18.2 126.0 444.0 111.0
589.0037975050136 4.0 0.0 222.0 55.5 3061.975914437412 76.54939786093527 18.2 18.2 125.0 444.0 111.0
590.0048855897958 4.0 0.0 222.0 55.5 3077.975914437412 76.94939786093528 18.2 18.2 124.0 444.0 111.0
591.0037975050136 4.0 0.0 222.0 55.5 3096.9760564356784 77.42440141089193 18.275 18.275 124.0 444.0 111.0
592.0048855897958 4.0 0.0 222.0 55.5 3112.9760564356784 77.82440141089194 18.3 18.3 124.0 444.0 111.0
593.0037975050136 4.0 0.0 222.0 55.5 3131.9761607730115 78.29940401932528 18.45 18.45 124.0 444.0 111.0
594.0048855897958 4.0 0.0 222.0 55.5 3147.9761607730115 78.69940401932529 18.45 18.45 124.0 444.0 111.0
595.0037975050136 4.0 0.0 222.0 55.5 3166.9762946268957 79.17440736567237 18.475 18.475 124.0 444.0 111.0
596.0048855897958 4.0 0.0 222.0 55.5 3182.9762946268957 79.57440736567236 18.5 18.5 124.0 444.0 111.0
597.0037975050136 4.0 0.0 222.0 55.5 3201.976522930091 80.04941307325227 18.6 18.6 124.0 444.0 111.0
598.0048855897958 4.0 0.0 222.0 55.5 3217.976522930091 80.44941307325226 18.625 18.625 124.0 444.0 111.0
599.0037975050136 4.0 0.0 222.0 55.5 3236.9769506374073 80.92442376593517 18.675 18.675 124.0 444.0 111.0
600.0 4.0 0.0 222.0 55.5 3252.9769506374073 81.32442376593517 18.675 18.675 124.0 444.0 111.0
601.0037975050136 4.0 0.0 222.0 55.5 3271.9771382489716 81.79942845622428 18.7 18.7 124.0 444.0 111.0
602.0048855897958 4.0 0.0 222.0 55.5 3287.9771382489716 82.19942845622427 18.725 18.725 124.0 444.0 111.0
603.0037975050136 4.0 0.0 222.0 55.5 3305.9773100015227 82.64943275003805 18.75 18.75 124.0 444.0 111.0
604.0048855897958 4.0 0.0 222.0 55.5 3321.19211879527 83.02980296988173 18.825 18.825 124.0 444.0 111.0
605.0037975050136 4.0 0.0 222.0 55.5 3339.1923107569532 83.47980776892382 18.9 18.9 124.0 444.0 111.0
606.0048855897958 4.0 0.0 222.0 55.5 3354.1926581275393 83.85481645318848 19.0 19.0 124.0 444.0 111.0
607.0037975050136 4.0 0.0 222.0 55.5 3372.192759029907 84.30481897574766 19.0 19.0 124.0 444.0 111.0
608.0048855897958 4.0 0.0 222.0 55.5 3387.1928974777143 84.67982243694286 19.025 19.025 124.0 444.0 111.0
609.0037975050136 4.0 0.0 222.0 55.5 3405.1930455928873 85.12982613982219 19.025 19.025 124.0 444.0 111.0
610.0048855897958 4.0 0.0 222.0 55.5 3420.1930720356963 85.5048268008924 19.05 19.05 124.0 444.0 111.0
611.0037975050136 4.0 0.0 222.0 55.5 3438.1932528543584 85.95483132135895 19.05 19.05 124.0 444.0 111.0
612.0048855897958 4.0 0.0 222.0 55.5 3453.193398803222 86.32983497008055 19.05 19.05 124.0 444.0 111.0
613.0037975050136 4.0 0.0 222.0 55.5 3471.193519316992 86.7798379829248 19.05 19.05 124.0 444.0 111.0
614.0048855897958 4.0 0.0 222.0 55.5 3486.19366498969 87.15484162474226 19.075 19.075 124.0 444.0 111.0
615.0037975050136 4.0 0.0 222.0 55.5 3504.19385612925 87.60484640323124 19.075 19.075 124.0 444.0 111.0
616.0048855897958 4.0 0.0 222.0 55.5 3518.5468533817775 87.96367133454442 19.075 19.075 124.0 444.0 111.0
617.0037975050136 4.0 0.0 222.0 55.5 3536.5470735324498 88.41367683831122 19.075 19.075 124.0 444.0 111.0
618.0048855897958 4.0 0.0 222.0 55.5 3549.8004626728552 88.74501156682136 19.075 19.075 124.0 444.0 111.0
619.0037975050136 4.0 0.0 222.0 55.5 3567.800519074226 89.19501297685564 19.075 19.075 124.0 444.0 111.0
620.0048855897958 4.0 0.0 222.0 55.5 3580.8010888733947 89.52002722183487 19.075 19.075 124.0 444.0 111.0
621.0037975050136 4.0 0.0 222.0 55.5 3598.801102869447 89.97002757173617 19.1 19.1 124.0 444.0 111.0
622.0048855897958 4.0 0.0 222.0 55.5 3611.8017642860714 90.29504410715178 19.15 19.15 124.0 444.0 111.0
623.0037975050136 4.0 0.0 222.0 55.5 3629.8019365510263 90.74504841377565 19.15 19.15 124.0 444.0 111.0
624.0048855897958 4.0 0.0 222.0 55.5 3642.802477018792 91.0700619254698 19.2 19.2 124.0 444.0 111.0
625.0037975050136 4.0 0.0 222.0 55.5 3660.8027282698104 91.52006820674526 19.25 19.25 124.0 444.0 111.0
626.0048855897958 4.0 0.0 222.0 55.5 3673.803330543333 91.84508326358332 19.325 19.325 124.0 444.0 111.0
627.0037975050136 4.0 0.0 222.0 55.5 3691.803414927512 92.2950853731878 19.325 19.325 124.0 444.0 111.0
628.0048855897958 4.0 0.0 222.0 55.5 3704.8040727039497 92.62010181759874 19.325 19.325 124.0 444.0 111.0
629.0037975050136 4.0 0.0 222.0 55.5 3722.8041524581367 93.07010381145342 19.325 19.325 124.0 444.0 111.0
630.0048855897958 4.0 0.0 222.0 55.5 3735.804508834545 93.39511272086361 19.325 19.325 124.0 444.0 111.0
631.0037975050136 4.0 0.0 222.0 55.5 3753.6911473559558 93.84227868389888 19.375 19.375 124.0 444.0 111.0
632.0048855897958 4.0 0.0 222.0 55.5 3765.831561953523 94.14578904883807 19.425 19.425 124.0 444.0 111.0
633.0037975050136 4.0 1.0 223.0 55.75 3782.8317031353367 94.5707925783834 19.5 19.5 124.0 444.0 111.0
634.0048855897958 4.0 1.0 223.0 55.75 3794.8326329858664 94.87081582464667 19.55 19.55 124.0 444.0 111.0
635.0037975050136 4.0 1.0 224.0 56.0 3808.8330629532197 95.22082657383051 19.575 19.575 124.0 444.0 111.0
636.0048855897958 4.0 1.0 224.0 56.0 3816.833627054819 95.42084067637046 19.575 19.575 124.0 444.0 111.0
637.0037975050136 4.0 1.0 225.0 56.25 3827.315338341733 95.68288345854333 19.575 19.575 124.0 444.0 111.0
638.0048855897958 4.0 1.0 225.0 56.25 3835.31575169991 95.88289379249775 19.575 19.575 124.0 444.0 111.0
639.0037975050136 4.0 1.0 226.0 56.5 3845.316101410303 96.13290253525757 19.575 19.575 124.0 444.0 111.0
640.0048855897958 4.0 1.0 226.0 56.5 3853.3166971411624 96.33291742852906 19.6 19.6 124.0 444.0 111.0
641.0037975050136 4.0 1.0 227.0 56.75 3863.3172837809743 96.58293209452435 19.575 19.575 124.0 444.0 111.0
642.0048855897958 4.0 1.0 227.0 56.75 3871.317987681145 96.78294969202862 19.475 19.475 124.0 444.0 111.0
643.0037975050136 4.0 1.0 228.0 57.0 3881.3185740455633 97.03296435113909 19.125 19.125 124.0 444.0 111.0
644.0048855897958 4.0 1.0 228.0 57.0 3891.0254195160246 97.27563548790062 18.825 18.825 122.0 444.0 111.0
645.0037975050136 4.0 1.0 229.0 57.25 3901.0258796166054 97.52564699041515 18.675 18.675 122.0 444.0 111.0
646.0048855897958 4.0 1.0 229.0 57.25 3910.026298941785 97.75065747354463 18.525 18.525 122.0 444.0 111.0
647.0037975050136 4.0 1.0 230.0 57.5 3919.026695168589 97.97566737921471 18.3 18.3 122.0 444.0 111.0
648.0048855897958 4.0 1.0 230.0 57.5 3928.0277142728396 98.20069285682098 18.2 18.2 122.0 444.0 111.0
649.0037975050136 4.0 1.0 231.0 57.75 3937.0284106437794 98.42571026609447 18.0 18.0 122.0 444.0 111.0
650.0048855897958 4.0 1.0 231.0 57.75 3946.0292265078297 98.65073066269575 17.875 17.875 122.0 444.0 111.0
651.0037975050136 4.0 1.0 232.0 58.0 3954.2145121852022 98.85536280463005 17.75 17.75 122.0 444.0 111.0
652.0048855897958 4.0 1.0 232.0 58.0 3963.215169170203 99.08037922925507 17.725 17.725 122.0 444.0 111.0
653.0037975050136 4.0 1.0 233.0 58.25 3971.215893619159 99.28039734047898 17.525 17.525 122.0 444.0 111.0
654.0048855897958 4.0 1.0 233.0 58.25 3980.2163459539247 99.50540864884812 17.425 17.425 122.0 444.0 111.0
655.0037975050136 4.0 1.0 234.0 58.5 3988.2170440102395 99.70542610025599 17.225 17.225 122.0 444.0 111.0
656.0048855897958 4.0 1.0 234.0 58.5 3997.2175540899125 99.93043885224782 16.975 16.975 122.0 444.0 111.0
657.0037975050136 4.0 1.0 235.0 58.75 4005.2182809289384 100.13045702322346 16.85 16.85 122.0 444.0 111.0
658.0048855897958 4.0 1.0 235.0 58.75 4014.2188699152903 100.35547174788225 16.7 16.7 122.0 444.0 111.0
659.0037975050136 4.0 1.0 236.0 59.0 4022.219777303856 100.55549443259639 16.4 16.4 122.0 444.0 111.0
660.0048855897958 4.0 1.0 236.0 59.0 4031.220275834956 100.78050689587391 16.275 16.275 122.0 444.0 111.0
661.0037975050136 4.0 1.0 237.0 59.25 4039.221200109507 100.9805300027377 16.1 16.1 122.0 444.0 111.0
662.0048855897958 4.0 1.0 237.0 59.25 4048.221729272896 101.20554323182239 15.95 15.95 122.0 444.0 111.0
663.0037975050136 4.0 1.0 238.0 59.5 4056.2222733653484 101.4055568341337 15.825 15.825 122.0 444.0 111.0
664.0048855897958 4.0 1.0 238.0 59.5 4065.222653914988 101.6305663478747 15.7 15.7 122.0 444.0 111.0
665.0037975050136 4.0 1.0 239.0 59.75 4073.2231657134503 101.83057914283626 15.625 15.625 122.0 444.0 111.0
666.0048855897958 4.0 1.0 239.0 59.75 4081.788968330337 102.04472420825843 15.45 15.45 122.0 444.0 111.0
667.0037975050136 4.0 1.0 240.0 60.0 4089.789714362719 102.24474285906798 15.275 15.275 122.0 444.0 111.0
668.0048855897958 4.0 1.0 240.0 60.0 4097.790623026246 102.44476557565615 15.075 15.075 122.0 444.0 111.0
669.0037975050136 4.0 1.0 241.0 60.25 4105.791392626696 102.64478481566739 14.925 14.925 122.0 444.0 111.0
670.0048855897958 4.0 1.0 241.0 60.25 4113.792470618333 102.84481176545832 14.775 14.775 122.0 444.0 111.0
671.0037975050136 4.0 1.0 242.0 60.5 4121.793047094772 103.04482617736932 14.625 14.625 122.0 444.0 111.0
672.0048855897958 4.0 1.0 242.0 60.5 4129.793998066013 103.24484995165031 14.325 14.325 122.0 444.0 111.0
673.0037975050136 4.0 1.0 243.0 60.75 4137.794573746434 103.44486434366084 14.1 14.1 122.0 444.0 111.0
674.0048855897958 4.0 1.0 243.0 60.75 4145.795308546345 103.64488271365862 13.925 13.925 122.0 444.0 111.0
675.0037975050136 4.0 1.0 244.0 61.0 4153.795849319259 103.84489623298147 13.825 13.825 122.0 444.0 111.0
676.0048855897958 4.0 1.0 244.0 61.0 4161.796629594988 104.04491573987471 13.7 13.7 122.0 444.0 111.0
677.0037975050136 4.0 1.0 245.0 61.25 4169.796876842139 104.24492192105347 13.475 13.475 122.0 444.0 111.0
678.0048855897958 4.0 1.0 245.0 61.25 4177.797846445504 104.44494616113758 13.2 13.2 122.0 444.0 111.0
679.0037975050136 4.0 1.0 246.0 61.5 4185.7984938050595 104.64496234512649 13.025 13.025 122.0 444.0 111.0
680.0048855897958 4.0 1.0 246.0 61.5 4193.79919776814 104.84497994420353 12.925 12.925 122.0 444.0 111.0
681.0037975050136 4.0 1.0 247.0 61.75 4201.799736830801 105.04499342077004 12.7 12.7 122.0 444.0 111.0
682.0048855897958 4.0 1.0 247.0 61.75 4209.800401867373 105.24501004668434 12.575 12.575 122.0 444.0 111.0
683.0037975050136 4.0 1.0 248.0 62.0 4217.801051290622 105.44502628226554 12.3 12.3 122.0 444.0 111.0
684.0048855897958 4.0 1.0 248.0 62.0 4225.802046878891 105.64505117197226 12.1 12.1 122.0 444.0 111.0
685.0037975050136 5.0 1.0 249.0 62.25 4233.802863070885 105.84507157677214 11.95 11.95 122.0 444.0 111.0
686.0048855897958 5.0 1.0 249.0 62.25 4241.803823269508 106.04509558173771 11.8 11.8 122.0 444.0 111.0
687.0037975050136 5.0 1.0 250.0 62.5 4249.804227179586 106.24510567948965 11.65 11.65 122.0 445.0 89.0
688.0048855897958 5.0 1.0 250.0 62.5 4257.80472812474 106.44511820311851 11.575 11.575 122.0 445.0 89.0
689.0037975050136 5.0 1.0 251.0 62.75 4265.8049969481035 106.64512492370258 11.425 11.425 122.0 445.0 89.0
690.0048855897958 5.0 1.0 251.0 62.75 4273.805669494955 106.84514173737388 11.4 11.4 122.0 445.0 89.0
691.0037975050136 5.0 1.0 252.0 63.0 4281.805986715763 107.04514966789407 11.325 11.325 122.0 445.0 89.0
692.0048855897958 5.0 1.0 252.0 63.0 4289.806561761711 107.24516404404278 11.325 11.325 122.0 445.0 89.0
693.0037975050136 5.0 1.0 253.0 63.25 4297.807161659817 107.44517904149542 11.3 11.3 122.0 445.0 89.0
694.0048855897958 5.0 1.0 253.0 63.25 4305.8079377189015 107.64519844297254 11.275 11.275 122.0 445.0 89.0
695.0037975050136 5.0 1.0 254.0 63.5 4313.808457216673 107.84521143041682 11.15 11.15 122.0 445.0 89.0
696.0048855897958 5.0 1.0 254.0 63.5 4321.809281150517 108.04523202876292 11.05 11.05 122.0 445.0 89.0
697.0037975050136 5.0 1.0 255.0 63.75 4329.809528540025 108.24523821350063 10.95 10.95 122.0 445.0 89.0
698.0048855897958 5.0 1.0 255.0 63.75 4337.810309863831 108.44525774659579 10.875 10.875 122.0 445.0 89.0
699.0037975050136 5.0 1.0 256.0 64.0 4345.810559451086 108.64526398627716 10.8 10.8 122.0 445.0 89.0
700.0048855897958 5.0 1.0 256.0 64.0 4353.811274199015 108.8452818549754 10.65 10.65 122.0 445.0 89.0
701.0037975050136 5.0 1.0 257.0 64.25 4361.164671104146 109.02911677760365 10.6 10.6 122.0 445.0 89.0
702.0048855897958 5.0 1.0 257.0 64.25 4369.165367327482 109.22913418318704 10.625 10.625 122.0 445.0 89.0
703.0037975050136 5.0 1.0 258.0 64.5 4376.094193802096 109.40235484505239 10.65 10.65 122.0 445.0 89.0
704.0048855897958 5.0 1.0 258.0 64.5 4384.0954321303225 109.60238580325806 10.6 10.6 122.0 445.0 89.0
705.0037975050136 5.0 1.0 259.0 64.75 4390.096009220957 109.75240023052393 10.55 10.55 122.0 445.0 89.0
706.0048855897958 5.0 1.0 259.0 64.75 4398.096896229358 109.95242240573396 10.525 10.525 122.0 445.0 89.0
707.0037975050136 5.0 1.0 260.0 65.0 4404.097593584186 110.10243983960467 10.475 10.475 122.0 445.0 89.0
708.0048855897958 5.0 1.0 260.0 65.0 4411.586468971751 110.28966172429378 10.375 10.375 122.0 445.0 89.0
709.0037975050136 5.0 1.0 261.0 65.25 4417.5871325014 110.43967831253501 10.35 10.35 122.0 445.0 89.0
710.0048855897958 5.0 1.0 261.0 65.25 4424.58813683197 110.61470342079926 10.275 10.275 122.0 445.0 89.0
711.0037975050136 5.0 1.0 262.0 65.5 4430.588899734884 110.7647224933721 10.275 10.275 122.0 445.0 89.0
712.0048855897958 5.0 1.0 262.0 65.5 4437.589689383281 110.93974223458206 10.275 10.275 122.0 445.0 89.0
713.0037975050136 5.0 1.0 263.0 65.75 4443.590519760359 111.08976299400898 10.275 10.275 122.0 445.0 89.0
714.0048855897958 5.0 1.0 263.0 65.75 4450.591354945673 111.26478387364183 10.25 10.25 122.0 445.0 89.0
715.0037975050136 5.0 1.0 264.0 66.0 4456.591940456099 111.41479851140248 10.225 10.225 122.0 445.0 89.0
716.0048855897958 5.0 1.0 264.0 66.0 4463.592710832557 111.58981777081394 10.15 10.15 122.0 445.0 89.0
717.0037975050136 5.0 1.0 265.0 66.25 4469.593478179348 111.7398369544837 10.025 10.025 122.0 445.0 89.0
718.0048855897958 5.0 1.0 265.0 66.25 4476.594308164502 111.91485770411255 9.875 9.875 122.0 445.0 89.0
719.0037975050136 5.0 1.0 266.0 66.5 4482.594884792379 112.0648721198095 9.725 9.725 122.0 445.0 89.0
720.0048855897958 5.0 1.0 266.0 66.5 4489.595578554901 112.23988946387254 9.6 9.6 122.0 445.0 89.0
721.0037975050136 5.0 1.0 267.0 66.75 4495.596175859507 112.38990439648768 9.475 9.475 122.0 445.0 89.0
722.0048855897958 5.0 1.0 267.0 66.75 4502.596978435508 112.56492446088772 9.35 9.35 122.0 445.0 89.0
723.0037975050136 5.0 1.0 268.0 67.0 4508.597527913717 112.71493819784293 9.225 9.225 122.0 445.0 89.0
724.0048855897958 6.0 1.0 268.0 67.0 4515.598362418926 112.88995906047315 9.2 9.2 122.0 446.0 74.33333333333333
725.0037975050136 6.0 1.0 269.0 67.25 4521.5986714099445 113.03996678524862 9.125 9.125 122.0 446.0 74.33333333333333
726.0048855897958 6.0 1.0 269.0 67.25 4528.59942245055 113.21498556126377 9.1 9.1 122.0 446.0 74.33333333333333
727.0037975050136 6.0 1.0 270.0 67.5 4534.599703016838 113.36499257542097 9.075 9.075 122.0 446.0 74.33333333333333
728.0048855897958 6.0 1.0 270.0 67.5 4542.6001719037085 113.56500429759272 9.0 9.0 122.0 446.0 74.33333333333333
729.0037975050136 6.0 1.0 271.0 67.75 4548.600320607032 113.71500801517578 8.9 8.9 122.0 446.0 74.33333333333333
730.0048855897958 6.0 1.0 271.0 67.75 4556.601161148427 113.91502902871068 8.875 8.875 122.0 446.0 74.33333333333333
731.0037975050136 6.0 1.0 272.0 68.0 4562.6016593456725 114.06504148364182 8.85 8.85 122.0 446.0 74.33333333333333
732.0048855897958 6.0 1.0 272.0 68.0 4570.602419741305 114.26506049353263 8.85 8.85 122.0 446.0 74.33333333333333
733.0037975050136 6.0 1.0 273.0 68.25 4576.602980481099 114.41507451202747 8.8 8.8 122.0 446.0 74.33333333333333
734.0048855897958 6.0 1.0 273.0 68.25 4584.603685054564 114.6150921263641 8.825 8.825 122.0 446.0 74.33333333333333
735.0037975050136 6.0 1.0 274.0 68.5 4590.604280493564 114.76510701233913 8.75 8.75 122.0 446.0 74.33333333333333
736.0048855897958 7.0 1.0 274.0 68.5 4598.605145040026 114.9651286260007 8.6 8.6 122.0 447.0 63.85714285714286
737.0037975050136 7.0 1.0 275.0 68.75 4604.605754557727 115.11514386394319 8.475 8.475 122.0 447.0 63.85714285714286
738.0048855897958 7.0 1.0 275.0 68.75 4612.606545240881 115.31516363102203 8.425 8.425 122.0 448.0 64.0
739.0037975050136 8.0 1.0 276.0 69.0 4618.6073325042025 115.46518331260509 8.425 8.425 122.0 448.0 64.0
740.0048855897958 8.0 1.0 276.0 69.0 4626.6078519317825 115.6651962982946 8.425 8.425 122.0 450.0 64.28571428571429
741.0037975050136 8.0 1.0 277.0 69.25 4632.608461620179 115.81521154050448 8.35 8.35 122.0 450.0 64.28571428571429
742.0048855897958 8.0 1.0 277.0 69.25 4640.6090857674 116.015227144185 8.2 8.2 122.0 451.0 64.42857142857143
743.0037975050136 8.0 1.0 278.0 69.5 4646.609621573235 116.1652405393309 8.125 8.125 122.0 451.0 64.42857142857143
744.0048855897958 8.0 1.0 278.0 69.5 4655.609927953737 116.39024819884342 7.95 7.95 122.0 452.0 64.57142857142857
745.0037975050136 8.0 1.0 279.0 69.75 4661.610522429496 116.5402630607374 7.85 7.85 122.0 452.0 64.57142857142857
746.0048855897958 8.0 1.0 279.0 69.75 4670.610742150839 116.76526855377095 7.825 7.825 122.0 453.0 64.71428571428571
747.0037975050136 8.0 1.0 280.0 70.0 4676.611297533 116.91528243832498 7.825 7.825 122.0 453.0 64.71428571428571
748.0048855897958 8.0 1.0 280.0 70.0 4685.6115866370055 117.14028966592515 7.8 7.8 122.0 454.0 64.85714285714286
749.0037975050136 8.0 1.0 281.0 70.25 4691.612144959585 117.29030362398962 7.75 7.75 122.0 454.0 64.85714285714286
750.0048855897958 8.0 1.0 281.0 70.25 4700.612582070744 117.5153145517686 7.675 7.675 122.0 455.0 65.0
751.0037975050136 8.0 1.0 282.0 70.5 4706.613256747144 117.66533141867862 7.575 7.575 122.0 455.0 65.0
752.0048855897958 10.0 1.0 282.0 70.5 4715.613643499311 117.89034108748278 7.575 7.575 122.0 457.0 65.28571428571429
753.0037975050136 10.0 1.0 283.0 70.75 4720.614090197621 118.01535225494054 7.525 7.525 122.0 458.0 65.42857142857143
754.0048855897958 10.0 1.0 283.0 70.75 4729.614404580399 118.24036011451 7.475 7.475 122.0 459.0 65.57142857142857
755.0037975050136 10.0 1.0 284.0 71.0 4734.614904566188 118.36537261415468 7.4 7.4 122.0 460.0 65.71428571428571
756.0048855897958 10.0 1.0 284.0 71.0 4744.615146710853 118.61537866777131 7.375 7.375 122.0 461.0 65.85714285714286
757.0037975050136 11.0 1.0 285.0 71.25 4749.6158233104 118.74039558276 7.3 7.3 122.0 463.0 57.875
758.0048855897958 11.0 1.0 285.0 71.25 4759.616152988108 118.99040382470272 7.25 7.25 122.0 464.0 58.0
759.0037975050136 11.0 1.0 286.0 71.5 4764.616584745207 119.11541461863018 7.175 7.175 122.0 466.0 58.25
760.0048855897958 11.0 1.0 286.0 71.5 4774.616947230967 119.36542368077419 7.15 7.15 122.0 467.0 58.375
761.0037975050136 11.0 1.0 287.0 71.75 4779.617275924141 119.49043189810352 7.075 7.075 122.0 469.0 58.625
762.0048855897958 11.0 1.0 287.0 71.75 4788.617774929494 119.71544437323733 7.05 7.05 122.0 470.0 58.75
763.0037975050136 11.0 1.0 288.0 72.0 4794.510710393402 119.86276775983505 7.0 7.0 122.0 471.0 58.875
764.0048855897958 11.0 1.0 288.0 72.0 4804.511369053148 120.11278422632869 7.025 7.025 122.0 472.0 59.0
765.0037975050136 12.0 1.0 289.0 72.25 4810.5120018887055 120.26280004721764 6.95 6.95 122.0 473.0 59.125
766.0048855897958 12.0 1.0 289.0 72.25 4820.5125916640545 120.51281479160137 6.95 6.95 122.0 475.0 52.77777777777778
767.0037975050136 12.0 1.0 290.0 72.5 4826.513435255827 120.66283588139568 6.95 6.95 122.0 476.0 52.888888888888886
768.0048855897958 12.0 1.0 290.0 72.5 4836.514047412734 120.91285118531835 6.925 6.925 122.0 477.0 53.0
769.0037975050136 12.0 1.0 291.0 72.75 4842.514721701342 121.06286804253355 6.925 6.925 122.0 478.0 53.111111111111114
770.0048855897958 12.0 1.0 291.0 72.75 4853.514917224694 121.33787293061735 6.975 6.975 122.0 479.0 53.22222222222222
771.0037975050136 12.0 1.0 292.0 73.0 4859.515351373097 121.48788378432742 6.95 6.95 122.0 480.0 53.333333333333336
772.0048855897958 13.0 1.0 292.0 73.0 4869.515638172907 121.73789095432265 6.925 6.925 122.0 481.0 53.44444444444444
773.0037975050136 13.0 1.0 293.0 73.25 4875.51604957967 121.88790123949174 6.85 6.85 122.0 483.0 48.3
774.0048855897958 13.0 1.0 293.0 73.25 4885.516665730697 122.13791664326742 6.8 6.8 122.0 484.0 48.4
775.0037975050136 13.0 1.0 294.0 73.5 4891.517065082613 122.28792662706532 6.8 6.8 122.0 485.0 48.5
776.0048855897958 13.0 1.0 294.0 73.5 4901.5175372510075 122.53793843127518 6.8 6.8 122.0 486.0 48.6
777.0037975050136 13.0 1.0 295.0 73.75 4907.684847000538 122.69212117501344 6.75 6.75 122.0 487.0 48.7
778.0048855897958 13.0 1.0 295.0 73.75 4917.6852270231775 122.9421306755794 6.75 6.75 122.0 488.0 48.8
779.0037975050136 13.0 1.0 296.0 74.0 4923.685854024161 123.092146350604 6.7 6.7 122.0 489.0 48.9
780.0048855897958 13.0 1.0 296.0 74.0 4933.686138790927 123.34215346977314 6.7 6.7 122.0 490.0 49.0
781.0037975050136 13.0 1.0 297.0 74.25 4939.686960384691 123.49217400961727 6.75 6.75 122.0 491.0 49.1
782.0048855897958 13.0 1.0 297.0 74.25 4949.687239871963 123.74218099679908 6.775 6.775 122.0 492.0 49.2
783.0037975050136 13.0 1.0 298.0 74.5 4955.6877239411815 123.89219309852953 6.775 6.775 122.0 493.0 49.3
784.0048855897958 13.0 1.0 298.0 74.5 4964.68798726157 124.11719968153926 6.725 6.725 122.0 494.0 49.4
785.0037975050136 13.0 1.0 299.0 74.75 4970.688811118713 124.26722027796782 6.7 6.7 122.0 495.0 49.5
786.0048855897958 13.0 1.0 299.0 74.75 4978.688996122026 124.46722490305066 6.7 6.7 122.0 496.0 49.6
787.0037975050136 14.0 1.0 300.0 75.0 4981.689584433808 124.54223961084517 6.7 6.7 122.0 497.0 49.7
788.0048855897958 14.0 1.0 300.0 75.0 4988.689635761028 124.71724089402568 6.675 6.675 122.0 499.0 45.36363636363636
789.0037975050136 14.0 1.0 301.0 75.25 4991.690361703142 124.79225904257855 6.65 6.65 122.0 500.0 45.45454545454545
790.0048855897958 14.0 1.0 301.0 75.25 4998.690361703142 124.96725904257855 6.65 6.65 122.0 502.0 45.63636363636364
791.0037975050136 14.0 1.0 302.0 75.5 5001.691029402146 125.04227573505365 6.65 6.65 122.0 503.0 45.72727272727273
792.0048855897958 14.0 1.0 302.0 75.5 5007.716645103398 125.19291612758495 6.65 6.65 122.0 505.0 45.90909090909091
793.0037975050136 14.0 1.0 303.0 75.75 5010.717088978134 125.26792722445333 6.6 6.6 122.0 506.0 46.0
794.0048855897958 14.0 1.0 303.0 75.75 5016.717289668445 125.41793224171111 6.6 6.6 122.0 508.0 46.18181818181818
795.0037975050136 14.0 1.0 304.0 76.0 5019.718227726225 125.49295569315564 6.55 6.55 122.0 509.0 46.27272727272727
796.0048855897958 14.0 1.0 304.0 76.0 5024.828715552823 125.62071788882058 6.55 6.55 122.0 511.0 46.45454545454545
797.0037975050136 14.0 1.0 305.0 76.25 5027.829474165089 125.6957368541272 6.55 6.55 122.0 512.0 46.54545454545455
798.0048855897958 14.0 1.0 305.0 76.25 5032.829866005071 125.82074665012676 6.525 6.525 122.0 514.0 46.72727272727273
799.0037975050136 14.0 1.0 306.0 76.5 5035.83010595352 125.89575264883797 6.5 6.5 122.0 515.0 46.81818181818182
800.0048855897958 14.0 1.0 306.0 76.5 5040.83029520103 126.02075738002573 6.475 6.475 122.0 517.0 47.0
801.0037975050136 14.0 1.0 307.0 76.75 5043.830752025069 126.09576880062671 6.4 6.4 122.0 518.0 47.09090909090909
802.0048855897958 14.0 1.0 307.0 76.75 5048.831226307448 126.22078065768618 6.375 6.375 122.0 520.0 47.27272727272727
803.0037975050136 14.0 1.0 308.0 77.0 5051.831922851145 126.29579807127861 6.25 6.25 122.0 521.0 47.36363636363636
804.0048855897958 14.0 1.0 308.0 77.0 5056.832428421299 126.42081071053245 6.125 6.125 122.0 523.0 47.54545454545455
805.0037975050136 14.0 1.0 309.0 77.25 5059.833084199031 126.49582710497576 6.1 6.1 122.0 524.0 47.63636363636364
806.0048855897958 14.0 1.0 309.0 77.25 5064.83356707078 126.62083917676951 6.025 6.025 122.0 526.0 47.81818181818182
807.0037975050136 14.0 1.0 310.0 77.5 5067.231965090741 126.68079912726853 5.975 5.975 122.0 527.0 47.90909090909091
808.0048855897958 14.0 1.0 310.0 77.5 5072.232144023882 126.80580360059706 5.95 5.95 122.0 529.0 48.09090909090909
809.0037975050136 14.0 1.0 311.0 77.75 5074.232895078752 126.85582237696882 5.95 5.95 122.0 530.0 48.18181818181818
810.0048855897958 14.0 1.0 311.0 77.75 5079.233138148348 126.98082845370872 5.95 5.95 122.0 532.0 48.36363636363636
811.0037975050136 14.0 1.0 312.0 78.0 5081.233517261431 127.03083793153577 5.95 5.95 122.0 533.0 48.45454545454545
812.0048855897958 14.0 1.0 312.0 78.0 5086.2338765102295 127.15584691275573 5.975 5.975 122.0 535.0 48.63636363636364
813.0037975050136 14.0 1.0 313.0 78.25 5088.234429667211 127.20586074168027 5.975 5.975 122.0 536.0 48.72727272727273
814.0048855897958 14.0 1.0 313.0 78.25 5093.234802070625 127.3308700517656 5.975 5.975 122.0 538.0 48.90909090909091
815.0037975050136 14.0 1.0 314.0 78.5 5095.235322420266 127.38088306050665 5.975 5.975 122.0 539.0 49.0
816.0048855897958 14.0 1.0 314.0 78.5 5100.235534759624 127.50588836899061 5.95 5.95 122.0 541.0 49.18181818181818
817.0037975050136 14.0 1.0 315.0 78.75 5102.236222432489 127.55590556081222 5.95 5.95 122.0 542.0 49.27272727272727
818.0048855897958 14.0 1.0 315.0 78.75 5107.236800423326 127.68092001058315 5.925 5.925 122.0 544.0 49.45454545454545
819.0037975050136 14.0 1.0 316.0 79.0 5109.237417641257 127.73093544103145 5.875 5.875 122.0 545.0 49.54545454545455
820.0048855897958 15.0 1.0 316.0 79.0 5114.23773431447 127.85594335786176 5.85 5.85 122.0 547.0 49.72727272727273
821.0037975050136 15.0 1.0 317.0 79.25 5116.238410174449 127.90596025436123 5.825 5.825 122.0 549.0 45.75
822.0048855897958 15.0 1.0 317.0 79.25 5121.238725711462 128.03096814278658 5.8 5.8 122.0 551.0 45.91666666666667
823.0037975050136 15.0 1.0 318.0 79.5 5123.239230281408 128.0809807570352 5.8 5.8 122.0 553.0 46.08333333333333
824.0048855897958 16.0 1.0 318.0 79.5 5128.2394640455805 128.20598660113953 5.8 5.8 122.0 555.0 46.25
825.0037975050136 16.0 1.0 319.0 79.75 5130.240080617197 128.25600201542994 5.8 5.8 122.0 558.0 42.92307692307692
826.0048855897958 16.0 1.0 319.0 79.75 5135.24031973575 128.38100799339375 5.75 5.75 122.0 560.0 43.07692307692308
827.0037975050136 16.0 1.0 320.0 80.0 5137.240913103 128.431022827575 5.7 5.7 122.0 563.0 43.30769230769231
828.0048855897958 16.0 1.0 320.0 80.0 5142.241237026889 128.55603092567225 5.7 5.7 122.0 565.0 43.46153846153846
829.0037975050136 17.0 1.0 321.0 80.25 5144.2417876423715 128.6060446910593 5.675 5.675 122.0 568.0 43.69230769230769
830.0048855897958 17.0 1.0 321.0 80.25 5149.242279700913 128.73105699252284 5.65 5.65 122.0 571.0 43.92307692307692
831.0037975050136 17.0 1.0 322.0 80.5 5151.242585044176 128.78106462610438 5.65 5.65 122.0 574.0 44.15384615384615
832.0048855897958 17.0 1.0 322.0 80.5 5156.2427994660875 128.90606998665217 5.65 5.65 122.0 577.0 44.38461538461539
833.0037975050136 17.0 1.0 323.0 80.75 5158.243096204035 128.9560774051009 5.65 5.65 122.0 580.0 44.61538461538461
834.0048855897958 17.0 1.0 323.0 80.75 5163.243524257972 129.08108810644933 5.625 5.625 122.0 583.0 44.84615384615385
835.0037975050136 17.0 1.0 324.0 81.0 5165.244337599606 129.1311084399902 5.6 5.6 122.0 586.0 45.07692307692308
836.0048855897958 17.0 1.0 324.0 81.0 5170.244721938275 129.25611804845687 5.55 5.55 122.0 589.0 45.30769230769231
837.0037975050136 17.0 1.0 325.0 81.25 5172.245205793563 129.3061301448391 5.525 5.525 122.0 592.0 45.53846153846154
838.0048855897958 17.0 1.0 325.0 81.25 5177.245525607677 129.4311381401919 5.5 5.5 122.0 595.0 45.76923076923077
839.0037975050136 17.0 1.0 326.0 81.5 5179.24618650379 129.48115466259475 5.5 5.5 122.0 598.0 46.0
840.0048855897958 17.0 1.0 326.0 81.5 5184.246564460809 129.60616411152023 5.5 5.5 122.0 601.0 46.23076923076923
841.0037975050136 17.0 1.0 327.0 81.75 5186.247116578202 129.65617791445504 5.5 5.5 122.0 604.0 46.46153846153846
842.0048855897958 17.0 1.0 327.0 81.75 5191.247462768584 129.7811865692146 5.5 5.5 122.0 607.0 46.69230769230769
843.0037975050136 17.0 1.0 328.0 82.0 5193.248143806661 129.8312035951665 5.475 5.475 122.0 610.0 46.92307692307692
844.0048855897958 17.0 1.0 328.0 82.0 5198.248645382193 129.9562161345548 5.45 5.45 122.0 613.0 47.15384615384615
845.0037975050136 17.0 1.0 329.0 82.25 5200.2492172704315 130.00623043176077 5.425 5.425 122.0 616.0 47.38461538461539
846.0048855897958 17.0 1.0 329.0 82.25 5205.249661517914 130.13124153794786 5.4 5.4 122.0 619.0 47.61538461538461
847.0037975050136 17.0 1.0 330.0 82.5 5207.250386927836 130.18125967319594 5.375 5.375 122.0 622.0 47.84615384615385
848.0048855897958 17.0 1.0 330.0 82.5 5212.250800797633 130.30627001994083 5.325 5.325 122.0 625.0 48.07692307692308
849.0037975050136 17.0 1.0 331.0 82.75 5214.251263016053 130.3562815754013 5.275 5.275 122.0 628.0 48.30769230769231
850.0048855897958 17.0 1.0 331.0 82.75 5219.251419771299 130.48128549428247 5.25 5.25 122.0 631.0 48.53846153846154
851.0037975050136 17.0 1.0 332.0 83.0 5221.251511530202 130.53128778825504 5.225 5.225 122.0 634.0 48.76923076923077
852.0048855897958 17.0 1.0 332.0 83.0 5226.251511530202 130.65628778825504 5.225 5.225 122.0 637.0 49.0
853.0037975050136 17.0 1.0 333.0 83.25 5228.251660582805 130.70629151457013 5.2 5.2 122.0 640.0 49.23076923076923
854.0048855897958 17.0 1.0 333.0 83.25 5233.251660582805 130.83129151457013 5.2 5.2 122.0 643.0 49.46153846153846
855.0037975050136 17.0 1.0 334.0 83.5 5235.252024760771 130.88130061901927 5.1 5.1 122.0 646.0 49.69230769230769
856.0048855897958 17.0 1.0 334.0 83.5 5240.252024760771 131.00630061901927 5.05 5.05 122.0 649.0 49.92307692307692
857.0037975050136 17.0 1.0 335.0 83.75 5241.462175751355 131.03655439378386 5.05 5.05 122.0 652.0 50.15384615384615
858.0048855897958 17.0 1.0 335.0 83.75 5246.462175751355 131.16155439378386 5.025 5.025 122.0 655.0 50.38461538461539
859.0037975050136 17.0 1.0 336.0 84.0 5247.4623844194275 131.18655961048566 4.9 4.9 122.0 658.0 50.61538461538461
860.0048855897958 17.0 1.0 336.0 84.0 5252.4623844194275 131.31155961048566 4.875 4.875 122.0 661.0 50.84615384615385
861.0037975050136 17.0 1.0 337.0 84.25 5253.4628800647015 131.33657200161753 4.825 4.825 122.0 664.0 51.07692307692308
862.0048855897958 17.0 1.0 337.0 84.25 5258.4628800647015 131.46157200161753 4.825 4.825 122.0 667.0 51.30769230769231
863.0037975050136 17.0 1.0 338.0 84.5 5259.463363456309 131.4865840864077 4.8 4.8 122.0 670.0 51.53846153846154
864.0048855897958 17.0 1.0 338.0 84.5 5264.463363456309 131.6115840864077 4.8 4.8 122.0 673.0 51.76923076923077
865.0037975050136 17.0 1.0 339.0 84.75 5265.46380342764 131.636595085691 4.8 4.8 122.0 676.0 52.0
866.0048855897958 17.0 1.0 339.0 84.75 5270.333330438211 131.75833326095528 4.8 4.8 122.0 679.0 52.23076923076923
867.0037975050136 17.0 1.0 340.0 85.0 5271.333580324507 131.78333950811265 4.8 4.8 122.0 682.0 52.46153846153846
868.0048855897958 17.0 1.0 340.0 85.0 5275.333813855787 131.88334534639466 4.8 4.8 122.0 685.0 52.69230769230769
869.0037975050136 17.0 1.0 341.0 85.25 5276.33414561459 131.90835364036474 4.8 4.8 122.0 688.0 52.92307692307692
870.0048855897958 17.0 1.0 341.0 85.25 5280.33438212403 132.00835955310075 4.8 4.8 122.0 691.0 53.15384615384615
871.0037975050136 17.0 1.0 342.0 85.5 5281.3348487105295 132.0333712177632 4.8 4.8 122.0 694.0 53.38461538461539
872.0048855897958 17.0 1.0 342.0 85.5 5285.335053782724 132.13337634456806 4.8 4.8 122.0 697.0 53.61538461538461
873.0037975050136 17.0 1.0 343.0 85.75 5286.3357242648735 132.15839310662182 4.8 4.8 122.0 700.0 53.84615384615385
874.0048855897958 17.0 1.0 343.0 85.75 5290.335984271057 132.2583996067764 4.8 4.8 122.0 703.0 54.07692307692308
875.0037975050136 17.0 1.0 344.0 86.0 5291.336810492706 132.28342026231763 4.775 4.775 122.0 706.0 54.30769230769231
876.0048855897958 17.0 1.0 344.0 86.0 5295.33694076783 132.38342351919573 4.75 4.75 122.0 709.0 54.53846153846154
877.0037975050136 17.0 1.0 345.0 86.25 5296.337566658801 132.40843916647 4.75 4.75 122.0 712.0 54.76923076923077
878.0048855897958 17.0 1.0 345.0 86.25 5300.337721796731 132.50844304491827 4.75 4.75 122.0 715.0 55.0
879.0037975050136 17.0 1.0 346.0 86.5 5301.338377970584 132.53345944926457 4.75 4.75 122.0 718.0 55.23076923076923
880.0048855897958 17.0 1.0 346.0 86.5 5305.2550475041435 132.6313761876036 4.75 4.75 122.0 721.0 55.46153846153846
881.0037975050136 17.0 1.0 347.0 86.75 5306.255485643696 132.6563871410924 4.75 4.75 122.0 724.0 55.69230769230769
882.0048855897958 17.0 1.0 347.0 86.75 5309.255803411954 132.73139508529883 4.75 4.75 122.0 727.0 55.92307692307692
883.0037975050136 17.0 1.0 348.0 87.0 5310.256518978797 132.75641297446992 4.75 4.75 122.0 730.0 56.15384615384615
884.0048855897958 18.0 1.0 348.0 87.0 5313.2569204422025 132.83142301105508 4.75 4.75 122.0 733.0 56.38461538461539
885.0037975050136 18.0 1.0 349.0 87.25 5314.257572592969 132.85643931482423 4.75 4.75 122.0 737.0 52.642857142857146
886.0048855897958 18.0 1.0 349.0 87.25 5317.257904877531 132.93144762193828 4.75 4.75 122.0 740.0 52.857142857142854
887.0037975050136 18.0 1.0 350.0 87.5 5318.25844757305 132.95646118932626 4.75 4.75 122.0 743.0 53.07142857142857
888.0048855897958 18.0 1.0 350.0 87.5 5321.258669481413 133.03146673703532 4.75 4.75 122.0 746.0 53.285714285714285
889.0037975050136 18.0 1.0 351.0 87.75 5323.2589904616625 133.08147476154156 4.75 4.75 122.0 749.0 53.5
890.0048855897958 18.0 1.0 351.0 87.75 5326.259327667714 133.15648319169287 4.75 4.75 122.0 752.0 53.714285714285715
891.0037975050136 18.0 1.0 352.0 88.0 5328.259618072121 133.20649045180303 4.75 4.75 122.0 755.0 53.92857142857143
892.0048855897958 18.0 1.0 352.0 88.0 5331.259972087003 133.28149930217506 4.725 4.725 122.0 758.0 54.142857142857146
893.0037975050136 18.0 1.0 353.0 88.25 5333.260270202256 133.33150675505638 4.7 4.7 122.0 761.0 54.357142857142854
894.0048855897958 18.0 1.0 353.0 88.25 5336.260692027015 133.40651730067538 4.675 4.675 122.0 764.0 54.57142857142857
895.0037975050136 18.0 1.0 354.0 88.5 5338.260853125155 133.45652132812887 4.65 4.65 122.0 767.0 54.785714285714285
896.0048855897958 18.0 1.0 354.0 88.5 5341.261074152639 133.53152685381596 4.65 4.65 122.0 770.0 55.0
897.0037975050136 18.0 1.0 355.0 88.75 5343.261289715574 133.58153224288935 4.65 4.65 122.0 773.0 55.214285714285715
898.0048855897958 19.0 1.0 355.0 88.75 5346.261680447962 133.65654201119904 4.65 4.65 122.0 776.0 55.42857142857143
899.0037975050136 19.0 1.0 356.0 89.0 5348.2621206697895 133.70655301674472 4.65 4.65 122.0 780.0 52.0
900.0048855897958 19.0 1.0 356.0 89.0 5351.2623007969505 133.78155751992375 4.65 4.65 122.0 783.0 52.2
901.0037975050136 19.0 1.0 357.0 89.25 5353.262543800153 133.83156359500384 4.65 4.65 122.0 786.0 52.4
902.0048855897958 19.0 1.0 357.0 89.25 5356.262694231786 133.90656735579464 4.65 4.65 122.0 789.0 52.6
903.0037975050136 19.0 1.0 358.0 89.5 5359.262869626999 133.981571740675 4.65 4.65 122.0 792.0 52.8
904.0048855897958 19.0 1.0 358.0 89.5 5362.263015930469 134.05657539826174 4.65 4.65 122.0 795.0 53.0
905.0037975050136 19.0 1.0 359.0 89.75 5365.263232071498 134.13158080178744 4.65 4.65 122.0 798.0 53.2
906.0048855897958 19.0 1.0 359.0 89.75 5368.263512825399 134.20658782063495 4.625 4.625 122.0 801.0 53.4
907.0037975050136 19.0 1.0 360.0 90.0 5371.263715994056 134.2815928998514 4.6 4.6 122.0 804.0 53.6
908.0048855897958 19.0 1.0 360.0 90.0 5374.263904384026 134.35659760960064 4.6 4.6 122.0 807.0 53.8
909.0037975050136 19.0 1.0 361.0 90.25 5377.264187249562 134.43160468123904 4.6 4.6 122.0 810.0 54.0
910.0048855897958 19.0 1.0 361.0 90.25 5380.264342308266 134.50660855770664 4.6 4.6 122.0 813.0 54.2
911.0037975050136 19.0 1.0 362.0 90.5 5383.264469073167 134.58161172682915 4.6 4.6 122.0 816.0 54.4
912.0048855897958 20.0 1.0 362.0 90.5 5386.2645972045 134.65661493011248 4.6 4.6 122.0 819.0 54.6
913.0037975050136 20.0 1.0 363.0 90.75 5389.26473542799 134.73161838569973 4.55 4.55 122.0 822.0 54.8
914.0048855897958 20.0 1.0 363.0 90.75 5392.265100912026 134.80662752280065 4.525 4.525 122.0 826.0 51.625
915.0037975050136 20.0 1.0 364.0 91.0 5395.265217847402 134.88163044618506 4.475 4.475 122.0 829.0 51.8125
916.0048855897958 21.0 1.0 364.0 91.0 5398.2655523345675 134.95663880836418 4.45 4.45 122.0 834.0 49.05882352941177
917.0037975050136 21.0 1.0 365.0 91.25 5400.265780309642 135.00664450774104 4.45 4.45 122.0 837.0 49.23529411764706
918.0048855897958 21.0 1.0 365.0 91.25 5403.266153359002 135.08165383397503 4.45 4.45 122.0 842.0 49.529411764705884
919.0037975050136 21.0 1.0 366.0 91.5 5405.266379059894 135.1316594764973 4.425 4.425 122.0 845.0 49.705882352941174
920.0048855897958 21.0 1.0 366.0 91.5 5408.266757676304 135.2066689419076 4.425 4.425 122.0 850.0 50.0
921.0037975050136 21.0 1.0 367.0 91.75 5410.266974053245 135.25667435133113 4.4 4.4 122.0 853.0 50.17647058823529
922.0048855897958 21.0 1.0 367.0 91.75 5413.267180575434 135.33167951438585 4.375 4.375 122.0 858.0 50.470588235294116
923.0037975050136 21.0 1.0 368.0 92.0 5415.26722637132 135.381680659283 4.375 4.375 122.0 861.0 50.647058823529406
924.0048855897958 21.0 1.0 368.0 92.0 5418.267669028688 135.45669172571718 4.35 4.35 122.0 866.0 50.94117647058823
925.0037975050136 21.0 1.0 369.0 92.25 5421.2679530908745 135.53169882727184 4.35 4.35 123.0 869.0 51.11764705882353
926.0048855897958 21.0 1.0 369.0 92.25 5424.268152282691 135.60670380706725 4.35 4.35 123.0 874.0 51.411764705882355
927.0037975050136 22.0 1.0 370.0 92.5 5427.268293304444 135.6817073326111 4.325 4.325 123.0 878.0 48.77777777777778
928.0048855897958 22.0 1.0 370.0 92.5 5430.268619595779 135.75671548989445 4.3 4.3 123.0 883.0 49.05555555555556
929.0037975050136 22.0 1.0 371.0 92.75 5433.268667676759 135.83171669191896 4.4 4.4 123.0 887.0 49.27777777777778
930.0048855897958 22.0 1.0 371.0 92.75 5436.268908851617 135.9067227212904 4.375 4.375 123.0 892.0 49.55555555555556
931.0037975050136 22.0 1.0 372.0 93.0 5438.26909404436 135.95672735110898 4.425 4.425 123.0 896.0 49.77777777777778
932.0048855897958 22.0 1.0 372.0 93.0 5441.269290705901 136.0317322676475 4.4 4.4 123.0 901.0 50.05555555555556
933.0037975050136 22.0 1.0 373.0 93.25 5443.2693724462215 136.08173431115554 4.375 4.375 123.0 905.0 50.27777777777778
934.0048855897958 22.0 1.0 373.0 93.25 5446.269889607152 136.15674724017882 4.35 4.35 123.0 910.0 50.55555555555556
935.0037975050136 22.0 1.0 374.0 93.5 5449.2700301848145 136.23175075462038 4.35 4.35 123.0 914.0 50.77777777777778
936.0048855897958 22.0 2.0 375.0 75.0 5452.2703736454205 136.3067593411355 4.35 4.35 123.0 919.0 51.05555555555556
937.0037975050136 22.0 2.0 376.0 75.2 5455.2708874828895 136.38177218707222 4.35 4.35 123.0 922.0 51.22222222222222
938.0048855897958 22.0 2.0 377.0 75.4 5458.271252102556 136.45678130256388 4.325 4.325 123.0 926.0 51.44444444444444
939.0037975050136 22.0 3.0 379.0 63.166666666666664 5461.271530530174 136.53178826325433 4.35 4.35 123.0 929.0 51.611111111111114
940.0048855897958 22.0 3.0 380.0 63.333333333333336 5464.271726312424 136.60679315781059 4.35 4.35 123.0 933.0 51.83333333333333
941.0037975050136 22.0 3.0 382.0 63.666666666666664 5466.271799730048 136.6567949932512 4.35 4.35 123.0 936.0 52.0
942.0048855897958 22.0 3.0 383.0 63.833333333333336 5469.272122874102 136.73180307185254 4.35 4.35 123.0 940.0 52.22222222222222
943.0037975050136 22.0 3.0 385.0 64.16666666666666 5470.272279232605 136.7568069808151 4.35 4.35 123.0 943.0 52.388888888888886
944.0048855897958 22.0 3.0 386.0 64.33333333333334 5473.272652381129 136.83181630952822 4.35 4.35 123.0 947.0 52.611111111111114
945.0037975050136 22.0 3.0 388.0 64.66666666666666 5474.272706529645 136.85681766324112 4.325 4.325 123.0 950.0 52.77777777777778
946.0048855897958 22.0 3.0 389.0 64.83333333333334 5477.273208027409 136.93183020068523 4.3 4.3 123.0 954.0 53.0
947.0037975050136 22.0 3.0 391.0 65.16666666666666 5478.273262226174 136.95683155565433 4.3 4.3 123.0 957.0 53.16666666666667
948.0048855897958 22.0 3.0 392.0 65.33333333333334 5481.273659363953 137.0318414840988 4.3 4.3 123.0 961.0 53.388888888888886
949.0037975050136 22.0 3.0 394.0 65.66666666666666 5482.273750498917 137.05684376247294 4.3 4.3 123.0 964.0 53.55555555555556
950.0048855897958 22.0 3.0 395.0 65.83333333333334 5485.274218985777 137.13185547464442 4.325 4.325 123.0 968.0 53.77777777777778
951.0037975050136 22.0 3.0 397.0 66.16666666666666 5486.274307622378 137.15685769055943 4.325 4.325 123.0 971.0 53.94444444444444
952.0048855897958 22.0 3.0 398.0 66.33333333333334 5489.2745264383875 137.23186316095968 4.35 4.35 123.0 975.0 54.16666666666667
953.0037975050136 22.0 3.0 400.0 66.66666666666666 5489.367237057278 137.23418092643195 4.35 4.35 123.0 978.0 54.33333333333333
954.0048855897958 22.0 3.0 401.0 66.83333333333334 5492.367566232543 137.30918915581356 4.35 4.35 123.0 982.0 54.55555555555556
955.0037975050136 22.0 3.0 403.0 67.16666666666666 5492.367709209026 137.30919273022565 4.35 4.35 123.0 985.0 54.72222222222222
956.0048855897958 22.0 3.0 404.0 67.33333333333334 5495.368044746036 137.3842011186509 4.35 4.35 123.0 989.0 54.94444444444444
957.0037975050136 22.0 3.0 406.0 67.66666666666666 5495.368061713739 137.38420154284347 4.35 4.35 123.0 992.0 55.111111111111114
958.0048855897958 22.0 3.0 407.0 67.83333333333334 5498.368379586092 137.4592094896523 4.35 4.35 123.0 996.0 55.33333333333333
959.0037975050136 22.0 3.0 409.0 68.16666666666666 5498.3685980094715 137.4592149502368 4.35 4.35 123.0 999.0 55.5
960.0048855897958 22.0 3.0 410.0 68.33333333333334 5501.368890884606 137.53422227211516 4.35 4.35 123.0 1003.0 55.72222222222222
961.0037975050136 22.0 3.0 412.0 68.66666666666666 5501.369058368867 137.53422645922166 4.35 4.35 123.0 1006.0 55.888888888888886
962.0048855897958 22.0 3.0 413.0 68.83333333333334 5504.369473682445 137.60923684206108 4.35 4.35 123.0 1010.0 56.111111111111114
963.0037975050136 22.0 3.0 415.0 69.16666666666666 5504.369656132953 137.6092414033238 4.35 4.35 123.0 1013.0 56.27777777777778
964.0048855897958 22.0 3.0 416.0 69.33333333333334 5507.369898086593 137.6842474521648 4.35 4.35 123.0 1017.0 56.5
965.0037975050136 22.0 3.0 418.0 69.66666666666666 5507.3701089648275 137.68425272412065 4.35 4.35 123.0 1020.0 56.66666666666667
966.0048855897958 22.0 3.0 419.0 69.83333333333334 5510.370488988254 137.75926222470633 4.35 4.35 123.0 1024.0 56.888888888888886
967.0037975050136 22.0 3.0 421.0 70.16666666666666 5510.370614674758 137.75926536686893 4.35 4.35 123.0 1027.0 57.05555555555556
968.0048855897958 22.0 3.0 422.0 70.33333333333334 5513.370897016517 137.8342724254129 4.35 4.35 123.0 1031.0 57.27777777777778
969.0037975050136 22.0 3.0 424.0 70.66666666666666 5513.371072672582 137.83427681681454 4.35 4.35 123.0 1034.0 57.44444444444444
970.0048855897958 22.0 3.0 425.0 70.83333333333334 5516.371343048237 137.9092835762059 4.35 4.35 123.0 1038.0 57.66666666666667
971.0037975050136 22.0 3.0 427.0 71.16666666666666 5516.371519689187 137.90928799222965 4.35 4.35 123.0 1041.0 57.83333333333333
972.0048855897958 22.0 3.0 428.0 71.33333333333334 5519.371705580137 137.98429263950342 4.35 4.35 123.0 1045.0 58.05555555555556
973.0037975050136 22.0 3.0 430.0 71.66666666666666 5519.371842773461 137.98429606933652 4.35 4.35 123.0 1048.0 58.22222222222222
974.0048855897958 22.0 3.0 431.0 71.83333333333334 5522.372271489101 138.05930678722754 4.35 4.35 123.0 1052.0 58.44444444444444
975.0037975050136 22.0 3.0 433.0 72.16666666666666 5522.372324947903 138.05930812369758 4.35 4.35 123.0 1055.0 58.611111111111114
976.0048855897958 22.0 3.0 434.0 72.33333333333334 5525.372541652907 138.13431354132265 4.3 4.3 123.0 1059.0 58.83333333333333
977.0037975050136 23.0 3.0 436.0 72.66666666666666 5525.372648339523 138.13431620848806 4.3 4.3 123.0 1063.0 55.94736842105263
978.0048855897958 23.0 3.0 437.0 72.83333333333334 5528.37303455321 138.20932586383026 4.275 4.275 123.0 1067.0 56.1578947368421
979.0037975050136 23.0 3.0 439.0 73.16666666666666 5528.373136602319 138.20932841505797 4.275 4.275 123.0 1070.0 56.315789473684205
980.0048855897958 23.0 3.0 440.0 73.33333333333334 5531.373563348363 138.28433908370906 4.25 4.25 123.0 1074.0 56.52631578947368
981.0037975050136 23.0 3.0 442.0 73.66666666666666 5532.373563348363 138.30933908370906 4.275 4.275 123.0 1077.0 56.684210526315795
982.0048855897958 23.0 3.0 443.0 73.83333333333334 5535.374140124218 138.38435350310542 4.225 4.225 123.0 1081.0 56.89473684210526
983.0037975050136 23.0 3.0 445.0 74.16666666666666 5536.374140124218 138.40935350310542 4.225 4.225 123.0 1084.0 57.05263157894737
984.0048855897958 23.0 3.0 446.0 74.33333333333334 5538.374305960716 138.45935764901787 4.2 4.2 123.0 1088.0 57.26315789473684
985.0037975050136 23.0 3.0 448.0 74.66666666666666 5539.374305960716 138.48435764901788 4.2 4.2 123.0 1091.0 57.42105263157894
986.0048855897958 23.0 3.0 449.0 74.83333333333334 5539.374305960716 138.48435764901788 4.2 4.2 123.0 1095.0 57.631578947368425
987.0037975050136 24.0 3.0 451.0 75.16666666666666 5539.374305960716 138.48435764901788 4.2 4.2 123.0 1098.0 57.78947368421053
988.0048855897958 24.0 3.0 452.0 75.33333333333334 5539.374305960716 138.48435764901788 4.2 4.2 123.0 1103.0 55.14999999999999
989.0037975050136 24.0 3.0 454.0 75.66666666666666 5539.374305960716 138.48435764901788 4.2 4.2 123.0 1106.0 55.3
990.0048855897958 24.0 3.0 455.0 75.83333333333334 5539.374305960716 138.48435764901788 4.2 4.2 123.0 1111.0 55.55
991.0037975050136 24.0 3.0 457.0 76.16666666666666 5539.374305960716 138.48435764901788 4.2 4.2 123.0 1114.0 55.7
992.0048855897958 24.0 3.0 458.0 76.33333333333334 5539.374305960716 138.48435764901788 4.2 4.2 123.0 1119.0 55.95
993.0037975050136 24.0 3.0 460.0 76.66666666666666 5539.374305960716 138.48435764901788 4.2 4.2 123.0 1122.0 56.10000000000001
994.0048855897958 24.0 3.0 461.0 76.83333333333334 5539.374305960716 138.48435764901788 4.2 4.2 123.0 1127.0 56.35000000000001
995.0037975050136 24.0 3.0 463.0 77.16666666666666 5539.374305960716 138.48435764901788 4.2 4.2 123.0 1130.0 56.5
996.0048855897958 24.0 3.0 464.0 77.33333333333334 5539.374305960716 138.48435764901788 4.2 4.2 123.0 1135.0 56.75
997.0037975050136 24.0 3.0 466.0 77.66666666666666 5539.374305960716 138.48435764901788 4.2 4.2 123.0 1138.0 56.89999999999999
998.0048855897958 24.0 3.0 467.0 77.83333333333334 5539.374305960716 138.48435764901788 4.2 4.2 123.0 1143.0 57.14999999999999
999.0037975050136 24.0 3.0 469.0 78.16666666666666 5539.374305960716 138.48435764901788 4.2 4.2 123.0 1146.0 57.3
1000.0048855897958 24.0 3.0 470.0 78.33333333333334 5539.374305960716 138.48435764901788 4.2 4.2 123.0 1151.0 57.55
1001.0037975050136 24.0 3.0 472.0 78.66666666666666 5539.374305960716 138.48435764901788 4.2 4.2 123.0 1154.0 57.7
1002.0048855897958 25.0 3.0 473.0 78.83333333333334 5539.374305960716 138.48435764901788 4.2 4.2 123.0 1160.0 55.23809523809524
1003.0037975050136 25.0 3.0 475.0 79.16666666666666 5539.374305960716 138.48435764901788 4.2 4.2 123.0 1163.0 55.38095238095239
1004.0048855897958 25.0 3.0 476.0 79.33333333333334 5539.374305960716 138.48435764901788 4.2 4.2 123.0 1169.0 55.66666666666667
1005.0037975050136 25.0 3.0 478.0 79.66666666666666 5539.374305960716 138.48435764901788 4.2 4.2 123.0 1172.0 55.80952380952382
1006.0048855897958 25.0 3.0 479.0 79.83333333333334 5539.374305960716 138.48435764901788 4.2 4.2 123.0 1178.0 56.09523809523809
1007.0037975050136 25.0 3.0 481.0 80.16666666666666 5539.374305960716 138.48435764901788 4.2 4.2 123.0 1181.0 56.23809523809524
1008.0048855897958 25.0 3.0 482.0 80.33333333333334 5539.374305960716 138.48435764901788 4.2 4.2 123.0 1187.0 56.523809523809526
1009.0037975050136 25.0 3.0 484.0 80.66666666666666 5539.374305960716 138.48435764901788 4.2 4.2 123.0 1190.0 56.66666666666667
1010.0048855897958 25.0 3.0 485.0 80.83333333333334 5539.374305960716 138.48435764901788 4.2 4.2 123.0 1196.0 56.95238095238094
1011.0037975050136 25.0 3.0 487.0 81.16666666666666 5539.374305960716 138.48435764901788 4.2 4.2 123.0 1199.0 57.09523809523809
1012.0048855897958 25.0 3.0 488.0 81.33333333333334 5539.374305960716 138.48435764901788 4.2 4.2 123.0 1205.0 57.38095238095239
1013.0037975050136 25.0 3.0 490.0 81.66666666666666 5539.374305960716 138.48435764901788 4.2 4.2 123.0 1208.0 57.523809523809526
1014.0048855897958 25.0 3.0 491.0 81.83333333333334 5539.374305960716 138.48435764901788 4.2 4.2 123.0 1214.0 57.80952380952382
1015.0037975050136 25.0 3.0 493.0 82.16666666666666 5539.374305960716 138.48435764901788 4.2 4.2 123.0 1217.0 57.95238095238094
1016.0048855897958 25.0 3.0 494.0 82.33333333333334 5539.374305960716 138.48435764901788 4.2 4.2 123.0 1223.0 58.23809523809524
1017.0037975050136 25.0 3.0 496.0 82.66666666666666 5539.374305960716 138.48435764901788 4.2 4.2 123.0 1226.0 58.38095238095239
1018.0048855897958 25.0 3.0 497.0 82.83333333333334 5539.374305960716 138.48435764901788 4.2 4.2 123.0 1232.0 58.66666666666667
1019.0037975050136 25.0 3.0 499.0 83.16666666666666 5539.374305960716 138.48435764901788 4.2 4.2 123.0 1235.0 58.80952380952382
1020.0048855897958 25.0 3.0 500.0 83.33333333333334 5539.374305960716 138.48435764901788 4.2 4.2 123.0 1241.0 59.09523809523809
1021.0037975050136 25.0 3.0 502.0 83.66666666666666 5539.374305960716 138.48435764901788 4.2 4.2 123.0 1244.0 59.23809523809524
1022.0048855897958 25.0 3.0 503.0 83.83333333333334 5539.374305960716 138.48435764901788 4.2 4.2 123.0 1250.0 59.523809523809526
1023.0037975050136 25.0 3.0 505.0 84.16666666666666 5539.374305960716 138.48435764901788 4.2 4.2 123.0 1253.0 59.66666666666667
1024.0048855897958 25.0 3.0 506.0 84.33333333333334 5539.374305960716 138.48435764901788 4.2 4.2 123.0 1259.0 59.95238095238094
1025.0037975050136 25.0 3.0 508.0 84.66666666666666 5539.374305960716 138.48435764901788 4.2 4.2 123.0 1262.0 60.09523809523809
1026.0048855897958 25.0 3.0 509.0 84.83333333333334 5539.374305960716 138.48435764901788 4.2 4.2 123.0 1268.0 60.38095238095239
1027.0037975050136 25.0 3.0 511.0 85.16666666666666 5539.374305960716 138.48435764901788 4.2 4.2 123.0 1271.0 60.523809523809526
1028.0048855897958 25.0 3.0 512.0 85.33333333333334 5539.374305960716 138.48435764901788 4.2 4.2 123.0 1277.0 60.80952380952382
1029.0037975050136 25.0 3.0 514.0 85.66666666666666 5539.374305960716 138.48435764901788 4.2 4.2 123.0 1280.0 60.95238095238094
1030.0048855897958 25.0 3.0 515.0 85.83333333333334 5539.374305960716 138.48435764901788 4.2 4.2 123.0 1286.0 61.23809523809524
1031.0037975050136 25.0 3.0 517.0 86.16666666666666 5539.374305960716 138.48435764901788 4.2 4.2 123.0 1289.0 61.38095238095239
1032.0048855897958 25.0 3.0 518.0 86.33333333333334 5539.374305960716 138.48435764901788 4.2 4.2 123.0 1295.0 61.66666666666667
1033.0037975050136 25.0 3.0 520.0 86.66666666666666 5539.374305960716 138.48435764901788 4.2 4.2 123.0 1298.0 61.80952380952382
1034.0048855897958 25.0 3.0 521.0 86.83333333333334 5539.374305960716 138.48435764901788 4.2 4.2 123.0 1304.0 62.09523809523809
1035.0037975050136 25.0 3.0 523.0 87.16666666666666 5539.374305960716 138.48435764901788 4.2 4.2 123.0 1307.0 62.23809523809524
1036.0048855897958 25.0 3.0 524.0 87.33333333333334 5539.374305960716 138.48435764901788 4.2 4.2 123.0 1313.0 62.523809523809526
1037.0037975050136 25.0 3.0 526.0 87.66666666666666 5539.374305960716 138.48435764901788 4.2 4.2 123.0 1316.0 62.66666666666667
1038.0048855897958 25.0 3.0 527.0 87.83333333333334 5539.374305960716 138.48435764901788 4.2 4.2 123.0 1322.0 62.95238095238094
1039.0037975050136 25.0 3.0 529.0 88.16666666666666 5539.374305960716 138.48435764901788 4.2 4.2 123.0 1325.0 63.09523809523809
1040.0048855897958 25.0 3.0 530.0 88.33333333333334 5539.374305960716 138.48435764901788 4.2 4.2 123.0 1331.0 63.38095238095239
1041.0037975050136 25.0 3.0 532.0 88.66666666666666 5539.374305960716 138.48435764901788 4.2 4.2 123.0 1334.0 63.523809523809526
1042.0048855897958 25.0 3.0 533.0 88.83333333333334 5539.374305960716 138.48435764901788 4.2 4.2 123.0 1340.0 63.80952380952382
1043.0037975050136 25.0 3.0 535.0 89.16666666666666 5539.374305960716 138.48435764901788 4.2 4.2 123.0 1343.0 63.95238095238094
1044.0048855897958 25.0 3.0 536.0 89.33333333333334 5539.374305960716 138.48435764901788 4.2 4.2 123.0 1349.0 64.23809523809524
1045.0037975050136 25.0 3.0 538.0 89.66666666666666 5539.374305960716 138.48435764901788 4.2 4.2 123.0 1352.0 64.38095238095238
1046.0048855897958 25.0 3.0 539.0 89.83333333333334 5539.374305960716 138.48435764901788 4.2 4.2 123.0 1358.0 64.66666666666666
1047.0037975050136 25.0 3.0 541.0 90.16666666666666 5539.374305960716 138.48435764901788 4.2 4.2 123.0 1361.0 64.80952380952381
1048.0048855897958 25.0 3.0 542.0 90.33333333333334 5539.374305960716 138.48435764901788 4.2 4.2 123.0 1367.0 65.0952380952381
1049.0037975050136 25.0 2.0 543.0 90.5 5539.374305960716 138.48435764901788 4.2 4.2 123.0 1370.0 65.23809523809524
1050.0048855897958 25.0 2.0 544.0 90.66666666666666 5539.374305960716 138.48435764901788 4.2 4.2 123.0 1376.0 65.52380952380952
1051.0037975050136 25.0 2.0 545.0 90.83333333333334 5542.374305960716 138.55935764901787 4.225 4.225 124.0 1379.0 65.66666666666666
1052.0048855897958 25.0 2.0 546.0 91.0 5547.374445824109 138.6843611456027 4.25 4.25 125.0 1384.0 65.9047619047619
1053.0037975050136 25.0 2.0 547.0 91.16666666666666 5555.374571265124 138.88436428162808 4.25 4.25 126.0 1386.0 66.0
1054.0048855897958 25.0 2.0 548.0 91.33333333333334 5563.374760941102 139.08436902352753 4.275 4.275 124.0 1390.0 66.19047619047619
1055.0037975050136 25.0 2.0 549.0 91.5 5575.374760941102 139.38436902352754 4.275 4.275 121.0 1392.0 66.28571428571429
1056.0048855897958 25.0 1.0 549.0 91.5 5585.374760941102 139.63436902352754 4.275 4.275 121.0 1396.0 66.47619047619048
1057.0037975050136 25.0 0.0 549.0 91.5 5597.374760941102 139.93436902352752 4.275 4.275 121.0 1396.0 66.47619047619048
1058.0048855897958 25.0 0.0 549.0 91.5 5608.375024498841 140.209375612471 4.275 4.275 142.0 1398.0 66.57142857142858
1059.0037975050136 25.0 0.0 549.0 91.5 5624.375024498841 140.609375612471 4.3 4.3 169.0 1398.0 66.57142857142858
1060.0048855897958 25.0 0.0 549.0 91.5 5637.375024498841 140.93437561247103 4.325 4.325 169.0 1400.0 66.66666666666666
1061.0037975050136 25.0 0.0 549.0 91.5 5654.375024498841 141.359375612471 4.325 4.325 187.0 1400.0 66.66666666666666
1062.0048855897958 25.0 0.0 549.0 91.5 5667.375024498841 141.68437561247103 4.325 4.325 187.0 1402.0 66.76190476190476
1063.0037975050136 25.0 0.0 549.0 91.5 5684.375024498841 142.109375612471 4.325 4.325 187.0 1402.0 66.76190476190476
1064.0048855897958 25.0 0.0 549.0 91.5 5697.375024498841 142.43437561247103 4.325 4.325 187.0 1404.0 66.85714285714286
1065.0037975050136 25.0 0.0 549.0 91.5 5714.375024498841 142.859375612471 4.35 4.35 187.0 1404.0 66.85714285714286
1066.0048855897958 25.0 0.0 549.0 91.5 5727.375024498841 143.18437561247103 4.375 4.375 187.0 1406.0 66.95238095238095
1067.0037975050136 25.0 0.0 549.0 91.5 5744.375024498842 143.609375612471 4.375 4.375 187.0 1406.0 66.95238095238095
1068.0048855897958 25.0 0.0 549.0 91.5 5757.375024498842 143.93437561247103 4.375 4.375 187.0 1408.0 67.04761904761905
1069.0037975050136 25.0 0.0 549.0 91.5 5774.375024498842 144.359375612471 4.375 4.375 187.0 1408.0 67.04761904761905
1070.0048855897958 25.0 0.0 549.0 91.5 5787.375024498842 144.68437561247103 4.375 4.375 187.0 1410.0 67.14285714285714
1071.0037975050136 25.0 0.0 549.0 91.5 5804.375024498842 145.109375612471 4.375 4.375 187.0 1410.0 67.14285714285714
1072.0048855897958 25.0 0.0 549.0 91.5 5817.375024498842 145.43437561247103 4.375 4.375 187.0 1412.0 67.23809523809524
1073.0037975050136 25.0 0.0 549.0 91.5 5834.375024498842 145.859375612471 4.4 4.4 187.0 1412.0 67.23809523809524
1074.0048855897958 25.0 0.0 549.0 91.5 5847.375024498842 146.18437561247103 4.425 4.425 187.0 1414.0 67.33333333333334
1075.0037975050136 25.0 0.0 549.0 91.5 5864.375024498842 146.609375612471 4.425 4.425 187.0 1414.0 67.33333333333334
1076.0048855897958 25.0 0.0 549.0 91.5 5877.375024498842 146.93437561247103 4.425 4.425 187.0 1416.0 67.42857142857142
1077.0037975050136 25.0 0.0 549.0 91.5 5894.375024498842 147.359375612471 4.425 4.425 187.0 1416.0 67.42857142857142
1078.0048855897958 25.0 0.0 549.0 91.5 5907.375024498842 147.68437561247103 4.425 4.425 187.0 1418.0 67.52380952380952
1079.0037975050136 25.0 0.0 549.0 91.5 5924.375024498841 148.109375612471 4.425 4.425 187.0 1418.0 67.52380952380952
1080.0048855897958 25.0 0.0 549.0 91.5 5937.375024498841 148.43437561247103 4.45 4.45 187.0 1420.0 67.61904761904762
1081.0037975050136 25.0 0.0 549.0 91.5 5954.375024498841 148.859375612471 4.475 4.475 187.0 1420.0 67.61904761904762
1082.0048855897958 25.0 0.0 549.0 91.5 5967.375024498841 149.18437561247103 4.475 4.475 187.0 1422.0 67.71428571428571
1083.0037975050136 25.0 0.0 549.0 91.5 5984.375024498841 149.609375612471 4.475 4.475 187.0 1422.0 67.71428571428571
1084.0048855897958 25.0 0.0 549.0 91.5 5997.375024498841 149.93437561247103 4.5 4.5 187.0 1424.0 67.80952380952381
1085.0037975050136 25.0 0.0 549.0 91.5 6014.375024498841 150.359375612471 4.525 4.525 187.0 1424.0 67.80952380952381
1086.0048855897958 25.0 0.0 549.0 91.5 6027.375024498841 150.68437561247103 4.525 4.525 187.0 1426.0 67.9047619047619
1087.0037975050136 25.0 0.0 549.0 91.5 6043.4935560172635 151.08733890043155 4.525 4.525 187.0 1426.0 67.9047619047619
1088.0048855897958 25.0 0.0 549.0 91.5 6056.4935560172635 151.41233890043156 4.55 4.55 187.0 1428.0 68.0
1089.0037975050136 25.0 0.0 549.0 91.5 6072.49368077665 151.8123420194162 4.55 4.55 187.0 1428.0 68.0
1090.0048855897958 25.0 0.0 549.0 91.5 6085.49368077665 152.1373420194162 4.575 4.575 187.0 1430.0 68.0952380952381
1091.0037975050136 25.0 0.0 549.0 91.5 6101.493744908426 152.53734362271064 4.6 4.6 187.0 1430.0 68.0952380952381
1092.0048855897958 25.0 0.0 549.0 91.5 6114.493744908426 152.86234362271063 4.625 4.625 187.0 1432.0 68.19047619047619
1093.0037975050136 25.0 0.0 549.0 91.5 6130.49379355485 153.26234483887123 4.625 4.625 187.0 1432.0 68.19047619047619
1094.0048855897958 25.0 0.0 549.0 91.5 6143.49379355485 153.58734483887122 4.65 4.65 187.0 1434.0 68.28571428571429
1095.0037975050136 25.0 0.0 549.0 91.5 6159.494020617452 153.98735051543628 4.7 4.7 187.0 1434.0 68.28571428571429
1096.0048855897958 25.0 0.0 549.0 91.5 6172.494020617452 154.31235051543626 4.7 4.7 187.0 1436.0 68.38095238095238
1097.0037975050136 25.0 0.0 549.0 91.5 6188.494276501242 154.71235691253102 4.725 4.725 185.0 1436.0 68.38095238095238
1098.0048855897958 25.0 0.0 549.0 91.5 6201.494276501242 155.03735691253104 4.725 4.725 161.0 1438.0 68.47619047619048
1099.0037975050136 25.0 0.0 549.0 91.5 6217.494446440843 155.43736116102104 4.75 4.75 163.0 1438.0 68.47619047619048
1100.0048855897958 25.0 1.0 550.0 78.57142857142858 6230.494446440843 155.76236116102103 4.75 4.75 164.0 1440.0 68.57142857142858
1101.0037975050136 25.0 1.0 550.0 78.57142857142858 6247.494713617054 156.1873678404263 4.775 4.775 145.0 1440.0 68.57142857142858
1102.0048855897958 25.0 1.0 551.0 78.71428571428571 6260.494713617054 156.5123678404263 4.75 4.75 145.0 1442.0 68.66666666666666
1103.0037975050136 25.0 1.0 551.0 78.71428571428571 6276.494788600008 156.91236971500015 4.75 4.75 126.0 1442.0 68.66666666666666
1104.0048855897958 25.0 1.0 552.0 78.85714285714285 6289.494788600008 157.23736971500017 4.725 4.725 126.0 1444.0 68.76190476190476
1105.0037975050136 25.0 1.0 552.0 78.85714285714285 6304.530450229685 157.6132612557421 4.725 4.725 126.0 1444.0 68.76190476190476
1106.0048855897958 25.0 1.0 553.0 79.0 6317.530450229685 157.93826125574208 4.725 4.725 126.0 1446.0 68.85714285714286
1107.0037975050136 25.0 1.0 553.0 79.0 6332.530655910665 158.3132663977666 4.725 4.725 126.0 1446.0 68.85714285714286
1108.0048855897958 25.0 1.0 554.0 79.14285714285715 6344.966640275227 158.62416600688064 4.725 4.725 126.0 1448.0 68.95238095238095
1109.0037975050136 25.0 1.0 554.0 79.14285714285715 6359.967065827638 158.9991766456909 4.725 4.725 126.0 1448.0 68.95238095238095
1110.0048855897958 25.0 1.0 555.0 79.28571428571429 6371.967149966172 159.29917874915427 4.725 4.725 126.0 1450.0 69.04761904761905
1111.0037975050136 25.0 1.0 555.0 79.28571428571429 6386.96748020107 159.67418700502674 4.75 4.75 126.0 1450.0 69.04761904761905
1112.0048855897958 25.0 1.0 556.0 79.42857142857142 6398.967569278265 159.9741892319566 4.8 4.8 126.0 1452.0 69.14285714285714
1113.0037975050136 25.0 1.0 556.0 79.42857142857142 6413.968018902946 160.3492004725736 4.85 4.85 115.0 1452.0 69.14285714285714
1114.0048855897958 25.0 1.0 557.0 79.57142857142858 6425.968111884146 160.6492027971036 4.875 4.875 115.0 1454.0 69.23809523809524
1115.0037975050136 25.0 1.0 557.0 79.57142857142858 6440.96841878224 161.02421046955598 4.875 4.875 115.0 1454.0 69.23809523809524
1116.0048855897958 25.0 1.0 558.0 79.71428571428571 6452.968504821634 161.32421262054083 4.875 4.875 115.0 1456.0 69.33333333333334
1117.0037975050136 25.0 1.0 558.0 79.71428571428571 6467.250327235186 161.68125818087964 4.9 4.9 115.0 1457.0 69.38095238095238
1118.0048855897958 25.0 1.0 559.0 79.85714285714285 6479.250451806174 161.98126129515435 4.9 4.9 115.0 1459.0 69.47619047619048
1119.0037975050136 25.0 1.0 559.0 79.85714285714285 6493.251004406353 162.3312751101588 4.925 4.925 115.0 1459.0 69.47619047619048
1120.0048855897958 25.0 1.0 560.0 80.0 6505.251086281731 162.63127715704323 4.975 4.975 115.0 1461.0 69.57142857142858
1121.0037975050136 25.0 1.0 560.0 80.0 6520.251634747948 163.00629086869864 5.0 5.0 115.0 1461.0 69.57142857142858
1122.0048855897958 25.0 1.0 561.0 80.14285714285715 6532.251720047309 163.3062930011827 5.025 5.025 115.0 1463.0 69.66666666666666
1123.0037975050136 25.0 1.0 561.0 80.14285714285715 6547.252113197766 163.68130282994412 5.025 5.025 115.0 1463.0 69.66666666666666
1124.0048855897958 25.0 1.0 562.0 80.28571428571429 6559.252129188032 163.98130322970076 5.05 5.05 115.0 1465.0 69.76190476190476
1125.0037975050136 25.0 1.0 562.0 80.28571428571429 6574.252504254664 164.35631260636657 5.05 5.05 115.0 1465.0 69.76190476190476
1126.0048855897958 25.0 1.0 563.0 80.42857142857142 6586.252552197409 164.6563138049352 5.1 5.1 115.0 1467.0 69.85714285714286
1127.0037975050136 25.0 1.0 563.0 80.42857142857142 6601.25301937924 165.031325484481 5.125 5.125 115.0 1467.0 69.85714285714286
1128.0048855897958 25.0 1.0 564.0 80.57142857142858 6613.253154330223 165.33132885825555 5.125 5.125 115.0 1469.0 69.95238095238095
1129.0037975050136 25.0 1.0 564.0 80.57142857142858 6628.253408832053 165.7063352208013 5.15 5.15 115.0 1469.0 69.95238095238095
1130.0048855897958 25.0 1.0 565.0 80.71428571428571 6640.25362348028 166.00634058700697 5.15 5.15 115.0 1471.0 70.04761904761905
1131.0037975050136 25.0 1.0 565.0 80.71428571428571 6655.253808795713 166.38134521989278 5.175 5.175 115.0 1471.0 70.04761904761905
1132.0048855897958 25.0 1.0 566.0 80.85714285714285 6667.253945064729 166.6813486266182 5.2 5.2 115.0 1473.0 70.14285714285714
1133.0037975050136 25.0 1.0 566.0 80.85714285714285 6682.254339944059 167.05635849860144 5.2 5.2 115.0 1473.0 70.14285714285714
1134.0048855897958 25.0 1.0 567.0 81.0 6694.254515984982 167.35636289962451 5.2 5.2 115.0 1475.0 70.23809523809524
1135.0037975050136 25.0 1.0 567.0 81.0 6709.255123540248 167.73137808850618 5.2 5.2 115.0 1475.0 70.23809523809524
1136.0048855897958 25.0 1.0 568.0 81.14285714285715 6721.255218913983 168.03138047284958 5.2 5.2 115.0 1477.0 70.33333333333334
1137.0037975050136 25.0 1.0 568.0 81.14285714285715 6736.255450367232 168.40638625918075 5.2 5.2 115.0 1477.0 70.33333333333334
1138.0048855897958 25.0 1.0 569.0 81.28571428571429 6748.255647442319 168.70639118605794 5.2 5.2 115.0 1479.0 70.42857142857142
1139.0037975050136 25.0 1.0 569.0 81.28571428571429 6763.25623012364 169.08140575309096 5.2 5.2 115.0 1479.0 70.42857142857142
1140.0048855897958 25.0 1.0 570.0 81.42857142857142 6774.65295155593 169.3663237888982 5.2 5.2 115.0 1481.0 70.52380952380952
1141.0037975050136 25.0 1.0 570.0 81.42857142857142 6789.653361680175 169.74133404200435 5.2 5.2 115.0 1481.0 70.52380952380952
1142.0048855897958 25.0 1.0 571.0 81.57142857142858 6800.6536441563 170.01634110390748 5.2 5.2 115.0 1483.0 70.61904761904762
1143.0037975050136 25.0 1.0 571.0 81.57142857142858 6815.6539956576935 170.3913498914423 5.2 5.2 115.0 1483.0 70.61904761904762
1144.0048855897958 25.0 1.0 572.0 81.71428571428571 6826.654157779697 170.66635394449239 5.2 5.2 115.0 1485.0 70.71428571428571
1145.0037975050136 25.0 1.0 572.0 81.71428571428571 6841.654579372262 171.0413644843065 5.2 5.2 115.0 1485.0 70.71428571428571
1146.0048855897958 25.0 1.0 573.0 81.85714285714285 6852.654813234623 171.31637033086554 5.2 5.2 115.0 1487.0 70.80952380952381
1147.0037975050136 25.0 1.0 573.0 81.85714285714285 6867.6550235335835 171.69137558833955 5.2 5.2 115.0 1487.0 70.80952380952381
1148.0048855897958 25.0 1.0 574.0 82.0 6878.655279099519 171.96638197748797 5.2 5.2 115.0 1489.0 70.90476190476191
1149.0037975050136 25.0 1.0 574.0 82.0 6893.655452594303 172.34138631485754 5.2 5.2 115.0 1489.0 70.90476190476191
1150.0048855897958 25.0 1.0 575.0 82.14285714285715 6904.655704836094 172.6163926209023 5.2 5.2 115.0 1491.0 71.0
1151.0037975050136 25.0 1.0 575.0 82.14285714285715 6919.656433719501 172.9914108429875 5.2 5.2 115.0 1491.0 71.0
1152.0048855897958 25.0 1.0 576.0 82.28571428571429 6930.656846729347 173.26642116823368 5.2 5.2 115.0 1493.0 71.09523809523809
1153.0037975050136 25.0 1.0 576.0 82.28571428571429 6945.657394493906 173.64143486234764 5.2 5.2 115.0 1493.0 71.09523809523809
1154.0048855897958 25.0 1.0 577.0 82.42857142857142 6956.278564103167 173.90696410257917 5.2 5.2 115.0 1496.0 71.23809523809524
1155.0037975050136 25.0 1.0 577.0 82.42857142857142 6971.278929936909 174.2819732484227 5.2 5.2 115.0 1496.0 71.23809523809524
1156.0048855897958 25.0 1.0 578.0 82.57142857142858 6981.279557568903 174.53198893922254 5.2 5.2 115.0 1498.0 71.33333333333334
1157.0037975050136 25.0 1.0 578.0 82.57142857142858 6996.279947723634 174.90699869309083 5.2 5.2 115.0 1498.0 71.33333333333334
1158.0048855897958 25.0 1.0 579.0 82.71428571428571 7007.280218129283 175.18200545323205 5.2 5.2 115.0 1500.0 71.42857142857142
1159.0037975050136 25.0 1.0 579.0 82.71428571428571 7022.280395022607 175.55700987556517 5.2 5.2 115.0 1500.0 71.42857142857142
1160.0048855897958 25.0 1.0 580.0 82.85714285714285 7033.2810363993085 175.8320259099827 5.2 5.2 115.0 1502.0 71.52380952380952
1161.0037975050136 25.0 1.0 580.0 82.85714285714285 7048.262715898027 176.20656789745064 5.2 5.2 115.0 1502.0 71.52380952380952
1162.0048855897958 25.0 0.0 580.0 82.85714285714285 7059.262870553922 176.48157176384802 5.225 5.225 115.0 1502.0 71.52380952380952
1163.0037975050136 25.0 0.0 580.0 82.85714285714285 7073.263369297036 176.83158423242588 5.25 5.25 115.0 1502.0 71.52380952380952
1164.0048855897958 25.0 0.0 580.0 82.85714285714285 7086.263933028629 177.1565983257157 5.25 5.25 113.0 1502.0 71.52380952380952
1165.0037975050136 25.0 0.0 580.0 82.85714285714285 7101.264428053396 177.53161070133487 5.25 5.25 112.0 1502.0 71.52380952380952
1166.0048855897958 25.0 0.0 580.0 82.85714285714285 7114.264652985622 177.85661632464053 5.25 5.25 112.0 1502.0 71.52380952380952
1167.0037975050136 25.0 0.0 580.0 82.85714285714285 7129.265249522785 178.2316312380696 5.25 5.25 112.0 1502.0 71.52380952380952
1168.0048855897958 25.0 0.0 580.0 82.85714285714285 7142.2656713972665 178.55664178493166 5.25 5.25 112.0 1502.0 71.52380952380952
1169.0037975050136 25.0 0.0 580.0 82.85714285714285 7157.266393194162 178.93165982985406 5.25 5.25 112.0 1502.0 71.52380952380952
1170.0048855897958 25.0 0.0 580.0 82.85714285714285 7170.266698685819 179.25666746714546 5.225 5.225 112.0 1502.0 71.52380952380952
1171.0037975050136 25.0 0.0 580.0 82.85714285714285 7184.46631687593 179.6116579218982 5.125 5.125 112.0 1502.0 71.52380952380952
1172.0048855897958 25.0 0.0 580.0 82.85714285714285 7197.466849800448 179.93667124501115 5.125 5.125 112.0 1502.0 71.52380952380952
1173.0037975050136 25.0 1.0 581.0 83.0 7211.467562218076 180.28668905545186 5.025 5.025 112.0 1502.0 71.52380952380952
1174.0048855897958 25.0 1.0 581.0 83.0 7224.467956432067 180.61169891080164 4.975 4.975 112.0 1502.0 71.52380952380952
1175.0037975050136 25.0 1.0 582.0 83.14285714285715 7237.094340206898 180.9273585051724 4.9 4.9 112.0 1502.0 71.52380952380952
1176.0048855897958 25.0 1.0 582.0 83.14285714285715 7250.094735163093 181.2523683790773 4.875 4.875 112.0 1502.0 71.52380952380952
1177.0037975050136 25.0 1.0 583.0 83.28571428571429 7260.0952357016395 181.50238089254094 4.825 4.825 112.0 1502.0 71.52380952380952
1178.0048855897958 25.0 1.0 583.0 83.28571428571429 7273.095622220643 181.82739055551605 4.875 4.875 112.0 1502.0 71.52380952380952
1179.0037975050136 25.0 1.0 584.0 83.42857142857142 7283.096037274145 182.0774009318536 4.825 4.825 112.0 1502.0 71.52380952380952
1180.0048855897958 25.0 1.0 584.0 83.42857142857142 7296.096420039443 182.40241050098604 4.7 4.7 112.0 1502.0 71.52380952380952
1181.0037975050136 25.0 1.0 585.0 83.57142857142858 7306.097021451074 182.65242553627684 4.625 4.625 112.0 1502.0 71.52380952380952
1182.0048855897958 25.0 1.0 585.0 83.57142857142858 7319.097495776982 182.97743739442453 4.575 4.575 112.0 1502.0 71.52380952380952
1183.0037975050136 25.0 1.0 586.0 83.71428571428571 7329.0979271720435 183.22744817930106 4.6 4.6 112.0 1502.0 71.52380952380952
1184.0048855897958 25.0 1.0 586.0 83.71428571428571 7342.098031388108 183.55245078470267 4.6 4.6 112.0 1502.0 71.52380952380952
1185.0037975050136 25.0 1.0 587.0 83.85714285714285 7352.098301685845 183.80245754214613 4.575 4.575 112.0 1502.0 71.52380952380952
1186.0048855897958 25.0 1.0 587.0 83.85714285714285 7364.648335210321 184.116208380258 4.55 4.55 112.0 1502.0 71.52380952380952
1187.0037975050136 25.0 1.0 588.0 84.0 7374.648790645363 184.36621976613404 4.55 4.55 112.0 1502.0 71.52380952380952
1188.0048855897958 25.0 1.0 588.0 84.0 7386.649268038265 184.66623170095662 4.525 4.525 112.0 1502.0 71.52380952380952
1189.0037975050136 25.0 1.0 589.0 84.14285714285715 7396.649753902211 184.91624384755525 4.475 4.475 112.0 1502.0 71.52380952380952
1190.0048855897958 25.0 1.0 589.0 84.14285714285715 7408.650415036046 185.21626037590113 4.425 4.425 112.0 1502.0 71.52380952380952
1191.0037975050136 25.0 1.0 590.0 84.28571428571429 7418.6506855279 185.46626713819748 4.425 4.425 112.0 1502.0 71.52380952380952
1192.0048855897958 25.0 1.0 590.0 84.28571428571429 7429.914938937624 185.74787347344056 4.45 4.45 112.0 1503.0 71.57142857142858
1193.0037975050136 25.0 1.0 591.0 84.42857142857142 7438.407124679642 185.96017811699105 4.45 4.45 112.0 1505.0 71.66666666666666
1194.0048855897958 25.0 1.0 591.0 84.42857142857142 7449.407771971856 186.2351942992964 4.45 4.45 112.0 1505.0 71.66666666666666
1195.0037975050136 25.0 1.0 592.0 84.57142857142858 7457.408672989423 186.43521682473556 4.45 4.45 112.0 1505.0 71.66666666666666
1196.0048855897958 25.0 1.0 592.0 84.57142857142858 7469.409144067555 186.73522860168885 4.45 4.45 112.0 1505.0 71.66666666666666
1197.0037975050136 25.0 1.0 593.0 84.71428571428571 7479.409786400855 186.98524466002135 4.475 4.475 112.0 1505.0 71.66666666666666
1198.0048855897958 25.0 1.0 593.0 84.71428571428571 7491.410101097253 187.28525252743128 4.5 4.5 112.0 1505.0 71.66666666666666
1199.0037975050136 25.0 1.0 594.0 84.85714285714285 7501.363344855945 187.53408362139862 4.5 4.5 112.0 1506.0 71.71428571428571
1200.0048855897958 25.0 1.0 594.0 84.85714285714285 7513.364023007602 187.83410057519 4.525 4.525 112.0 1506.0 71.71428571428571
1201.0037975050136 25.0 1.0 595.0 85.0 7522.364494375738 188.05911235939342 4.55 4.55 112.0 1506.0 71.71428571428571
1202.0048855897958 25.0 1.0 595.0 85.0 7534.364999597191 188.35912498992974 4.55 4.55 112.0 1506.0 71.71428571428571
1203.0037975050136 25.0 1.0 596.0 85.14285714285715 7544.365285638568 188.60913214096416 4.55 4.55 112.0 1506.0 71.71428571428571
1204.0048855897958 25.0 1.0 596.0 85.14285714285715 7556.365663303921 188.909141582598 4.55 4.55 112.0 1506.0 71.71428571428571
1205.0037975050136 25.0 1.0 597.0 85.28571428571429 7566.366017111877 189.15915042779693 4.55 4.55 112.0 1506.0 71.71428571428571
1206.0048855897958 25.0 1.0 597.0 85.28571428571429 7578.366565620851 189.45916414052124 4.55 4.55 112.0 1506.0 71.71428571428571
1207.0037975050136 26.0 1.0 598.0 85.42857142857142 7588.367086392838 189.7091771598209 4.55 4.55 112.0 1507.0 68.5
1208.0048855897958 26.0 1.0 598.0 85.42857142857142 7600.367738603451 190.00919346508624 4.5 4.5 112.0 1507.0 68.5
1209.0037975050136 26.0 1.0 599.0 85.57142857142858 7610.368239279376 190.2592059819844 4.5 4.5 112.0 1507.0 68.5
1210.0048855897958 26.0 1.0 599.0 85.57142857142858 7622.3686894727425 190.55921723681854 4.425 4.425 112.0 1507.0 68.5
1211.0037975050136 26.0 1.0 600.0 85.71428571428571 7633.36894980172 190.83422374504298 4.375 4.375 112.0 1507.0 68.5
1212.0048855897958 26.0 1.0 600.0 85.71428571428571 7645.369343333162 191.134233583329 4.35 4.35 112.0 1507.0 68.5
1213.0037975050136 26.0 1.0 601.0 85.85714285714285 7656.369612697309 191.4092403174327 4.325 4.325 112.0 1507.0 68.5
1214.0048855897958 26.0 1.0 601.0 85.85714285714285 7668.370162990766 191.70925407476912 4.325 4.325 112.0 1507.0 68.5
1215.0037975050136 26.0 1.0 602.0 86.0 7679.370549897054 191.9842637474263 4.3 4.3 112.0 1507.0 68.5
1216.0048855897958 26.0 1.0 602.0 86.0 7691.3710974670785 192.28427743667692 4.3 4.3 112.0 1507.0 68.5
1217.0037975050136 26.0 1.0 603.0 86.14285714285715 7702.371559847631 192.55928899619073 4.3 4.3 112.0 1507.0 68.5
1218.0048855897958 26.0 1.0 603.0 86.14285714285715 7714.372229309864 192.85930573274658 4.275 4.275 112.0 1507.0 68.5
1219.0037975050136 26.0 2.0 605.0 75.625 7725.372669031368 193.13431672578417 4.2 4.2 112.0 1507.0 68.5
1220.0048855897958 26.0 2.0 605.0 75.625 7737.373097373523 193.43432743433803 4.225 4.225 112.0 1507.0 68.5
1221.0037975050136 26.0 2.0 607.0 75.875 7747.373331663317 193.68433329158287 4.175 4.175 112.0 1507.0 68.5
1222.0048855897958 26.0 2.0 607.0 75.875 7759.37386116381 193.98434652909523 4.2 4.2 112.0 1507.0 68.5
1223.0037975050136 26.0 2.0 609.0 76.125 7769.37417801166 194.23435445029145 4.2 4.2 112.0 1507.0 68.5
1224.0048855897958 27.0 2.0 609.0 76.125 7781.374521711147 194.53436304277866 4.175 4.175 112.0 1507.0 68.5
1225.0037975050136 27.0 2.0 611.0 76.375 7791.374860016528 194.7843715004132 4.225 4.225 112.0 1508.0 65.56521739130434
1226.0048855897958 27.0 2.0 611.0 76.375 7803.375291914331 195.08438229785824 4.25 4.25 112.0 1508.0 65.56521739130434
1227.0037975050136 27.0 2.0 613.0 76.625 7813.375626663188 195.33439066657968 4.225 4.225 112.0 1508.0 65.56521739130434
1228.0048855897958 27.0 2.0 613.0 76.625 7824.376001772929 195.60940004432322 4.2 4.2 112.0 1508.0 65.56521739130434
1229.0037975050136 28.0 2.0 615.0 76.875 7835.376155777814 195.88440389444534 4.2 4.2 112.0 1508.0 65.56521739130434
1230.0048855897958 28.0 2.0 615.0 76.875 7846.37652345006 196.15941308625145 4.175 4.175 112.0 1509.0 62.875
1231.0037975050136 28.0 2.0 617.0 77.125 7857.376775624695 196.43441939061734 4.125 4.125 112.0 1509.0 62.875
1232.0048855897958 28.0 2.0 617.0 77.125 7868.377098967945 196.7094274741986 4.05 4.05 112.0 1509.0 62.875
1233.0037975050136 28.0 2.0 619.0 77.375 7879.377353940331 196.98443384850825 4.05 4.05 112.0 1509.0 62.875
1234.0048855897958 28.0 2.0 619.0 77.375 7891.377540646124 197.28443851615307 4.05 4.05 112.0 1509.0 62.875
1235.0037975050136 28.0 2.0 621.0 77.625 7902.3777142620975 197.55944285655244 4.05 4.05 112.0 1509.0 62.875
1236.0048855897958 28.0 2.0 621.0 77.625 7914.377824180829 197.85944560452072 4.05 4.05 112.0 1509.0 62.875
1237.0037975050136 28.0 2.0 623.0 77.875 7925.377853077859 198.13444632694646 4.075 4.075 112.0 1509.0 62.875
1238.0048855897958 28.0 2.0 623.0 77.875 7935.890603436925 198.39726508592307 4.125 4.125 112.0 1510.0 62.916666666666664
1239.0037975050136 28.0 2.0 625.0 78.125 7946.890686658695 198.67226716646732 4.1 4.1 112.0 1510.0 62.916666666666664
1240.0048855897958 28.0 2.0 625.0 78.125 7955.928273946623 198.89820684866555 4.125 4.125 112.0 1510.0 62.916666666666664
1241.0037975050136 28.0 2.0 627.0 78.375 7966.928501305703 199.17321253264257 4.1 4.1 112.0 1510.0 62.916666666666664
1242.0048855897958 28.0 2.0 627.0 78.375 7977.928957516272 199.44822393790676 4.125 4.125 112.0 1510.0 62.916666666666664
1243.0037975050136 28.0 2.0 629.0 78.625 7988.929267333008 199.72323168332517 4.1 4.1 112.0 1510.0 62.916666666666664
1244.0048855897958 28.0 2.0 629.0 78.625 8000.9300336534725 200.0232508413368 4.125 4.125 112.0 1510.0 62.916666666666664
1245.0037975050136 28.0 2.0 631.0 78.875 8011.930246321438 200.29825615803594 4.075 4.075 112.0 1510.0 62.916666666666664
1246.0048855897958 28.0 2.0 631.0 78.875 8024.767331605402 200.61918329013506 4.075 4.075 112.0 1510.0 62.916666666666664
1247.0037975050136 28.0 2.0 633.0 79.125 8035.7676151442265 200.89419037860563 4.05 4.05 112.0 1510.0 62.916666666666664
1248.0048855897958 28.0 2.0 633.0 79.125 8047.7680954204925 201.19420238551228 4.075 4.075 112.0 1510.0 62.916666666666664
1249.0037975050136 28.0 2.0 635.0 79.375 8058.768143276275 201.46920358190687 4.05 4.05 112.0 1510.0 62.916666666666664
1250.0048855897958 28.0 2.0 635.0 79.375 8070.768615633419 201.76921539083546 4.05 4.05 112.0 1510.0 62.916666666666664
1251.0037975050136 28.0 2.0 637.0 79.625 8081.7688336425035 202.04422084106258 4.075 4.075 112.0 1510.0 62.916666666666664
1252.0048855897958 28.0 2.0 637.0 79.625 8093.769276579403 202.34423191448505 4.1 4.1 112.0 1510.0 62.916666666666664
1253.0037975050136 28.0 2.0 639.0 79.875 8104.769679550816 202.6192419887704 4.175 4.175 112.0 1510.0 62.916666666666664
1254.0048855897958 28.0 2.0 639.0 79.875 8116.770216116955 202.91925540292388 4.225 4.225 112.0 1510.0 62.916666666666664
1255.0037975050136 28.0 2.0 641.0 80.125 8127.770266156436 203.1942566539109 4.225 4.225 112.0 1510.0 62.916666666666664
1256.0048855897958 28.0 2.0 641.0 80.125 8139.770515271574 203.49426288178935 4.25 4.25 112.0 1510.0 62.916666666666664
1257.0037975050136 28.0 2.0 643.0 80.375 8150.770746399323 203.76926865998306 4.25 4.25 112.0 1510.0 62.916666666666664
1258.0048855897958 28.0 2.0 643.0 80.375 8162.77135918451 204.06928397961275 4.225 4.225 112.0 1510.0 62.916666666666664
1259.0037975050136 28.0 2.0 645.0 80.625 8172.771438236392 204.31928595590978 4.175 4.175 112.0 1510.0 62.916666666666664
1260.0048855897958 29.0 2.0 645.0 80.625 8184.77209796747 204.61930244918673 4.175 4.175 112.0 1511.0 60.44
1261.0037975050136 29.0 2.0 647.0 80.875 8193.772255609014 204.84430639022534 4.1 4.1 112.0 1511.0 60.44
1262.0048855897958 29.0 2.0 647.0 80.875 8205.772858622824 205.1443214655706 4.05 4.05 112.0 1511.0 60.44
1263.0037975050136 29.0 2.0 649.0 81.125 8214.77302972015 205.36932574300374 4.075 4.075 112.0 1511.0 60.44
1264.0048855897958 29.0 2.0 649.0 81.125 8228.773533852907 205.71933834632267 4.05 4.05 112.0 1511.0 60.44
1265.0037975050136 29.0 2.0 651.0 81.375 8238.773718402606 205.96934296006515 4.025 4.025 112.0 1511.0 60.44
1266.0048855897958 29.0 2.0 651.0 81.375 8252.774105441287 206.31935263603214 3.975 3.975 112.0 1511.0 60.44
1267.0037975050136 29.0 2.0 653.0 81.625 8261.774229360415 206.54435573401037 3.95 3.95 112.0 1511.0 60.44
1268.0048855897958 29.0 2.0 653.0 81.625 8275.774299215736 206.8943574803934 3.9 3.9 112.0 1511.0 60.44
1269.0037975050136 29.0 2.0 655.0 81.875 8285.774579206365 207.1443644801591 3.85 3.85 112.0 1511.0 60.44
1270.0048855897958 29.0 2.0 655.0 81.875 8298.77485863075 207.46937146576875 3.875 3.875 112.0 1511.0 60.44
1271.0037975050136 29.0 2.0 657.0 82.125 8308.774944632985 207.71937361582462 3.9 3.9 112.0 1511.0 60.44
1272.0048855897958 29.0 2.0 657.0 82.125 8321.775292385244 208.0443823096311 3.9 3.9 112.0 1511.0 60.44
1273.0037975050136 29.0 2.0 659.0 82.375 8331.775335014989 208.29438337537468 3.9 3.9 112.0 1511.0 60.44
1274.0048855897958 29.0 2.0 659.0 82.375 8344.775459588272 208.6193864897068 3.9 3.9 112.0 1511.0 60.44
1275.0037975050136 29.0 2.0 661.0 82.625 8354.775818250628 208.8693954562657 3.875 3.875 112.0 1511.0 60.44
1276.0048855897958 29.0 2.0 661.0 82.625 8367.776306414098 209.19440766035245 3.925 3.925 112.0 1511.0 60.44
1277.0037975050136 29.0 2.0 663.0 82.875 8377.776306414098 209.44440766035245 3.925 3.925 112.0 1511.0 60.44
1278.0048855897958 29.0 2.0 663.0 82.875 8388.834416601867 209.72086041504664 3.975 3.975 112.0 1511.0 60.44
1279.0037975050136 29.0 2.0 665.0 83.125 8397.03452919096 209.925863229774 3.975 3.975 112.0 1512.0 60.48
1280.0048855897958 29.0 2.0 665.0 83.125 8407.107843828708 210.17769609571766 4.05 4.05 112.0 1513.0 60.52
1281.0037975050136 30.0 2.0 667.0 83.375 8415.108163198394 210.3777040799598 4.025 4.025 112.0 1513.0 60.52
1282.0048855897958 30.0 2.0 667.0 83.375 8425.108883820993 210.6277220955248 4.05 4.05 112.0 1513.0 60.52
1283.0037975050136 30.0 2.0 669.0 83.625 8433.108883820993 210.8277220955248 4.05 4.05 112.0 1514.0 58.23076923076923
1284.0048855897958 30.0 2.0 669.0 83.625 8442.615764393462 211.06539410983655 3.975 3.975 112.0 1514.0 58.23076923076923
1285.0037975050136 30.0 2.0 671.0 83.875 8449.615764393462 211.24039410983656 3.875 3.875 112.0 1515.0 58.26923076923077
1286.0048855897958 30.0 2.0 671.0 83.875 8457.615764393462 211.44039410983655 3.875 3.875 112.0 1515.0 58.26923076923077
1287.0037975050136 30.0 2.0 673.0 84.125 8464.615764393462 211.61539410983656 3.875 3.875 112.0 1516.0 58.3076923076923
1288.0048855897958 30.0 2.0 673.0 84.125 8472.615764393462 211.81539410983655 3.9 3.9 112.0 1516.0 58.3076923076923
1289.0037975050136 30.0 2.0 675.0 84.375 8479.615764393462 211.99039410983656 3.9 3.9 112.0 1517.0 58.34615384615384
1290.0048855897958 30.0 2.0 675.0 84.375 8487.615764393462 212.19039410983655 3.9 3.9 112.0 1517.0 58.34615384615384
1291.0037975050136 31.0 2.0 677.0 84.625 8494.615764393462 212.36539410983656 3.875 3.875 112.0 1519.0 56.25925925925927
1292.0048855897958 31.0 2.0 677.0 84.625 8502.615764393462 212.56539410983655 3.875 3.875 112.0 1519.0 56.25925925925927
1293.0037975050136 31.0 2.0 679.0 84.875 8509.615764393462 212.74039410983656 3.9 3.9 112.0 1521.0 56.333333333333336
1294.0048855897958 31.0 2.0 679.0 84.875 8517.615764393462 212.94039410983655 3.9 3.9 112.0 1521.0 56.333333333333336
1295.0037975050136 31.0 2.0 681.0 85.125 8524.615764393462 213.11539410983656 3.9 3.9 112.0 1523.0 56.40740740740742
1296.0048855897958 32.0 2.0 681.0 85.125 8532.615764393462 213.31539410983655 3.925 3.925 112.0 1523.0 56.40740740740742
1297.0037975050136 32.0 2.0 683.0 85.375 8539.615764393462 213.49039410983656 3.925 3.925 112.0 1526.0 54.5
1298.0048855897958 32.0 2.0 683.0 85.375 8547.615764393462 213.69039410983655 3.95 3.95 112.0 1526.0 54.5
1299.0037975050136 32.0 2.0 685.0 85.625 8554.615764393462 213.86539410983656 3.975 3.975 112.0 1529.0 54.60714285714286
1300.0048855897958 32.0 2.0 685.0 85.625 8562.615764393462 214.06539410983655 4.0 4.0 112.0 1529.0 54.60714285714286
1301.0037975050136 32.0 2.0 687.0 85.875 8569.615764393462 214.24039410983656 4.0 4.0 112.0 1532.0 54.71428571428571
1302.0048855897958 32.0 2.0 687.0 85.875 8577.615764393462 214.44039410983655 4.05 4.05 112.0 1532.0 54.71428571428571
1303.0037975050136 32.0 2.0 689.0 86.125 8584.615764393462 214.61539410983656 4.075 4.075 112.0 1535.0 54.82142857142858
1304.0048855897958 32.0 2.0 689.0 86.125 8592.615764393462 214.81539410983655 4.15 4.15 112.0 1535.0 54.82142857142858
1305.0037975050136 32.0 2.0 691.0 86.375 8599.615764393462 214.99039410983656 4.25 4.25 112.0 1538.0 54.92857142857142
1306.0048855897958 32.0 2.0 691.0 86.375 8607.615764393462 215.19039410983655 4.225 4.225 112.0 1538.0 54.92857142857142
1307.0037975050136 33.0 2.0 693.0 86.625 8614.615764393462 215.36539410983656 4.3 4.3 112.0 1541.0 55.03571428571429
1308.0048855897958 33.0 2.0 693.0 86.625 8622.615764393462 215.56539410983655 4.375 4.375 112.0 1542.0 53.17241379310346
1309.0037975050136 33.0 2.0 695.0 86.875 8627.615764393462 215.69039410983655 4.4 4.4 112.0 1545.0 53.275862068965516
1310.0048855897958 33.0 2.0 695.0 86.875 8633.615764393462 215.84039410983655 4.4 4.4 112.0 1546.0 53.3103448275862
1311.0037975050136 33.0 2.0 697.0 87.125 8637.615764393462 215.94039410983655 4.45 4.45 112.0 1549.0 53.413793103448285
1312.0048855897958 33.0 2.0 697.0 87.125 8643.615764393462 216.09039410983655 4.475 4.475 112.0 1550.0 53.448275862068975
1313.0037975050136 33.0 2.0 699.0 87.375 8647.615764393462 216.19039410983655 4.5 4.5 112.0 1553.0 53.551724137931025
1314.0048855897958 33.0 2.0 699.0 87.375 8653.615764393462 216.34039410983655 4.5 4.5 112.0 1554.0 53.586206896551715
1315.0037975050136 33.0 2.0 701.0 87.625 8659.615764393462 216.49039410983656 4.525 4.525 112.0 1557.0 53.6896551724138
1316.0048855897958 33.0 3.0 702.0 78.0 8666.76445639283 216.66911140982074 4.525 4.525 112.0 1559.0 53.758620689655174
1317.0037975050136 33.0 3.0 704.0 78.22222222222223 8673.76445639283 216.84411140982073 4.55 4.55 112.0 1562.0 53.86206896551725
1318.0048855897958 33.0 3.0 705.0 78.33333333333334 8680.76454083099 217.01911352077477 4.55 4.55 112.0 1563.0 53.896551724137936
1319.0037975050136 33.0 3.0 707.0 78.55555555555556 8688.76454083099 217.21911352077475 4.6 4.6 112.0 1566.0 54.0
1320.0048855897958 33.0 3.0 708.0 78.66666666666666 8696.76454083099 217.41911352077477 4.65 4.65 112.0 1567.0 54.03448275862068
1321.0037975050136 33.0 3.0 710.0 78.88888888888889 8705.76454083099 217.64411352077477 4.75 4.75 112.0 1570.0 54.13793103448275
1322.0048855897958 33.0 3.0 711.0 79.0 8714.044127701256 217.8511031925314 4.75 4.75 112.0 1571.0 54.17241379310346
1323.0037975050136 33.0 3.0 713.0 79.22222222222223 8723.044127701256 218.0761031925314 4.75 4.75 112.0 1574.0 54.275862068965516
1324.0048855897958 33.0 3.0 714.0 79.33333333333334 8731.044127701256 218.2761031925314 4.725 4.725 112.0 1575.0 54.3103448275862
1325.0037975050136 33.0 3.0 716.0 79.55555555555556 8740.044127701256 218.50110319253142 4.7 4.7 112.0 1578.0 54.413793103448285
1326.0048855897958 33.0 3.0 717.0 79.66666666666666 8747.909954154105 218.69774885385266 4.7 4.7 112.0 1579.0 54.448275862068975
1327.0037975050136 33.0 3.0 719.0 79.88888888888889 8756.909954154105 218.92274885385265 4.675 4.675 112.0 1582.0 54.551724137931025
1328.0048855897958 33.0 3.0 720.0 80.0 8763.909954154105 219.09774885385266 4.675 4.675 112.0 1583.0 54.586206896551715
1329.0037975050136 33.0 3.0 722.0 80.22222222222223 8772.909954154105 219.32274885385266 4.65 4.65 112.0 1586.0 54.6896551724138
1330.0048855897958 33.0 3.0 723.0 80.33333333333334 8779.909954154105 219.49774885385267 4.65 4.65 112.0 1587.0 54.724137931034484
1331.0037975050136 33.0 3.0 725.0 80.55555555555556 8788.909954154105 219.72274885385266 4.65 4.65 112.0 1590.0 54.82758620689654
1332.0048855897958 33.0 3.0 726.0 80.66666666666666 8795.909954154105 219.89774885385265 4.65 4.65 112.0 1591.0 54.86206896551725
1333.0037975050136 33.0 3.0 728.0 80.88888888888889 8804.909954154105 220.12274885385267 4.65 4.65 112.0 1594.0 54.96551724137932
1334.0048855897958 33.0 3.0 729.0 81.0 8811.909954154105 220.29774885385265 4.625 4.625 112.0 1595.0 55.0
1335.0037975050136 33.0 3.0 731.0 81.22222222222223 8820.909954154105 220.52274885385265 4.6 4.6 112.0 1598.0 55.103448275862064
1336.0048855897958 33.0 3.0 732.0 81.33333333333334 8826.909954154105 220.67274885385265 4.6 4.6 112.0 1599.0 55.13793103448275
1337.0037975050136 33.0 2.0 733.0 81.44444444444444 8835.909954154105 220.89774885385265 4.6 4.6 112.0 1602.0 55.241379310344826
1338.0048855897958 33.0 2.0 734.0 81.55555555555556 8841.909954154105 221.04774885385265 4.6 4.6 112.0 1603.0 55.275862068965516
1339.0037975050136 33.0 2.0 735.0 81.66666666666666 8851.909954154105 221.29774885385265 4.6 4.6 150.0 1606.0 55.379310344827594
1340.0048855897958 33.0 2.0 736.0 81.77777777777777 8857.909954154105 221.44774885385266 4.6 4.6 150.0 1607.0 55.413793103448285
1341.0037975050136 33.0 2.0 737.0 81.88888888888889 8867.909954154105 221.69774885385266 4.575 4.575 150.0 1610.0 55.51724137931034
1342.0048855897958 33.0 2.0 738.0 82.0 8873.909954154105 221.84774885385266 4.575 4.575 150.0 1611.0 55.551724137931025
1343.0037975050136 33.0 2.0 739.0 82.11111111111111 8883.909954154105 222.09774885385266 4.6 4.6 150.0 1614.0 55.65517241379311
1344.0048855897958 33.0 2.0 740.0 82.22222222222223 8887.909954154105 222.19774885385266 4.6 4.6 150.0 1615.0 55.6896551724138
1345.0037975050136 33.0 2.0 741.0 82.33333333333334 8895.909954154105 222.39774885385265 4.6 4.6 150.0 1618.0 55.79310344827586
1346.0048855897958 33.0 2.0 742.0 82.44444444444444 8899.909954154105 222.49774885385264 4.6 4.6 150.0 1619.0 55.82758620689654
1347.0037975050136 33.0 2.0 743.0 82.55555555555556 8906.909954154105 222.67274885385265 4.6 4.6 150.0 1622.0 55.931034482758626
1348.0048855897958 33.0 2.0 744.0 82.66666666666666 8910.909954154105 222.77274885385265 4.6 4.6 150.0 1623.0 55.96551724137932
1349.0037975050136 33.0 2.0 745.0 82.77777777777777 8917.795412531972 222.94488531329935 4.6 4.6 150.0 1626.0 56.068965517241374
1350.0048855897958 33.0 2.0 746.0 82.88888888888889 8921.795412531972 223.04488531329935 4.6 4.6 150.0 1627.0 56.103448275862064
1351.0037975050136 33.0 2.0 747.0 83.0 8927.795412531972 223.19488531329935 4.625 4.625 150.0 1630.0 56.20689655172414
1352.0048855897958 33.0 2.0 748.0 83.11111111111111 8931.795412531972 223.29488531329935 4.6 4.6 150.0 1631.0 56.241379310344826
1353.0037975050136 33.0 2.0 749.0 83.22222222222223 8936.944301091447 223.42360752728624 4.65 4.65 150.0 1634.0 56.34482758620689
1354.0048855897958 33.0 2.0 750.0 83.33333333333334 8940.944301091447 223.52360752728623 4.75 4.75 150.0 1635.0 56.379310344827594
1355.0037975050136 33.0 2.0 751.0 83.44444444444444 8945.944301091447 223.64860752728623 4.95 4.95 150.0 1638.0 56.48275862068966
1356.0048855897958 33.0 2.0 752.0 83.55555555555556 8949.944301091447 223.74860752728623 4.95 4.95 150.0 1639.0 56.51724137931034
1357.0037975050136 33.0 2.0 753.0 83.66666666666666 8954.944301091447 223.87360752728623 4.975 4.975 150.0 1642.0 56.620689655172406
1358.0048855897958 33.0 2.0 754.0 83.77777777777777 8958.944301091447 223.97360752728622 5.2 5.2 150.0 1643.0 56.65517241379311
1359.0037975050136 33.0 2.0 755.0 83.88888888888889 8963.361606226606 224.0840401556652 5.275 5.275 150.0 1646.0 56.758620689655174
1360.0048855897958 34.0 2.0 756.0 84.0 8966.361606226606 224.1590401556652 5.375 5.375 150.0 1647.0 56.79310344827586
1361.0037975050136 34.0 2.0 757.0 84.11111111111111 8970.361606226606 224.2590401556652 5.375 5.375 150.0 1650.0 56.896551724137936
1362.0048855897958 34.0 2.0 758.0 84.22222222222223 8973.361606226606 224.3340401556652 5.375 5.375 150.0 1652.0 56.96551724137932
1363.0037975050136 34.0 2.0 759.0 84.33333333333334 8977.361606226606 224.4340401556652 5.4 5.4 150.0 1655.0 57.068965517241374
1364.0048855897958 34.0 2.0 760.0 84.44444444444444 8980.361606226606 224.5090401556652 5.375 5.375 150.0 1657.0 57.13793103448275
1365.0037975050136 34.0 2.0 761.0 84.55555555555556 8984.361606226606 224.6090401556652 5.35 5.35 150.0 1660.0 57.241379310344826
1366.0048855897958 34.0 2.0 762.0 84.66666666666666 8989.361737508902 224.73404343772256 5.275 5.275 150.0 1661.0 57.275862068965516
1367.0037975050136 34.0 2.0 763.0 84.77777777777777 8992.361737508902 224.80904343772255 5.275 5.275 150.0 1664.0 57.379310344827594
1368.0048855897958 34.0 2.0 764.0 84.88888888888889 8995.361737508902 224.88404343772257 5.25 5.25 150.0 1665.0 57.413793103448285
1369.0037975050136 34.0 2.0 765.0 85.0 8997.361737508902 224.93404343772255 5.25 5.25 150.0 1668.0 57.51724137931034
1370.0048855897958 34.0 2.0 766.0 85.11111111111111 9000.361737508902 225.00904343772257 5.25 5.25 150.0 1669.0 57.551724137931025
1371.0037975050136 34.0 2.0 767.0 85.22222222222223 9002.361737508902 225.05904343772255 5.25 5.25 150.0 1672.0 57.65517241379311
1372.0048855897958 34.0 2.0 768.0 85.33333333333334 9005.361737508902 225.13404343772257 5.25 5.25 150.0 1673.0 57.6896551724138
1373.0037975050136 34.0 2.0 769.0 85.44444444444444 9007.361737508902 225.18404343772255 5.25 5.25 150.0 1676.0 57.79310344827586
1374.0048855897958 34.0 2.0 770.0 85.55555555555556 9010.361737508902 225.25904343772257 5.25 5.25 150.0 1677.0 57.82758620689654
1375.0037975050136 34.0 2.0 771.0 85.66666666666666 9012.361737508902 225.30904343772255 5.25 5.25 150.0 1680.0 57.931034482758626
1376.0048855897958 34.0 2.0 772.0 85.77777777777777 9015.361737508902 225.38404343772257 5.25 5.25 150.0 1681.0 57.96551724137932
1377.0037975050136 34.0 2.0 773.0 85.88888888888889 9017.361737508902 225.43404343772255 5.25 5.25 150.0 1684.0 58.068965517241374
1378.0048855897958 34.0 2.0 774.0 86.0 9020.361737508902 225.50904343772257 5.25 5.25 150.0 1685.0 58.103448275862064
1379.0037975050136 34.0 2.0 775.0 86.11111111111111 9022.361737508902 225.55904343772255 5.25 5.25 150.0 1688.0 58.20689655172414
1380.0048855897958 34.0 3.0 777.0 77.7 9025.361737508902 225.63404343772257 5.225 5.225 150.0 1689.0 58.241379310344826
1381.0037975050136 34.0 3.0 778.0 77.8 9027.361737508902 225.68404343772255 5.2 5.2 150.0 1692.0 58.34482758620689
1382.0048855897958 34.0 3.0 780.0 78.0 9030.361737508902 225.75904343772257 5.2 5.2 150.0 1693.0 58.379310344827594
1383.0037975050136 34.0 3.0 781.0 78.1 9032.361737508902 225.80904343772255 5.175 5.175 150.0 1696.0 58.48275862068966
1384.0048855897958 34.0 3.0 783.0 78.3 9035.361737508902 225.88404343772257 5.175 5.175 150.0 1697.0 58.51724137931034
1385.0037975050136 34.0 3.0 784.0 78.4 9037.361737508902 225.93404343772255 5.15 5.15 150.0 1700.0 58.620689655172406
1386.0048855897958 34.0 3.0 786.0 78.6 9040.361737508902 226.00904343772257 5.15 5.15 150.0 1701.0 58.65517241379311
1387.0037975050136 34.0 3.0 787.0 78.7 9043.361737508902 226.08404343772256 5.15 5.15 150.0 1704.0 58.758620689655174
1388.0048855897958 34.0 3.0 789.0 78.9 9046.361737508902 226.15904343772254 5.15 5.15 150.0 1705.0 58.79310344827586
1389.0037975050136 34.0 3.0 790.0 79.0 9049.361737508902 226.23404343772256 5.15 5.15 150.0 1708.0 58.896551724137936
1390.0048855897958 34.0 3.0 792.0 79.2 9052.361737508902 226.30904343772255 5.15 5.15 150.0 1709.0 58.931034482758626
1391.0037975050136 34.0 3.0 793.0 79.3 9055.361737508902 226.38404343772257 5.175 5.175 150.0 1712.0 59.03448275862068
1392.0048855897958 34.0 3.0 795.0 79.5 9058.361737508902 226.45904343772256 5.4 5.4 150.0 1713.0 59.068965517241374
1393.0037975050136 34.0 3.0 796.0 79.6 9060.905370775617 226.52263426939047 5.5 5.5 150.0 1716.0 59.17241379310346
1394.0048855897958 34.0 3.0 798.0 79.8 9063.905370775617 226.59763426939048 5.575 5.575 150.0 1717.0 59.20689655172414
1395.0037975050136 34.0 3.0 799.0 79.9 9065.905370775617 226.64763426939047 5.55 5.55 150.0 1720.0 59.3103448275862
1396.0048855897958 34.0 3.0 801.0 80.1 9068.905370775617 226.72263426939048 5.8 5.8 150.0 1721.0 59.34482758620689
1397.0037975050136 34.0 3.0 802.0 80.2 9070.905370775617 226.77263426939047 5.925 5.925 150.0 1724.0 59.448275862068975
1398.0048855897958 34.0 3.0 804.0 80.4 9073.097810866173 226.82744527165437 6.025 6.025 150.0 1725.0 59.48275862068966
1399.0037975050136 34.0 3.0 805.0 80.5 9075.097810866173 226.87744527165438 6.025 6.025 150.0 1728.0 59.586206896551715
1400.0048855897958 34.0 3.0 807.0 80.7 9078.097810866173 226.95244527165437 6.0 6.0 150.0 1729.0 59.620689655172406
1401.0037975050136 34.0 3.0 808.0 80.8 9083.097810866173 227.07744527165437 6.025 6.025 150.0 1732.0 59.724137931034484
1402.0048855897958 34.0 3.0 810.0 81.0 9088.097810866173 227.20244527165437 6.025 6.025 150.0 1733.0 59.758620689655174
1403.0037975050136 34.0 3.0 811.0 81.1 9094.097810866173 227.35244527165437 6.05 6.05 150.0 1736.0 59.86206896551725
1404.0048855897958 34.0 3.0 813.0 81.3 9099.097810866173 227.47744527165437 6.05 6.05 150.0 1737.0 59.896551724137936
1405.0037975050136 34.0 2.0 813.0 81.3 9104.097810866173 227.60244527165437 6.075 6.075 150.0 1739.0 59.96551724137932
1406.0048855897958 34.0 2.0 815.0 81.5 9109.097810866173 227.72744527165437 6.05 6.05 150.0 1740.0 60.0
1407.0037975050136 34.0 2.0 815.0 81.5 9116.097810866173 227.9024452716544 6.075 6.075 153.0 1742.0 60.068965517241374
1408.0048855897958 34.0 2.0 817.0 81.7 9122.097810866173 228.0524452716544 6.05 6.05 155.0 1743.0 60.103448275862064
1409.0037975050136 34.0 2.0 817.0 81.7 9130.443273857127 228.2610818464282 6.05 6.05 159.0 1745.0 60.17241379310346
1410.0048855897958 34.0 2.0 819.0 81.9 9136.443273857127 228.4110818464282 6.05 6.05 159.0 1746.0 60.20689655172414
1411.0037975050136 34.0 2.0 819.0 81.9 9144.443466542423 228.61108666356063 6.05 6.05 161.0 1747.0 60.241379310344826
1412.0048855897958 34.0 2.0 821.0 82.1 9150.443466542423 228.7610866635606 6.05 6.05 161.0 1748.0 60.275862068965516
1413.0037975050136 34.0 2.0 821.0 82.1 9159.443494443925 228.98608736109816 6.075 6.075 161.0 1748.0 60.275862068965516
1414.0048855897958 34.0 2.0 823.0 82.3 9165.443494443925 229.13608736109816 6.075 6.075 161.0 1749.0 60.3103448275862
1415.0037975050136 34.0 2.0 823.0 82.3 9175.443692545725 229.38609231364316 6.1 6.1 160.0 1749.0 60.3103448275862
1416.0048855897958 34.0 2.0 825.0 82.5 9182.443692545725 229.56109231364314 6.1 6.1 159.0 1750.0 60.34482758620689
1417.0037975050136 34.0 2.0 825.0 82.5 9193.444030524372 229.83610076310933 6.125 6.125 158.0 1750.0 60.34482758620689
1418.0048855897958 34.0 2.0 827.0 82.7 9200.444030524372 230.0111007631093 6.1 6.1 158.0 1751.0 60.379310344827594
1419.0037975050136 34.0 2.0 827.0 82.7 9211.444119339574 230.2861029834894 6.125 6.125 158.0 1751.0 60.379310344827594
1420.0048855897958 34.0 2.0 829.0 82.9 9218.444119339574 230.46110298348938 6.1 6.1 158.0 1752.0 60.413793103448285
1421.0037975050136 34.0 2.0 829.0 82.9 9228.458425032744 230.71146062581863 6.1 6.1 158.0 1753.0 60.448275862068975
1422.0048855897958 34.0 2.0 831.0 83.1 9236.458425032744 230.91146062581862 6.125 6.125 158.0 1754.0 60.48275862068966
1423.0037975050136 34.0 2.0 831.0 83.1 9246.458640332745 231.16146600831863 6.175 6.175 158.0 1754.0 60.48275862068966
1424.0048855897958 34.0 2.0 833.0 83.3 9254.458640332745 231.36146600831862 6.175 6.175 158.0 1755.0 60.51724137931034
1425.0037975050136 34.0 2.0 833.0 83.3 9265.458785269835 231.63646963174588 6.2 6.2 158.0 1755.0 60.51724137931034
1426.0048855897958 34.0 2.0 835.0 83.5 9273.458785269835 231.8364696317459 6.2 6.2 158.0 1756.0 60.551724137931025
1427.0037975050136 34.0 2.0 835.0 83.5 9284.458941417637 232.11147353544095 6.275 6.275 158.0 1756.0 60.551724137931025
1428.0048855897958 34.0 2.0 837.0 83.7 9292.458941417637 232.31147353544097 6.275 6.275 158.0 1757.0 60.586206896551715
1429.0037975050136 34.0 2.0 837.0 83.7 9303.459146314266 232.58647865785667 6.3 6.3 158.0 1757.0 60.586206896551715
1430.0048855897958 34.0 2.0 839.0 83.9 9311.459146314266 232.7864786578567 6.3 6.3 158.0 1758.0 60.620689655172406
1431.0037975050136 34.0 2.0 839.0 83.9 9322.45931446503 233.06148286162576 6.3 6.3 158.0 1758.0 60.620689655172406
1432.0048855897958 34.0 2.0 841.0 84.1 9329.81868195853 233.2454670489633 6.325 6.325 158.0 1759.0 60.65517241379311
1433.0037975050136 34.0 2.0 841.0 84.1 9340.818755014208 233.52046887535525 6.325 6.325 158.0 1759.0 60.65517241379311
1434.0048855897958 34.0 1.0 842.0 84.2 9347.818755014208 233.69546887535526 6.325 6.325 158.0 1760.0 60.6896551724138
1435.0037975050136 34.0 1.0 842.0 84.2 9358.818810005783 233.97047025014464 6.325 6.325 158.0 1760.0 60.6896551724138
1436.0048855897958 34.0 1.0 843.0 84.3 9364.098522388978 234.10246305972447 6.3 6.3 197.0 1760.0 60.6896551724138
1437.0037975050136 34.0 1.0 843.0 84.3 9373.098522388978 234.3274630597245 6.3 6.3 197.0 1760.0 60.6896551724138
1438.0048855897958 34.0 1.0 844.0 84.4 9378.098522388978 234.4524630597245 6.3 6.3 197.0 1760.0 60.6896551724138
1439.0037975050136 34.0 1.0 844.0 84.4 9387.098522388978 234.6774630597245 6.3 6.3 197.0 1760.0 60.6896551724138
1440.0048855897958 34.0 1.0 845.0 84.5 9392.098522388978 234.8024630597245 6.3 6.3 197.0 1760.0 60.6896551724138
1441.0037975050136 34.0 1.0 845.0 84.5 9401.098522388978 235.02746305972448 6.3 6.3 197.0 1760.0 60.6896551724138
1442.0048855897958 34.0 1.0 846.0 84.6 9406.098522388978 235.15246305972448 6.3 6.3 197.0 1760.0 60.6896551724138
1443.0037975050136 34.0 1.0 846.0 84.6 9415.098522388978 235.37746305972448 6.3 6.3 197.0 1760.0 60.6896551724138
1444.0048855897958 34.0 1.0 847.0 84.7 9419.098522388978 235.47746305972447 6.3 6.3 197.0 1760.0 60.6896551724138
1445.0037975050136 34.0 2.0 848.0 77.09090909090908 9428.098522388977 235.70246305972447 6.3 6.3 197.0 1760.0 60.6896551724138
1446.0048855897958 34.0 3.0 850.0 70.83333333333334 9432.098522388977 235.8024630597245 6.275 6.275 197.0 1760.0 60.6896551724138
1447.0037975050136 34.0 2.0 850.0 70.83333333333334 9441.098522388977 236.02746305972448 6.25 6.25 197.0 1760.0 60.6896551724138
1448.0048855897958 34.0 2.0 852.0 71.0 9445.098522388977 236.12746305972448 6.25 6.25 197.0 1760.0 60.6896551724138
1449.0037975050136 34.0 2.0 852.0 71.0 9454.098522388977 236.35246305972447 6.25 6.25 197.0 1760.0 60.6896551724138
1450.0048855897958 34.0 2.0 854.0 71.16666666666666 9458.098522388977 236.45246305972447 6.225 6.225 197.0 1760.0 60.6896551724138
1451.0037975050136 34.0 2.0 854.0 71.16666666666666 9467.098522388977 236.6774630597245 6.2 6.2 197.0 1760.0 60.6896551724138
1452.0048855897958 34.0 2.0 856.0 71.33333333333334 9471.098522388977 236.77746305972448 6.2 6.2 197.0 1760.0 60.6896551724138
1453.0037975050136 34.0 2.0 856.0 71.33333333333334 9480.098522388977 237.00246305972448 6.2 6.2 197.0 1760.0 60.6896551724138
1454.0048855897958 34.0 2.0 858.0 71.5 9484.098522388977 237.10246305972447 6.2 6.2 197.0 1760.0 60.6896551724138
1455.0037975050136 34.0 2.0 858.0 71.5 9493.098522388977 237.32746305972447 6.2 6.2 197.0 1760.0 60.6896551724138
1456.0048855897958 34.0 2.0 860.0 71.66666666666666 9497.098522388978 237.4274630597245 6.2 6.2 197.0 1760.0 60.6896551724138
1457.0037975050136 34.0 2.0 860.0 71.66666666666666 9506.098522388978 237.65246305972448 6.2 6.2 197.0 1760.0 60.6896551724138
1458.0048855897958 34.0 2.0 862.0 71.83333333333334 9509.098522388978 237.72746305972447 6.2 6.2 197.0 1760.0 60.6896551724138
1459.0037975050136 34.0 2.0 862.0 71.83333333333334 9518.098522388978 237.9524630597245 6.2 6.2 197.0 1760.0 60.6896551724138
1460.0048855897958 34.0 2.0 864.0 72.0 9521.098522388978 238.02746305972448 6.2 6.2 197.0 1760.0 60.6896551724138
1461.0037975050136 34.0 2.0 864.0 72.0 9530.098522388978 238.25246305972448 6.2 6.2 197.0 1760.0 60.6896551724138
1462.0048855897958 34.0 2.0 866.0 72.16666666666666 9533.098522388978 238.3274630597245 6.225 6.225 197.0 1760.0 60.6896551724138
1463.0037975050136 34.0 2.0 866.0 72.16666666666666 9541.6122651653 238.54030662913252 6.25 6.25 197.0 1761.0 60.724137931034484
1464.0048855897958 34.0 2.0 868.0 72.33333333333334 9544.6122651653 238.6153066291325 6.25 6.25 157.0 1761.0 60.724137931034484
1465.0037975050136 34.0 3.0 869.0 72.41666666666666 9552.612412111113 238.81531030277787 6.25 6.25 157.0 1761.0 60.724137931034484
1466.0048855897958 34.0 3.0 871.0 72.58333333333334 9555.612412111113 238.89031030277786 6.25 6.25 157.0 1761.0 60.724137931034484
1467.0037975050136 34.0 3.0 872.0 72.66666666666666 9562.612412111113 239.06531030277787 6.475 6.475 157.0 1761.0 60.724137931034484
1468.0048855897958 34.0 3.0 874.0 72.83333333333334 9564.612412111113 239.11531030277786 6.675 6.675 157.0 1761.0 60.724137931034484
1469.0037975050136 34.0 3.0 875.0 72.91666666666666 9571.612412111113 239.29031030277787 6.9 6.9 157.0 1761.0 60.724137931034484
1470.0048855897958 34.0 3.0 877.0 73.08333333333334 9573.612412111113 239.34031030277788 6.9 6.9 157.0 1761.0 60.724137931034484
1471.0037975050136 34.0 3.0 878.0 73.16666666666666 9580.612412111113 239.51531030277786 6.9 6.9 157.0 1761.0 60.724137931034484
1472.0048855897958 34.0 3.0 880.0 73.33333333333334 9582.612412111113 239.56531030277787 6.9 6.9 157.0 1761.0 60.724137931034484
1473.0037975050136 34.0 3.0 881.0 73.41666666666666 9589.612412111113 239.74031030277786 6.9 6.9 157.0 1761.0 60.724137931034484
1474.0048855897958 34.0 3.0 883.0 73.58333333333334 9591.612412111113 239.79031030277787 6.9 6.9 157.0 1761.0 60.724137931034484
1475.0037975050136 34.0 3.0 884.0 73.66666666666666 9598.612412111113 239.96531030277788 6.9 6.9 157.0 1761.0 60.724137931034484
1476.0048855897958 34.0 3.0 886.0 73.83333333333334 9600.612412111113 240.01531030277786 6.9 6.9 157.0 1761.0 60.724137931034484
1477.0037975050136 34.0 3.0 887.0 73.91666666666666 9607.612412111113 240.19031030277787 6.925 6.925 157.0 1761.0 60.724137931034484
1478.0048855897958 34.0 3.0 889.0 74.08333333333334 9609.612412111113 240.24031030277789 6.95 6.95 157.0 1761.0 60.724137931034484
1479.0037975050136 34.0 3.0 890.0 74.16666666666666 9616.612412111113 240.41531030277787 6.95 6.95 118.0 1761.0 60.724137931034484
1480.0048855897958 34.0 3.0 892.0 74.33333333333334 9618.612412111113 240.46531030277788 6.95 6.95 118.0 1761.0 60.724137931034484
1481.0037975050136 34.0 3.0 893.0 74.41666666666666 9625.612412111113 240.64031030277786 6.95 6.95 118.0 1761.0 60.724137931034484
1482.0048855897958 34.0 3.0 895.0 74.58333333333334 9627.612412111113 240.69031030277787 6.95 6.95 118.0 1761.0 60.724137931034484
1483.0037975050136 34.0 3.0 896.0 74.66666666666666 9634.612412111113 240.86531030277789 6.95 6.95 118.0 1761.0 60.724137931034484
1484.0048855897958 34.0 3.0 898.0 74.83333333333334 9636.612412111113 240.91531030277787 6.95 6.95 118.0 1761.0 60.724137931034484
1485.0037975050136 34.0 3.0 899.0 74.91666666666666 9643.612412111113 241.09031030277788 6.95 6.95 118.0 1761.0 60.724137931034484
1486.0048855897958 34.0 3.0 901.0 75.08333333333334 9645.612412111113 241.14031030277786 6.925 6.925 118.0 1761.0 60.724137931034484
1487.0037975050136 34.0 3.0 902.0 75.16666666666666 9652.612412111113 241.31531030277787 6.9 6.9 118.0 1761.0 60.724137931034484
1488.0048855897958 34.0 3.0 904.0 75.33333333333334 9654.612412111113 241.36531030277789 6.9 6.9 118.0 1761.0 60.724137931034484
1489.0037975050136 34.0 3.0 905.0 75.41666666666666 9661.612412111113 241.54031030277787 6.9 6.9 118.0 1761.0 60.724137931034484
1490.0048855897958 34.0 3.0 907.0 75.58333333333334 9663.612412111113 241.59031030277788 6.9 6.9 118.0 1761.0 60.724137931034484
1491.0037975050136 34.0 3.0 908.0 75.66666666666666 9670.612412111113 241.76531030277786 6.9 6.9 118.0 1761.0 60.724137931034484
1492.0048855897958 34.0 3.0 910.0 75.83333333333334 9672.612412111113 241.81531030277787 6.9 6.9 118.0 1761.0 60.724137931034484
1493.0037975050136 34.0 3.0 911.0 75.91666666666666 9678.643074778103 241.96607686945262 6.9 6.9 118.0 1762.0 58.73333333333333
1494.0048855897958 34.0 3.0 913.0 76.08333333333334 9680.643074778103 242.0160768694526 6.9 6.9 118.0 1762.0 58.73333333333333
1495.0037975050136 34.0 3.0 914.0 76.16666666666666 9686.64323308015 242.16608082700378 6.9 6.9 118.0 1762.0 58.73333333333333
1496.0048855897958 34.0 3.0 916.0 76.33333333333334 9688.64323308015 242.2160808270038 6.9 6.9 118.0 1762.0 58.73333333333333
1497.0037975050136 34.0 3.0 917.0 76.41666666666666 9695.64323308015 242.39108082700378 6.9 6.9 118.0 1762.0 58.73333333333333
1498.0048855897958 34.0 3.0 919.0 76.58333333333334 9697.64323308015 242.4410808270038 6.9 6.9 118.0 1762.0 58.73333333333333
1499.0037975050136 34.0 3.0 920.0 76.66666666666666 9704.64323308015 242.6160808270038 6.9 6.9 118.0 1762.0 58.73333333333333
1500.0048855897958 34.0 2.0 921.0 76.75 9706.64323308015 242.66608082700378 6.9 6.9 118.0 1762.0 58.73333333333333
1501.0037975050136 34.0 2.0 922.0 76.83333333333334 9713.64323308015 242.8410808270038 6.9 6.9 118.0 1762.0 58.73333333333333
1502.0048855897958 34.0 2.0 923.0 76.91666666666666 9716.474426960234 242.9118606740059 6.9 6.9 125.0 1763.0 58.76666666666667
1503.0037975050136 34.0 2.0 924.0 77.0 9723.474426960234 243.08686067400592 6.9 6.9 125.0 1763.0 58.76666666666667
1504.0048855897958 34.0 2.0 925.0 77.08333333333334 9726.474482275073 243.16186205687683 6.925 6.925 134.0 1763.0 58.76666666666667
1505.0037975050136 34.0 2.0 926.0 77.16666666666666 9733.474482275073 243.33686205687684 6.95 6.95 134.0 1763.0 58.76666666666667
1506.0048855897958 34.0 2.0 927.0 77.25 9737.474482275073 243.43686205687683 6.95 6.95 125.0 1763.0 58.76666666666667
1507.0037975050136 34.0 2.0 928.0 77.33333333333334 9744.057787092486 243.60144467731217 6.95 6.95 125.0 1763.0 58.76666666666667
1508.0048855897958 34.0 2.0 929.0 77.41666666666666 9748.057787092486 243.70144467731217 6.95 6.95 125.0 1763.0 58.76666666666667
1509.0037975050136 34.0 2.0 930.0 77.5 9753.095739942717 243.82739349856797 6.95 6.95 125.0 1764.0 56.90322580645162
1510.0048855897958 34.0 2.0 931.0 77.58333333333334 9757.095739942717 243.92739349856797 6.95 6.95 115.0 1764.0 56.90322580645162
1511.0037975050136 34.0 2.0 932.0 77.66666666666666 9762.095969371774 244.05239923429437 6.95 6.95 115.0 1764.0 56.90322580645162
1512.0048855897958 34.0 2.0 933.0 77.75 9766.095969371774 244.1523992342944 6.95 6.95 115.0 1764.0 56.90322580645162
1513.0037975050136 34.0 2.0 934.0 77.83333333333334 9772.095969371774 244.30239923429437 6.95 6.95 115.0 1764.0 56.90322580645162
1514.0048855897958 34.0 2.0 935.0 77.91666666666666 9776.095969371774 244.4023992342944 6.95 6.95 115.0 1764.0 56.90322580645162
1515.0037975050136 34.0 2.0 936.0 78.0 9782.095969371774 244.55239923429437 6.95 6.95 115.0 1764.0 56.90322580645162
1516.0048855897958 34.0 2.0 937.0 78.08333333333334 9786.095969371774 244.6523992342944 6.95 6.95 115.0 1764.0 56.90322580645162
1517.0037975050136 34.0 2.0 938.0 78.16666666666666 9792.095969371774 244.80239923429437 6.95 6.95 115.0 1764.0 56.90322580645162
1518.0048855897958 34.0 2.0 939.0 78.25 9796.095969371774 244.9023992342944 6.95 6.95 115.0 1764.0 56.90322580645162
1519.0037975050136 34.0 2.0 940.0 78.33333333333334 9802.095969371774 245.05239923429437 6.95 6.95 115.0 1764.0 56.90322580645162
1520.0048855897958 34.0 2.0 941.0 78.41666666666666 9806.095969371774 245.1523992342944 6.95 6.95 115.0 1764.0 56.90322580645162
1521.0037975050136 34.0 2.0 942.0 78.5 9812.095969371774 245.30239923429437 6.95 6.95 115.0 1764.0 56.90322580645162
1522.0048855897958 34.0 2.0 943.0 78.58333333333334 9816.095969371774 245.4023992342944 6.95 6.95 115.0 1764.0 56.90322580645162
1523.0037975050136 34.0 2.0 944.0 78.66666666666666 9822.095969371774 245.55239923429437 6.975 6.975 115.0 1764.0 56.90322580645162
1524.0048855897958 34.0 2.0 945.0 78.75 9826.095969371774 245.6523992342944 6.975 6.975 115.0 1764.0 56.90322580645162
1525.0037975050136 34.0 2.0 946.0 78.83333333333334 9832.095969371774 245.80239923429437 6.975 6.975 115.0 1764.0 56.90322580645162
1526.0048855897958 34.0 2.0 947.0 78.91666666666666 9836.095969371774 245.9023992342944 6.975 6.975 115.0 1764.0 56.90322580645162
1527.0037975050136 34.0 2.0 948.0 79.0 9842.095969371774 246.05239923429437 6.95 6.95 115.0 1764.0 56.90322580645162
1528.0048855897958 34.0 2.0 949.0 79.08333333333334 9846.095969371774 246.1523992342944 6.925 6.925 115.0 1764.0 56.90322580645162
1529.0037975050136 35.0 2.0 950.0 79.16666666666666 9852.095969371774 246.30239923429437 6.9 6.9 115.0 1765.0 55.15625
1530.0048855897958 35.0 2.0 951.0 79.25 9856.095969371774 246.4023992342944 6.875 6.875 115.0 1765.0 55.15625
1531.0037975050136 35.0 2.0 952.0 79.33333333333334 9862.095969371774 246.55239923429437 6.85 6.85 115.0 1766.0 55.1875
1532.0048855897958 35.0 2.0 953.0 79.41666666666666 9866.095969371774 246.6523992342944 6.875 6.875 115.0 1766.0 55.1875
1533.0037975050136 35.0 2.0 954.0 79.5 9872.095969371774 246.80239923429437 6.85 6.85 115.0 1767.0 55.21875
1534.0048855897958 35.0 2.0 955.0 79.58333333333334 9876.095969371774 246.9023992342944 6.85 6.85 115.0 1767.0 55.21875
1535.0037975050136 35.0 2.0 956.0 79.66666666666666 9882.095969371774 247.05239923429437 6.85 6.85 115.0 1768.0 55.25
1536.0048855897958 35.0 2.0 957.0 79.75 9886.095969371774 247.1523992342944 6.85 6.85 115.0 1768.0 55.25
1537.0037975050136 35.0 2.0 958.0 79.83333333333334 9892.095969371774 247.30239923429437 6.85 6.85 115.0 1769.0 55.28125
1538.0048855897958 35.0 2.0 959.0 79.91666666666666 9896.095969371774 247.4023992342944 6.85 6.85 115.0 1769.0 55.28125
1539.0037975050136 35.0 2.0 960.0 80.0 9902.095969371774 247.55239923429437 6.825 6.825 115.0 1770.0 55.3125
1540.0048855897958 35.0 2.0 961.0 80.08333333333334 9906.095969371774 247.6523992342944 6.825 6.825 115.0 1770.0 55.3125
1541.0037975050136 35.0 2.0 962.0 80.16666666666666 9912.095969371774 247.80239923429437 6.8 6.8 115.0 1771.0 55.34375
1542.0048855897958 35.0 2.0 963.0 80.25 9916.095969371774 247.9023992342944 6.8 6.8 115.0 1771.0 55.34375
1543.0037975050136 35.0 2.0 964.0 80.33333333333334 9922.095969371774 248.05239923429437 6.775 6.775 115.0 1772.0 55.375
1544.0048855897958 35.0 2.0 965.0 80.41666666666666 9926.095969371774 248.1523992342944 6.775 6.775 115.0 1772.0 55.375
1545.0037975050136 35.0 2.0 966.0 80.5 9932.095969371774 248.30239923429437 6.75 6.75 115.0 1773.0 55.40625
1546.0048855897958 35.0 2.0 967.0 80.58333333333334 9936.095969371774 248.4023992342944 6.75 6.75 115.0 1773.0 55.40625
1547.0037975050136 35.0 2.0 968.0 80.66666666666666 9942.095969371774 248.55239923429437 6.75 6.75 115.0 1774.0 55.4375
1548.0048855897958 35.0 2.0 969.0 80.75 9946.095969371774 248.6523992342944 6.75 6.75 115.0 1774.0 55.4375
1549.0037975050136 35.0 2.0 970.0 80.83333333333334 9952.095969371774 248.80239923429437 6.725 6.725 115.0 1775.0 55.46875
1550.0048855897958 35.0 2.0 971.0 80.91666666666666 9956.095969371774 248.9023992342944 6.725 6.725 115.0 1775.0 55.46875
1551.0037975050136 35.0 2.0 972.0 81.0 9962.095969371774 249.05239923429437 6.7 6.7 115.0 1776.0 55.5
1552.0048855897958 35.0 2.0 973.0 81.08333333333334 9966.095969371774 249.1523992342944 6.7 6.7 115.0 1776.0 55.5
1553.0037975050136 35.0 2.0 974.0 81.16666666666666 9971.095969371774 249.2773992342944 6.7 6.7 115.0 1777.0 55.53125
1554.0048855897958 35.0 2.0 975.0 81.25 9975.095969371774 249.3773992342944 6.7 6.7 115.0 1777.0 55.53125
1555.0037975050136 35.0 2.0 976.0 81.33333333333334 9980.095969371774 249.5023992342944 6.725 6.725 115.0 1778.0 55.5625
1556.0048855897958 35.0 2.0 977.0 81.41666666666666 9984.095969371774 249.60239923429438 6.725 6.725 115.0 1778.0 55.5625
1557.0037975050136 35.0 2.0 978.0 81.5 9989.095969371774 249.72739923429438 6.75 6.75 115.0 1779.0 55.59375
1558.0048855897958 35.0 2.0 979.0 81.58333333333334 9993.095969371774 249.82739923429438 6.75 6.75 115.0 1779.0 55.59375
1559.0037975050136 35.0 2.0 980.0 81.66666666666666 9998.095969371774 249.95239923429438 6.75 6.75 115.0 1780.0 55.625
1560.0048855897958 35.0 2.0 981.0 81.75 10002.095969371774 250.05239923429437 6.75 6.75 115.0 1780.0 55.625
1561.0037975050136 35.0 2.0 982.0 81.83333333333334 10007.095969371774 250.17739923429437 6.725 6.725 115.0 1781.0 55.65625
1562.0048855897958 35.0 2.0 983.0 81.91666666666666 10011.095969371774 250.2773992342944 6.7 6.7 115.0 1781.0 55.65625
1563.0037975050136 35.0 2.0 984.0 82.0 10016.095969371774 250.4023992342944 6.7 6.7 115.0 1782.0 55.6875
1564.0048855897958 35.0 2.0 985.0 82.08333333333334 10020.095969371774 250.5023992342944 6.7 6.7 115.0 1782.0 55.6875
1565.0037975050136 35.0 2.0 986.0 82.16666666666666 10025.095969371774 250.6273992342944 6.7 6.7 115.0 1783.0 55.71875
1566.0048855897958 35.0 1.0 986.0 82.16666666666666 10029.095969371774 250.72739923429438 6.7 6.7 115.0 1783.0 55.71875
1567.0037975050136 35.0 1.0 987.0 82.25 10034.095969371774 250.85239923429438 6.675 6.675 115.0 1784.0 55.75
1568.0048855897958 35.0 1.0 987.0 82.25 10039.095969371774 250.97739923429438 6.675 6.675 124.0 1784.0 55.75
1569.0037975050136 35.0 1.0 988.0 82.33333333333334 10045.095969371774 251.1273992342944 6.6 6.6 132.0 1785.0 55.78125
1570.0048855897958 35.0 1.0 988.0 82.33333333333334 10050.095969371774 251.2523992342944 6.6 6.6 132.0 1785.0 55.78125
1571.0037975050136 35.0 1.0 989.0 82.41666666666666 10056.095969371774 251.4023992342944 6.525 6.525 132.0 1786.0 55.8125
1572.0048855897958 35.0 1.0 989.0 82.41666666666666 10061.095969371774 251.5273992342944 6.5 6.5 132.0 1786.0 55.8125
1573.0037975050136 35.0 1.0 990.0 82.5 10066.928912125793 251.67322280314485 6.5 6.5 132.0 1788.0 55.875
1574.0048855897958 35.0 1.0 990.0 82.5 10071.928912125793 251.79822280314485 6.5 6.5 132.0 1788.0 55.875
1575.0037975050136 35.0 1.0 991.0 82.58333333333334 10076.929050522174 251.92322626305435 6.475 6.475 132.0 1789.0 55.90625
1576.0048855897958 35.0 1.0 991.0 82.58333333333334 10081.929050522174 252.04822626305435 6.475 6.475 132.0 1789.0 55.90625
1577.0037975050136 35.0 1.0 992.0 82.66666666666666 10087.929050522174 252.19822626305435 6.45 6.45 132.0 1790.0 55.9375
1578.0048855897958 35.0 1.0 992.0 82.66666666666666 10092.929050522174 252.32322626305435 6.45 6.45 132.0 1790.0 55.9375
1579.0037975050136 35.0 1.0 993.0 82.75 10098.929050522174 252.47322626305436 6.425 6.425 132.0 1791.0 55.96875
1580.0048855897958 35.0 1.0 993.0 82.75 10103.929050522174 252.59822626305436 6.4 6.4 132.0 1791.0 55.96875
1581.0037975050136 35.0 1.0 994.0 82.83333333333334 10109.929050522174 252.74822626305436 6.35 6.35 132.0 1792.0 56.0
1582.0048855897958 35.0 1.0 994.0 82.83333333333334 10114.929050522174 252.87322626305436 6.35 6.35 132.0 1792.0 56.0
1583.0037975050136 35.0 1.0 995.0 82.91666666666666 10120.929050522174 253.02322626305437 6.35 6.35 132.0 1793.0 56.03125
1584.0048855897958 35.0 1.0 995.0 82.91666666666666 10125.929050522174 253.14822626305437 6.35 6.35 132.0 1793.0 56.03125
1585.0037975050136 35.0 1.0 996.0 83.0 10131.929050522174 253.29822626305437 6.3 6.3 132.0 1794.0 56.0625
1586.0048855897958 35.0 1.0 996.0 83.0 10136.929050522174 253.42322626305435 6.275 6.275 132.0 1794.0 56.0625
1587.0037975050136 35.0 1.0 997.0 83.08333333333334 10142.929050522174 253.57322626305435 6.25 6.25 132.0 1795.0 56.09375
1588.0048855897958 35.0 1.0 997.0 83.08333333333334 10146.929050522174 253.67322626305435 6.25 6.25 132.0 1795.0 56.09375
1589.0037975050136 35.0 1.0 998.0 83.16666666666666 10150.929050522174 253.77322626305437 6.25 6.25 132.0 1796.0 56.125
1590.0048855897958 35.0 1.0 998.0 83.16666666666666 10154.929050522174 253.87322626305436 6.25 6.25 132.0 1796.0 56.125
1591.0037975050136 35.0 1.0 999.0 83.25 10158.929050522174 253.97322626305436 6.25 6.25 132.0 1797.0 56.15625
1592.0048855897958 35.0 1.0 999.0 83.25 10162.929050522174 254.07322626305435 6.25 6.25 132.0 1797.0 56.15625
1593.0037975050136 35.0 1.0 1000.0 83.33333333333334 10166.929050522174 254.17322626305435 6.25 6.25 132.0 1798.0 56.1875
1594.0048855897958 35.0 1.0 1000.0 83.33333333333334 10170.757691797655 254.26894229494135 6.25 6.25 132.0 1799.0 56.21875
1595.0037975050136 35.0 1.0 1001.0 83.41666666666666 10174.757691797655 254.36894229494135 6.25 6.25 132.0 1800.0 56.25
1596.0048855897958 35.0 1.0 1001.0 83.41666666666666 10177.757771806882 254.44394429517206 6.25 6.25 132.0 1800.0 56.25
1597.0037975050136 35.0 1.0 1002.0 83.5 10181.757771806882 254.54394429517208 6.25 6.25 132.0 1801.0 56.28125
1598.0048855897958 35.0 1.0 1002.0 83.5 10185.757771806882 254.64394429517208 6.25 6.25 132.0 1801.0 56.28125
1599.0037975050136 35.0 1.0 1003.0 83.58333333333334 10189.757771806882 254.74394429517207 6.25 6.25 132.0 1802.0 56.3125
1600.0048855897958 35.0 1.0 1003.0 83.58333333333334 10193.757771806882 254.84394429517207 6.25 6.25 132.0 1802.0 56.3125
1601.0037975050136 35.0 1.0 1004.0 83.66666666666666 10197.757771806882 254.94394429517206 6.25 6.25 132.0 1803.0 56.34375
1602.0048855897958 35.0 1.0 1004.0 83.66666666666666 10201.757771806882 255.04394429517208 6.25 6.25 132.0 1803.0 56.34375
1603.0037975050136 35.0 1.0 1005.0 83.75 10205.757771806882 255.14394429517208 6.25 6.25 132.0 1804.0 56.375
1604.0048855897958 35.0 1.0 1005.0 83.75 10209.757771806882 255.24394429517207 6.25 6.25 132.0 1804.0 56.375
1605.0037975050136 35.0 1.0 1006.0 83.83333333333334 10213.01900656663 255.32547516416577 6.25 6.25 132.0 1806.0 56.4375
1606.0048855897958 35.0 1.0 1006.0 83.83333333333334 10217.01900656663 255.42547516416576 6.25 6.25 132.0 1806.0 56.4375
1607.0037975050136 35.0 1.0 1007.0 83.91666666666666 10220.019189495832 255.50047973739578 6.25 6.25 132.0 1807.0 56.46875
1608.0048855897958 35.0 1.0 1007.0 83.91666666666666 10224.019189495832 255.60047973739577 6.25 6.25 132.0 1807.0 56.46875
1609.0037975050136 35.0 1.0 1008.0 84.0 10228.019189495832 255.70047973739577 6.25 6.25 132.0 1808.0 56.5
1610.0048855897958 35.0 1.0 1008.0 84.0 10232.019189495832 255.8004797373958 6.55 6.55 132.0 1808.0 56.5
1611.0037975050136 35.0 1.0 1009.0 84.08333333333334 10236.019189495832 255.90047973739578 6.7 6.7 132.0 1809.0 56.53125
1612.0048855897958 35.0 1.0 1009.0 84.08333333333334 10240.019189495832 256.0004797373958 6.95 6.95 130.0 1809.0 56.53125
1613.0037975050136 35.0 1.0 1010.0 84.16666666666666 10244.019189495832 256.1004797373958 6.95 6.95 129.0 1810.0 56.5625
1614.0048855897958 35.0 1.0 1010.0 84.16666666666666 10248.019189495832 256.20047973739577 6.95 6.95 129.0 1810.0 56.5625
1615.0037975050136 35.0 1.0 1011.0 84.25 10252.019189495832 256.3004797373958 6.95 6.95 129.0 1811.0 56.59375
1616.0048855897958 35.0 1.0 1011.0 84.25 10256.019189495832 256.40047973739576 6.95 6.95 129.0 1811.0 56.59375
1617.0037975050136 35.0 1.0 1012.0 84.33333333333334 10260.019189495832 256.5004797373958 6.95 6.95 129.0 1812.0 56.625
1618.0048855897958 35.0 1.0 1012.0 84.33333333333334 10264.019189495832 256.6004797373958 6.95 6.95 129.0 1812.0 56.625
1619.0037975050136 35.0 1.0 1013.0 84.41666666666666 10268.019189495832 256.70047973739577 6.95 6.95 129.0 1813.0 56.65625
1620.0048855897958 35.0 1.0 1013.0 84.41666666666666 10272.019189495832 256.8004797373958 6.95 6.95 129.0 1813.0 56.65625
1621.0037975050136 35.0 1.0 1014.0 84.5 10276.019189495832 256.90047973739576 6.95 6.95 129.0 1814.0 56.6875
1622.0048855897958 35.0 1.0 1014.0 84.5 10280.019189495832 257.0004797373958 6.95 6.95 129.0 1814.0 56.6875
1623.0037975050136 35.0 1.0 1015.0 84.58333333333334 10284.019189495832 257.1004797373958 6.925 6.925 129.0 1815.0 56.71875
1624.0048855897958 35.0 1.0 1015.0 84.58333333333334 10288.019189495832 257.20047973739577 6.9 6.9 129.0 1815.0 56.71875
1625.0037975050136 35.0 1.0 1016.0 84.66666666666666 10291.019189495832 257.27547973739576 6.9 6.9 129.0 1816.0 56.75
1626.0048855897958 35.0 1.0 1016.0 84.66666666666666 10295.019189495832 257.3754797373958 6.9 6.9 129.0 1816.0 56.75
1627.0037975050136 35.0 1.0 1017.0 84.75 10297.019189495832 257.4254797373958 6.9 6.9 129.0 1817.0 56.78125
1628.0048855897958 35.0 1.0 1017.0 84.75 10301.019189495832 257.52547973739576 6.9 6.9 129.0 1817.0 56.78125
1629.0037975050136 35.0 1.0 1018.0 84.83333333333334 10303.019189495832 257.57547973739577 6.875 6.875 129.0 1818.0 56.8125
1630.0048855897958 35.0 1.0 1018.0 84.83333333333334 10306.994094167341 257.6748523541835 6.875 6.875 129.0 1819.0 56.84375
1631.0037975050136 35.0 1.0 1019.0 84.91666666666666 10307.994094167341 257.6998523541835 6.85 6.85 129.0 1820.0 56.875
1632.0048855897958 35.0 1.0 1019.0 84.91666666666666 10309.994386827926 257.7498596706982 6.85 6.85 129.0 1820.0 56.875
1633.0037975050136 35.0 1.0 1020.0 85.0 10310.994386827926 257.77485967069816 6.85 6.85 129.0 1821.0 56.90625
1634.0048855897958 35.0 1.0 1020.0 85.0 10313.994386827926 257.84985967069815 6.85 6.85 129.0 1821.0 56.90625
1635.0037975050136 35.0 1.0 1021.0 85.08333333333334 10314.994386827926 257.8748596706982 6.85 6.85 129.0 1822.0 56.9375
1636.0048855897958 35.0 1.0 1021.0 85.08333333333334 10317.994386827926 257.9498596706982 6.85 6.85 129.0 1822.0 56.9375
1637.0037975050136 35.0 1.0 1022.0 85.16666666666666 10318.994386827926 257.97485967069815 6.85 6.85 129.0 1823.0 56.96875
1638.0048855897958 35.0 1.0 1022.0 85.16666666666666 10321.994386827926 258.0498596706982 6.85 6.85 129.0 1823.0 56.96875
1639.0037975050136 35.0 1.0 1023.0 85.25 10322.994386827926 258.0748596706982 6.85 6.85 129.0 1824.0 57.0
1640.0048855897958 35.0 1.0 1023.0 85.25 10325.994386827926 258.14985967069816 6.825 6.825 129.0 1824.0 57.0
1641.0037975050136 35.0 2.0 1025.0 78.84615384615387 10326.994386827926 258.1748596706982 6.8 6.8 129.0 1825.0 57.03125
1642.0048855897958 35.0 2.0 1025.0 78.84615384615387 10328.994386827926 258.22485967069815 6.8 6.8 129.0 1825.0 57.03125
1643.0037975050136 35.0 2.0 1027.0 79.0 10329.994386827926 258.2498596706982 6.8 6.8 129.0 1826.0 57.0625
1644.0048855897958 35.0 2.0 1027.0 79.0 10330.994386827926 258.27485967069816 6.8 6.8 129.0 1826.0 57.0625
1645.0037975050136 35.0 2.0 1029.0 79.15384615384613 10331.994386827926 258.2998596706982 6.8 6.8 129.0 1827.0 57.09375
1646.0048855897958 35.0 2.0 1029.0 79.15384615384613 10332.994386827926 258.3248596706982 6.8 6.8 129.0 1827.0 57.09375
1647.0037975050136 35.0 2.0 1031.0 79.3076923076923 10333.994386827926 258.34985967069815 6.8 6.8 129.0 1828.0 57.125
1648.0048855897958 35.0 2.0 1031.0 79.3076923076923 10334.994386827926 258.3748596706982 6.8 6.8 129.0 1828.0 57.125
1649.0037975050136 35.0 1.0 1032.0 79.3846153846154 10335.994386827926 258.39985967069816 6.8 6.8 129.0 1829.0 57.15625
1650.0048855897958 35.0 1.0 1032.0 79.3846153846154 10336.994386827926 258.4248596706982 6.8 6.8 129.0 1829.0 57.15625
1651.0037975050136 35.0 1.0 1033.0 79.46153846153847 10339.994386827926 258.4998596706982 6.8 6.8 134.0 1830.0 57.1875
1652.0048855897958 35.0 1.0 1033.0 79.46153846153847 10341.994386827926 258.5498596706982 6.8 6.8 139.0 1830.0 57.1875
1653.0037975050136 35.0 1.0 1034.0 79.53846153846153 10344.994386827926 258.6248596706982 6.8 6.8 139.0 1831.0 57.21875
1654.0048855897958 35.0 1.0 1034.0 79.53846153846153 10346.994386827926 258.6748596706982 6.8 6.8 139.0 1831.0 57.21875
1655.0037975050136 35.0 1.0 1035.0 79.6153846153846 10349.994386827926 258.7498596706982 6.8 6.8 139.0 1832.0 57.25
1656.0048855897958 35.0 1.0 1035.0 79.6153846153846 10351.994386827926 258.7998596706982 6.8 6.8 139.0 1832.0 57.25
1657.0037975050136 35.0 1.0 1036.0 79.6923076923077 10354.994386827926 258.8748596706982 6.8 6.8 139.0 1833.0 57.28125
1658.0048855897958 35.0 1.0 1036.0 79.6923076923077 10356.994386827926 258.9248596706982 6.8 6.8 139.0 1833.0 57.28125
1659.0037975050136 35.0 1.0 1037.0 79.76923076923077 10359.994386827926 258.9998596706982 6.8 6.8 139.0 1834.0 57.3125
1660.0048855897958 35.0 1.0 1037.0 79.76923076923077 10361.994386827926 259.0498596706982 6.8 6.8 139.0 1834.0 57.3125
1661.0037975050136 35.0 1.0 1038.0 79.84615384615387 10364.994386827926 259.1248596706982 6.8 6.8 139.0 1835.0 57.34375
1662.0048855897958 35.0 1.0 1038.0 79.84615384615387 10366.994386827926 259.1748596706982 6.8 6.8 139.0 1835.0 57.34375
1663.0037975050136 35.0 1.0 1039.0 79.92307692307693 10369.994386827926 259.2498596706982 6.8 6.8 139.0 1836.0 57.375
1664.0048855897958 35.0 1.0 1039.0 79.92307692307693 10371.994386827926 259.2998596706982 6.8 6.8 139.0 1836.0 57.375
1665.0037975050136 35.0 1.0 1040.0 80.0 10374.994386827926 259.3748596706982 6.8 6.8 139.0 1837.0 57.40625
1666.0048855897958 35.0 1.0 1040.0 80.0 10376.994386827926 259.4248596706982 6.8 6.8 139.0 1837.0 57.40625
1667.0037975050136 35.0 1.0 1041.0 80.07692307692307 10379.994386827926 259.4998596706982 6.8 6.8 139.0 1838.0 57.4375
1668.0048855897958 35.0 1.0 1041.0 80.07692307692307 10381.994386827926 259.5498596706982 6.8 6.8 139.0 1838.0 57.4375
1669.0037975050136 35.0 1.0 1042.0 80.15384615384613 10384.994386827926 259.6248596706982 6.8 6.8 139.0 1839.0 57.46875
1670.0048855897958 35.0 1.0 1042.0 80.15384615384613 10386.994386827926 259.6748596706982 6.8 6.8 139.0 1839.0 57.46875
1671.0037975050136 35.0 1.0 1043.0 80.23076923076923 10389.994386827926 259.7498596706982 6.8 6.8 139.0 1840.0 57.5
1672.0048855897958 35.0 1.0 1043.0 80.23076923076923 10391.994386827926 259.7998596706982 6.8 6.8 139.0 1840.0 57.5
1673.0037975050136 35.0 1.0 1044.0 80.3076923076923 10394.994386827926 259.8748596706982 6.8 6.8 139.0 1841.0 57.53125
1674.0048855897958 35.0 1.0 1044.0 80.3076923076923 10396.994386827926 259.9248596706982 6.8 6.8 139.0 1841.0 57.53125
1675.0037975050136 35.0 1.0 1045.0 80.3846153846154 10399.994386827926 259.9998596706982 6.8 6.8 139.0 1842.0 57.5625
1676.0048855897958 35.0 1.0 1045.0 80.3846153846154 10401.994386827926 260.0498596706982 6.8 6.8 139.0 1842.0 57.5625
1677.0037975050136 35.0 1.0 1046.0 80.46153846153847 10404.994386827926 260.1248596706982 6.8 6.8 139.0 1843.0 57.59375
1678.0048855897958 35.0 1.0 1046.0 80.46153846153847 10406.994386827926 260.1748596706982 6.8 6.8 139.0 1843.0 57.59375
1679.0037975050136 35.0 1.0 1047.0 80.53846153846153 10409.994386827926 260.2498596706982 6.8 6.8 139.0 1844.0 57.625
1680.0048855897958 35.0 1.0 1047.0 80.53846153846153 10411.994386827926 260.2998596706982 6.8 6.8 139.0 1844.0 57.625
1681.0037975050136 35.0 1.0 1048.0 80.6153846153846 10414.994386827926 260.3748596706982 6.8 6.8 139.0 1845.0 57.65625
1682.0048855897958 35.0 1.0 1048.0 80.6153846153846 10416.994386827926 260.4248596706982 6.8 6.8 139.0 1845.0 57.65625
1683.0037975050136 35.0 1.0 1049.0 80.6923076923077 10419.994386827926 260.4998596706982 6.8 6.8 139.0 1846.0 57.6875
1684.0048855897958 35.0 1.0 1049.0 80.6923076923077 10421.994386827926 260.5498596706982 6.8 6.8 139.0 1846.0 57.6875
1685.0037975050136 35.0 1.0 1050.0 80.76923076923077 10424.994386827926 260.6248596706982 6.8 6.8 139.0 1847.0 57.71875
1686.0048855897958 35.0 1.0 1050.0 80.76923076923077 10426.994386827926 260.6748596706982 6.8 6.8 139.0 1847.0 57.71875
1687.0037975050136 35.0 1.0 1051.0 80.84615384615387 10429.994386827926 260.7498596706982 6.8 6.8 139.0 1848.0 57.75
1688.0048855897958 35.0 2.0 1052.0 80.92307692307693 10431.994386827926 260.7998596706982 6.8 6.8 139.0 1848.0 57.75
1689.0037975050136 35.0 2.0 1053.0 81.0 10434.994386827926 260.8748596706982 6.8 6.8 130.0 1849.0 57.78125
1690.0048855897958 35.0 2.0 1054.0 81.07692307692307 10435.994386827926 260.89985967069816 6.8 6.8 130.0 1849.0 57.78125
1691.0037975050136 35.0 2.0 1055.0 81.15384615384613 10438.994386827926 260.97485967069815 6.8 6.8 130.0 1850.0 57.8125
1692.0048855897958 35.0 2.0 1056.0 81.23076923076923 10439.994386827926 260.9998596706982 6.8 6.8 130.0 1850.0 57.8125
1693.0037975050136 35.0 2.0 1057.0 81.3076923076923 10442.994386827926 261.0748596706982 6.8 6.8 130.0 1851.0 57.84375
1694.0048855897958 35.0 3.0 1059.0 75.64285714285717 10443.994386827926 261.09985967069815 6.8 6.8 130.0 1851.0 57.84375
1695.0037975050136 35.0 3.0 1060.0 75.71428571428571 10446.994386827926 261.1748596706982 6.8 6.8 130.0 1852.0 57.875
1696.0048855897958 35.0 3.0 1062.0 75.85714285714283 10447.994386827926 261.1998596706982 6.8 6.8 130.0 1852.0 57.875
1697.0037975050136 35.0 3.0 1063.0 75.92857142857142 10450.994386827926 261.27485967069816 6.8 6.8 130.0 1853.0 57.90625
1698.0048855897958 35.0 3.0 1065.0 76.07142857142858 10451.994386827926 261.2998596706982 6.8 6.8 130.0 1853.0 57.90625
1699.0037975050136 35.0 3.0 1066.0 76.14285714285717 10454.994386827926 261.3748596706982 6.8 6.8 130.0 1854.0 57.9375
1700.0048855897958 35.0 3.0 1068.0 76.28571428571429 10455.994386827926 261.39985967069816 6.8 6.8 130.0 1854.0 57.9375
1701.0037975050136 35.0 3.0 1069.0 76.35714285714283 10458.994386827926 261.47485967069815 6.8 6.8 130.0 1855.0 57.96875
1702.0048855897958 35.0 3.0 1071.0 76.5 10459.994386827926 261.4998596706982 6.8 6.8 130.0 1855.0 57.96875
1703.0037975050136 35.0 3.0 1072.0 76.57142857142858 10462.994386827926 261.5748596706982 6.8 6.8 130.0 1856.0 58.0
1704.0048855897958 35.0 3.0 1074.0 76.71428571428571 10463.994386827926 261.59985967069815 6.8 6.8 130.0 1856.0 58.0
1705.0037975050136 35.0 3.0 1075.0 76.78571428571429 10466.994386827926 261.6748596706982 6.8 6.8 130.0 1857.0 58.03125
1706.0048855897958 35.0 3.0 1077.0 76.92857142857142 10467.994386827926 261.6998596706982 6.8 6.8 130.0 1857.0 58.03125
1707.0037975050136 35.0 3.0 1078.0 77.0 10470.994386827926 261.77485967069816 6.8 6.8 130.0 1858.0 58.0625
1708.0048855897958 35.0 3.0 1080.0 77.14285714285717 10471.994386827926 261.7998596706982 6.8 6.8 130.0 1858.0 58.0625
1709.0037975050136 35.0 3.0 1081.0 77.21428571428571 10474.994386827926 261.8748596706982 6.8 6.8 130.0 1859.0 58.09375
1710.0048855897958 35.0 3.0 1083.0 77.35714285714283 10475.994386827926 261.89985967069816 6.8 6.8 130.0 1859.0 58.09375
1711.0037975050136 35.0 3.0 1084.0 77.42857142857142 10478.994386827926 261.97485967069815 6.8 6.8 130.0 1860.0 58.125
1712.0048855897958 35.0 3.0 1086.0 77.57142857142858 10479.994386827926 261.9998596706982 6.8 6.8 130.0 1860.0 58.125
1713.0037975050136 35.0 3.0 1087.0 77.64285714285717 10482.994386827926 262.0748596706982 6.8 6.8 130.0 1861.0 58.15625
1714.0048855897958 35.0 3.0 1089.0 77.78571428571429 10483.994386827926 262.09985967069815 6.8 6.8 130.0 1861.0 58.15625
1715.0037975050136 35.0 3.0 1090.0 77.85714285714283 10486.994386827926 262.1748596706982 6.8 6.8 130.0 1862.0 58.1875
1716.0048855897958 35.0 3.0 1092.0 78.0 10487.994386827926 262.1998596706982 6.8 6.8 130.0 1862.0 58.1875
1717.0037975050136 35.0 3.0 1093.0 78.07142857142858 10490.994386827926 262.27485967069816 6.8 6.8 130.0 1863.0 58.21875
1718.0048855897958 35.0 3.0 1095.0 78.21428571428571 10491.994386827926 262.2998596706982 6.8 6.8 130.0 1863.0 58.21875
1719.0037975050136 35.0 3.0 1096.0 78.28571428571429 10494.994386827926 262.3748596706982 6.8 6.8 130.0 1864.0 58.25
1720.0048855897958 35.0 3.0 1098.0 78.42857142857142 10495.994386827926 262.39985967069816 6.8 6.8 130.0 1864.0 58.25
1721.0037975050136 35.0 3.0 1099.0 78.5 10498.994386827926 262.47485967069815 6.8 6.8 130.0 1865.0 58.28125
1722.0048855897958 35.0 3.0 1101.0 78.64285714285717 10499.983250402533 262.49958126006334 6.8 6.8 130.0 1866.0 58.3125
1723.0037975050136 35.0 3.0 1102.0 78.71428571428571 10502.983250402533 262.5745812600633 6.8 6.8 130.0 1867.0 58.34375
1724.0048855897958 35.0 3.0 1104.0 78.85714285714283 10502.983312980356 262.5745828245089 6.8 6.8 130.0 1867.0 58.34375
1725.0037975050136 35.0 3.0 1105.0 78.92857142857142 10505.983312980356 262.6495828245089 6.8 6.8 130.0 1868.0 58.375
1726.0048855897958 35.0 3.0 1107.0 79.07142857142858 10506.983312980356 262.6745828245089 6.8 6.8 130.0 1868.0 58.375
1727.0037975050136 35.0 3.0 1108.0 79.14285714285717 10509.983312980356 262.7495828245089 6.8 6.8 130.0 1869.0 58.40625
1728.0048855897958 35.0 3.0 1110.0 79.28571428571429 10510.983312980356 262.7745828245089 6.8 6.8 130.0 1869.0 58.40625
1729.0037975050136 35.0 3.0 1111.0 79.35714285714283 10513.983312980356 262.8495828245089 6.8 6.8 130.0 1870.0 58.4375
1730.0048855897958 35.0 3.0 1113.0 79.5 10514.983312980356 262.8745828245089 6.8 6.8 130.0 1870.0 58.4375
1731.0037975050136 35.0 3.0 1114.0 79.57142857142858 10517.983312980356 262.9495828245089 6.8 6.8 130.0 1871.0 58.46875
1732.0048855897958 35.0 3.0 1116.0 79.71428571428571 10518.983312980356 262.9745828245089 6.8 6.8 130.0 1871.0 58.46875
1733.0037975050136 35.0 3.0 1117.0 79.78571428571429 10521.983312980356 263.0495828245089 6.8 6.8 130.0 1872.0 58.5
1734.0048855897958 35.0 3.0 1119.0 79.92857142857142 10522.983312980356 263.0745828245089 6.8 6.8 130.0 1872.0 58.5
1735.0037975050136 35.0 3.0 1120.0 80.0 10525.983312980356 263.1495828245089 6.8 6.8 130.0 1873.0 58.53125
1736.0048855897958 35.0 3.0 1122.0 80.14285714285717 10526.983312980356 263.1745828245089 6.8 6.8 130.0 1873.0 58.53125
1737.0037975050136 35.0 3.0 1123.0 80.21428571428571 10529.983312980356 263.2495828245089 6.8 6.8 130.0 1874.0 58.5625
1738.0048855897958 35.0 3.0 1125.0 80.35714285714283 10530.983312980356 263.2745828245089 6.8 6.8 130.0 1874.0 58.5625
1739.0037975050136 35.0 3.0 1126.0 80.42857142857142 10533.983312980356 263.3495828245089 6.8 6.8 130.0 1875.0 58.59375
1740.0048855897958 35.0 3.0 1128.0 80.57142857142858 10534.983312980356 263.3745828245089 6.8 6.8 130.0 1875.0 58.59375
1741.0037975050136 35.0 3.0 1129.0 80.64285714285717 10537.983312980356 263.4495828245089 6.8 6.8 130.0 1876.0 58.625
1742.0048855897958 35.0 3.0 1131.0 80.78571428571429 10538.983312980356 263.4745828245089 6.8 6.8 130.0 1876.0 58.625
1743.0037975050136 35.0 3.0 1132.0 80.85714285714283 10541.983312980356 263.5495828245089 6.8 6.8 130.0 1877.0 58.65625
1744.0048855897958 35.0 3.0 1134.0 81.0 10542.983312980356 263.5745828245089 6.8 6.8 130.0 1877.0 58.65625
1745.0037975050136 35.0 3.0 1135.0 81.07142857142858 10545.983312980356 263.6495828245089 6.8 6.8 130.0 1878.0 58.6875
1746.0048855897958 35.0 3.0 1137.0 81.21428571428571 10546.983312980356 263.6745828245089 6.8 6.8 130.0 1878.0 58.6875
1747.0037975050136 35.0 3.0 1138.0 81.28571428571429 10549.983312980356 263.7495828245089 6.8 6.8 130.0 1879.0 58.71875
1748.0048855897958 35.0 3.0 1140.0 81.42857142857142 10550.983312980356 263.7745828245089 6.8 6.8 130.0 1879.0 58.71875
1749.0037975050136 35.0 3.0 1141.0 81.5 10553.983312980356 263.8495828245089 6.8 6.8 130.0 1880.0 58.75
1750.0048855897958 35.0 3.0 1143.0 81.64285714285715 10554.983312980356 263.8745828245089 6.8 6.8 130.0 1880.0 58.75
1751.0037975050136 35.0 3.0 1144.0 81.71428571428571 10557.983312980356 263.9495828245089 6.8 6.8 130.0 1881.0 58.78125
1752.0048855897958 35.0 3.0 1146.0 81.85714285714285 10558.983312980356 263.9745828245089 6.8 6.8 130.0 1881.0 58.78125
1753.0037975050136 35.0 3.0 1147.0 81.92857142857142 10561.983312980356 264.0495828245089 6.8 6.8 130.0 1882.0 58.8125
1754.0048855897958 35.0 3.0 1149.0 82.07142857142858 10562.983312980356 264.0745828245089 6.8 6.8 130.0 1882.0 58.8125
1755.0037975050136 35.0 3.0 1150.0 82.14285714285715 10565.983312980356 264.1495828245089 6.8 6.8 130.0 1883.0 58.84375
1756.0048855897958 35.0 3.0 1152.0 82.28571428571429 10566.983312980356 264.1745828245089 6.8 6.8 130.0 1883.0 58.84375
1757.0037975050136 35.0 3.0 1153.0 82.35714285714285 10569.983312980356 264.2495828245089 6.8 6.8 130.0 1884.0 58.875
1758.0048855897958 35.0 3.0 1155.0 82.5 10570.983312980356 264.2745828245089 6.8 6.8 130.0 1884.0 58.875
1759.0037975050136 35.0 2.0 1155.0 82.5 10573.983312980356 264.3495828245089 6.8 6.8 130.0 1885.0 58.90625
1760.0048855897958 35.0 2.0 1157.0 82.64285714285715 10574.983312980356 264.3745828245089 6.8 6.8 130.0 1885.0 58.90625
1761.0037975050136 35.0 2.0 1157.0 82.64285714285715 10578.983312980356 264.4745828245089 6.8 6.8 166.0 1886.0 58.9375
1762.0048855897958 35.0 2.0 1159.0 82.78571428571429 10579.983312980356 264.4995828245089 6.8 6.8 166.0 1886.0 58.9375
1763.0037975050136 35.0 2.0 1159.0 82.78571428571429 10583.983312980356 264.5995828245089 6.8 6.8 166.0 1887.0 58.96875
1764.0048855897958 35.0 2.0 1161.0 82.92857142857142 10584.983312980356 264.6245828245089 6.8 6.8 166.0 1887.0 58.96875
1765.0037975050136 35.0 2.0 1161.0 82.92857142857142 10588.983312980356 264.7245828245089 6.8 6.8 166.0 1888.0 59.0
1766.0048855897958 35.0 2.0 1163.0 83.07142857142858 10589.983312980356 264.7495828245089 6.8 6.8 166.0 1888.0 59.0
1767.0037975050136 35.0 2.0 1163.0 83.07142857142858 10594.983312980356 264.8745828245089 6.8 6.8 166.0 1889.0 59.03125
1768.0048855897958 35.0 2.0 1165.0 83.21428571428571 10596.983312980356 264.9245828245089 6.8 6.8 166.0 1889.0 59.03125
1769.0037975050136 35.0 3.0 1166.0 77.73333333333332 10602.983312980356 265.0745828245089 6.8 6.8 166.0 1890.0 59.0625
1770.0048855897958 35.0 2.0 1167.0 77.8 10604.983312980356 265.1245828245089 6.825 6.825 166.0 1890.0 59.0625
1771.0037975050136 35.0 2.0 1168.0 77.86666666666666 10608.983312980356 265.2245828245089 6.85 6.85 166.0 1891.0 59.09375
1772.0048855897958 35.0 2.0 1169.0 77.93333333333332 10610.983312980356 265.2745828245089 6.825 6.825 156.0 1891.0 59.09375
1773.0037975050136 35.0 2.0 1170.0 78.0 10614.983312980356 265.3745828245089 6.8 6.8 156.0 1892.0 59.125
1774.0048855897958 35.0 2.0 1171.0 78.06666666666668 10615.983312980356 265.3995828245089 6.8 6.8 156.0 1892.0 59.125
1775.0037975050136 35.0 3.0 1173.0 78.2 10619.983312980356 265.4995828245089 6.8 6.8 156.0 1893.0 59.15625
1776.0048855897958 35.0 3.0 1174.0 78.26666666666668 10620.983312980356 265.5245828245089 6.8 6.8 156.0 1893.0 59.15625
1777.0037975050136 35.0 3.0 1176.0 78.40000000000002 10622.983312980356 265.5745828245089 6.8 6.8 156.0 1894.0 59.1875
1778.0048855897958 35.0 3.0 1177.0 78.46666666666664 10623.983312980356 265.5995828245089 6.8 6.8 156.0 1894.0 59.1875
1779.0037975050136 35.0 3.0 1179.0 78.59999999999998 10625.983312980356 265.6495828245089 6.8 6.8 156.0 1895.0 59.21875
1780.0048855897958 35.0 3.0 1180.0 78.66666666666666 10626.983312980356 265.6745828245089 6.8 6.8 156.0 1895.0 59.21875
1781.0037975050136 35.0 3.0 1182.0 78.8 10628.983312980356 265.7245828245089 6.8 6.8 156.0 1896.0 59.25
1782.0048855897958 35.0 3.0 1183.0 78.86666666666666 10629.983312980356 265.7495828245089 6.8 6.8 156.0 1896.0 59.25
1783.0037975050136 35.0 3.0 1185.0 79.0 10631.983312980356 265.7995828245089 6.8 6.8 156.0 1897.0 59.28125
1784.0048855897958 35.0 3.0 1186.0 79.06666666666668 10632.983312980356 265.8245828245089 6.8 6.8 156.0 1897.0 59.28125
1785.0037975050136 35.0 3.0 1188.0 79.2 10634.983312980356 265.8745828245089 6.8 6.8 156.0 1898.0 59.3125
1786.0048855897958 35.0 3.0 1189.0 79.26666666666668 10635.983312980356 265.8995828245089 6.8 6.8 156.0 1898.0 59.3125
1787.0037975050136 35.0 3.0 1191.0 79.40000000000002 10637.983312980356 265.9495828245089 6.8 6.8 156.0 1899.0 59.34375
1788.0048855897958 35.0 3.0 1192.0 79.46666666666664 10638.983312980356 265.9745828245089 6.8 6.8 156.0 1899.0 59.34375
1789.0037975050136 35.0 3.0 1194.0 79.59999999999998 10640.983312980356 266.0245828245089 6.8 6.8 156.0 1900.0 59.375
1790.0048855897958 35.0 3.0 1195.0 79.66666666666666 10641.983312980356 266.0495828245089 6.8 6.8 156.0 1900.0 59.375
1791.0037975050136 35.0 3.0 1197.0 79.8 10643.983312980356 266.0995828245089 6.8 6.8 156.0 1901.0 59.40625
1792.0048855897958 35.0 3.0 1198.0 79.86666666666666 10644.983312980356 266.1245828245089 6.8 6.8 156.0 1901.0 59.40625
1793.0037975050136 35.0 3.0 1200.0 80.0 10646.983312980356 266.1745828245089 6.8 6.8 156.0 1902.0 59.4375
1794.0048855897958 35.0 3.0 1201.0 80.06666666666668 10647.983312980356 266.1995828245089 6.8 6.8 156.0 1902.0 59.4375
1795.0037975050136 35.0 3.0 1203.0 80.2 10649.983312980356 266.2495828245089 6.8 6.8 156.0 1903.0 59.46875
1796.0048855897958 35.0 3.0 1204.0 80.26666666666668 10650.983312980356 266.2745828245089 6.8 6.8 156.0 1903.0 59.46875
1797.0037975050136 35.0 3.0 1206.0 80.40000000000002 10652.983312980356 266.3245828245089 6.8 6.8 156.0 1904.0 59.5
1798.0048855897958 35.0 3.0 1207.0 80.46666666666664 10653.983312980356 266.3495828245089 6.825 6.825 156.0 1904.0 59.5
1799.0037975050136 35.0 3.0 1209.0 80.59999999999998 10655.983312980356 266.3995828245089 6.85 6.85 156.0 1905.0 59.53125
1800.0048855897958 35.0 3.0 1210.0 80.66666666666666 10656.983312980356 266.4245828245089 6.875 6.875 156.0 1905.0 59.53125
1801.0037975050136 35.0 3.0 1212.0 80.8 10658.983312980356 266.4745828245089 6.9 6.9 117.0 1905.0 59.53125
1802.0048855897958 35.0 3.0 1213.0 80.86666666666666 10663.983312980356 266.5995828245089 6.925 6.925 112.0 1905.0 59.53125
1803.0037975050136 35.0 3.0 1215.0 81.0 10669.983312980356 266.7495828245089 6.925 6.925 108.0 1905.0 59.53125
1804.0048855897958 35.0 3.0 1216.0 81.06666666666668 10674.983312980356 266.8745828245089 6.925 6.925 108.0 1905.0 59.53125
1805.0037975050136 35.0 3.0 1218.0 81.2 10680.983312980356 267.0245828245089 6.975 6.975 108.0 1905.0 59.53125
1806.0048855897958 35.0 3.0 1219.0 81.26666666666668 10685.983312980356 267.1495828245089 7.0 7.0 108.0 1905.0 59.53125
1807.0037975050136 35.0 3.0 1221.0 81.40000000000002 10691.983312980356 267.2995828245089 7.0 7.0 108.0 1905.0 59.53125
1808.0048855897958 35.0 3.0 1222.0 81.46666666666664 10696.983312980356 267.4245828245089 7.0 7.0 108.0 1905.0 59.53125
1809.0037975050136 35.0 3.0 1224.0 81.59999999999998 10702.983312980356 267.5745828245089 7.0 7.0 108.0 1905.0 59.53125
1810.0048855897958 35.0 3.0 1225.0 81.66666666666666 10707.983312980356 267.6995828245089 7.025 7.025 108.0 1905.0 59.53125
1811.0037975050136 35.0 3.0 1227.0 81.8 10713.983312980356 267.8495828245089 7.025 7.025 108.0 1905.0 59.53125
1812.0048855897958 35.0 3.0 1228.0 81.86666666666666 10718.983312980356 267.9745828245089 7.025 7.025 108.0 1905.0 59.53125
1813.0037975050136 35.0 3.0 1230.0 82.0 10724.983312980356 268.1245828245089 7.025 7.025 108.0 1905.0 59.53125
1814.0048855897958 35.0 2.0 1230.0 82.0 10729.983312980356 268.2495828245089 7.075 7.075 108.0 1905.0 59.53125
1815.0037975050136 35.0 2.0 1232.0 82.13333333333334 10735.983312980356 268.3995828245089 7.125 7.125 108.0 1905.0 59.53125
1816.0048855897958 35.0 2.0 1232.0 82.13333333333334 10741.983312980356 268.5495828245089 7.175 7.175 111.0 1905.0 59.53125
1817.0037975050136 35.0 2.0 1234.0 82.26666666666668 10748.983312980356 268.7245828245089 7.2 7.2 115.0 1905.0 59.53125
1818.0048855897958 35.0 2.0 1234.0 82.26666666666668 10754.983312980356 268.8745828245089 7.225 7.225 115.0 1905.0 59.53125
1819.0037975050136 35.0 2.0 1236.0 82.40000000000002 10761.983312980357 269.0495828245089 7.225 7.225 115.0 1905.0 59.53125
1820.0048855897958 35.0 2.0 1236.0 82.40000000000002 10767.983312980357 269.1995828245089 7.25 7.25 115.0 1905.0 59.53125
1821.0037975050136 35.0 3.0 1239.0 77.4375 10776.983312980357 269.4245828245089 7.25 7.25 115.0 1905.0 59.53125
1822.0048855897958 35.0 3.0 1239.0 77.4375 10782.983312980357 269.5745828245089 7.275 7.275 115.0 1905.0 59.53125
1823.0037975050136 35.0 3.0 1242.0 77.625 10789.983312980357 269.7495828245089 7.275 7.275 115.0 1905.0 59.53125
1824.0048855897958 35.0 3.0 1242.0 77.625 10795.983312980357 269.8995828245089 7.275 7.275 115.0 1905.0 59.53125
1825.0037975050136 35.0 3.0 1245.0 77.8125 10802.983312980357 270.0745828245089 7.275 7.275 115.0 1905.0 59.53125
1826.0048855897958 35.0 3.0 1245.0 77.8125 10808.983312980357 270.2245828245089 7.275 7.275 115.0 1905.0 59.53125
1827.0037975050136 35.0 3.0 1248.0 78.0 10815.983312980357 270.3995828245089 7.3 7.3 115.0 1905.0 59.53125
1828.0048855897958 35.0 3.0 1248.0 78.0 10821.983312980357 270.5495828245089 7.325 7.325 115.0 1905.0 59.53125
1829.0037975050136 35.0 3.0 1251.0 78.1875 10828.858307799914 270.7214576949978 7.325 7.325 115.0 1905.0 59.53125
1830.0048855897958 35.0 3.0 1251.0 78.1875 10834.858307799914 270.87145769499784 7.325 7.325 115.0 1905.0 59.53125
1831.0037975050136 35.0 3.0 1254.0 78.375 10840.858589549398 271.02146473873495 7.325 7.325 115.0 1905.0 59.53125
1832.0048855897958 35.0 3.0 1254.0 78.375 10846.858589549398 271.1714647387349 7.35 7.35 115.0 1905.0 59.53125
1833.0037975050136 35.0 3.0 1257.0 78.5625 10852.85885210326 271.3214713025815 7.375 7.375 115.0 1905.0 59.53125
1834.0048855897958 35.0 3.0 1257.0 78.5625 10859.85885210326 271.4964713025815 7.725 7.725 115.0 1905.0 59.53125
1835.0037975050136 35.0 3.0 1260.0 78.75 10865.858913004777 271.6464728251194 7.9 7.9 115.0 1905.0 59.53125
1836.0048855897958 35.0 3.0 1260.0 78.75 10873.858913004777 271.8464728251194 8.15 8.15 115.0 1905.0 59.53125
1837.0037975050136 35.0 3.0 1263.0 78.9375 10879.85905216346 271.99647630408646 8.175 8.175 115.0 1905.0 59.53125
1838.0048855897958 35.0 3.0 1263.0 78.9375 10886.85905216346 272.17147630408647 8.225 8.225 115.0 1905.0 59.53125
1839.0037975050136 35.0 3.0 1266.0 79.125 10892.859369096814 272.32148422742034 8.225 8.225 115.0 1905.0 59.53125
1840.0048855897958 35.0 3.0 1266.0 79.125 10899.859369096814 272.49648422742035 8.225 8.225 115.0 1905.0 59.53125
1841.0037975050136 35.0 3.0 1269.0 79.3125 10905.85957385549 272.6464893463872 8.225 8.225 115.0 1905.0 59.53125
1842.0048855897958 35.0 3.0 1269.0 79.3125 10912.349707595686 272.8087426898921 8.225 8.225 115.0 1905.0 59.53125
1843.0037975050136 35.0 3.0 1272.0 79.5 10918.349993876573 272.9587498469143 8.225 8.225 115.0 1905.0 59.53125
1844.0048855897958 35.0 4.0 1273.0 79.5625 10924.349993876573 273.1087498469143 8.2 8.2 115.0 1905.0 59.53125
1845.0037975050136 35.0 4.0 1276.0 79.75 10930.350283274092 273.2587570818523 8.175 8.175 115.0 1905.0 59.53125
1846.0048855897958 35.0 4.0 1277.0 79.8125 10936.350283274092 273.4087570818523 8.2 8.2 115.0 1905.0 59.53125
1847.0037975050136 35.0 4.0 1280.0 80.0 10940.350535843203 273.50876339608004 8.2 8.2 115.0 1905.0 59.53125
1848.0048855897958 35.0 4.0 1281.0 80.0625 10945.350535843203 273.63376339608004 8.225 8.225 115.0 1905.0 59.53125
1849.0037975050136 35.0 4.0 1284.0 80.25 10949.350749231864 273.73376873079656 8.225 8.225 115.0 1905.0 59.53125
1850.0048855897958 35.0 4.0 1285.0 80.3125 10950.350749231864 273.7587687307966 8.225 8.225 115.0 1905.0 59.53125
1851.0037975050136 35.0 4.0 1288.0 80.5 10950.350943740666 273.7587735935166 8.225 8.225 115.0 1905.0 59.53125
1852.0048855897958 35.0 4.0 1289.0 80.5625 10950.350943740666 273.7587735935166 8.225 8.225 115.0 1905.0 59.53125
1853.0037975050136 35.0 4.0 1292.0 80.75 10950.351087462817 273.7587771865704 8.225 8.225 115.0 1905.0 59.53125
1854.0048855897958 35.0 4.0 1293.0 80.8125 10950.351087462817 273.7587771865704 8.225 8.225 115.0 1905.0 59.53125
1855.0037975050136 35.0 4.0 1296.0 81.0 10950.351345543044 273.75878363857606 8.225 8.225 115.0 1905.0 59.53125
1856.0048855897958 35.0 4.0 1297.0 81.0625 10950.351345543044 273.75878363857606 8.225 8.225 115.0 1905.0 59.53125
1857.0037975050136 35.0 4.0 1300.0 81.25 10950.351512400734 273.7587878100183 8.225 8.225 115.0 1905.0 59.53125
1858.0048855897958 35.0 4.0 1301.0 81.3125 10950.351512400734 273.7587878100183 8.225 8.225 115.0 1905.0 59.53125
1859.0037975050136 35.0 4.0 1304.0 81.5 10950.35170567425 273.7587926418562 8.225 8.225 115.0 1905.0 59.53125
1860.0048855897958 35.0 4.0 1305.0 81.5625 10950.35170567425 273.7587926418562 8.225 8.225 115.0 1905.0 59.53125
1861.0037975050136 35.0 4.0 1308.0 81.75 10950.35185361734 273.75879634043343 8.225 8.225 115.0 1905.0 59.53125
1862.0048855897958 35.0 4.0 1309.0 81.8125 10950.35185361734 273.75879634043343 8.225 8.225 115.0 1905.0 59.53125
1863.0037975050136 35.0 4.0 1312.0 82.0 10950.351977539669 273.75879943849174 8.225 8.225 115.0 1905.0 59.53125
1864.0048855897958 35.0 4.0 1313.0 82.0625 10950.351977539669 273.75879943849174 8.225 8.225 115.0 1905.0 59.53125
1865.0037975050136 35.0 4.0 1316.0 82.25 10950.35225709461 273.75880642736524 8.225 8.225 115.0 1905.0 59.53125
1866.0048855897958 35.0 4.0 1317.0 82.3125 10950.35225709461 273.75880642736524 8.225 8.225 115.0 1905.0 59.53125
1867.0037975050136 35.0 4.0 1320.0 82.5 10950.352399750496 273.7588099937624 8.225 8.225 115.0 1905.0 59.53125
1868.0048855897958 35.0 4.0 1321.0 82.5625 10950.352399750496 273.7588099937624 8.225 8.225 115.0 1905.0 59.53125
1869.0037975050136 35.0 4.0 1324.0 82.75 10950.35248058092 273.75881201452296 8.225 8.225 115.0 1905.0 59.53125
1870.0048855897958 35.0 4.0 1325.0 82.8125 10950.35248058092 273.75881201452296 8.225 8.225 115.0 1905.0 59.53125
1871.0037975050136 35.0 4.0 1328.0 83.0 10950.352607149103 273.75881517872756 8.225 8.225 115.0 1905.0 59.53125
1872.0048855897958 35.0 4.0 1329.0 83.0625 10950.352607149103 273.75881517872756 8.225 8.225 115.0 1905.0 59.53125
1873.0037975050136 35.0 4.0 1332.0 83.25 10950.352746912882 273.75881867282203 8.225 8.225 115.0 1905.0 59.53125
1874.0048855897958 35.0 4.0 1333.0 83.3125 10950.352746912882 273.75881867282203 8.225 8.225 115.0 1905.0 59.53125
1875.0037975050136 35.0 4.0 1336.0 83.5 10950.352965833687 273.75882414584214 8.225 8.225 115.0 1905.0 59.53125
1876.0048855897958 35.0 4.0 1337.0 83.5625 10950.352965833687 273.75882414584214 8.225 8.225 115.0 1905.0 59.53125
1877.0037975050136 35.0 4.0 1340.0 83.75 10950.353002194724 273.7588250548681 8.225 8.225 115.0 1905.0 59.53125
1878.0048855897958 35.0 4.0 1341.0 83.8125 10950.353002194724 273.7588250548681 8.225 8.225 115.0 1905.0 59.53125
1879.0037975050136 35.0 4.0 1344.0 84.0 10950.353236146548 273.7588309036637 8.225 8.225 115.0 1905.0 59.53125
1880.0048855897958 35.0 4.0 1345.0 84.0625 10950.353236146548 273.7588309036637 8.225 8.225 115.0 1905.0 59.53125
1881.0037975050136 35.0 4.0 1348.0 84.25 10950.3533218743 273.7588330468575 8.225 8.225 115.0 1905.0 59.53125
1882.0048855897958 35.0 4.0 1349.0 84.3125 10950.3533218743 273.7588330468575 8.225 8.225 115.0 1905.0 59.53125
1883.0037975050136 35.0 4.0 1352.0 84.5 10950.353560643249 273.7588390160812 8.225 8.225 115.0 1905.0 59.53125
1884.0048855897958 35.0 4.0 1353.0 84.5625 10950.353560643249 273.7588390160812 8.225 8.225 115.0 1905.0 59.53125
1885.0037975050136 35.0 4.0 1356.0 84.75 10950.353817278474 273.7588454319618 8.225 8.225 115.0 1905.0 59.53125
1886.0048855897958 35.0 4.0 1357.0 84.8125 10950.353817278474 273.7588454319618 8.225 8.225 115.0 1905.0 59.53125
1887.0037975050136 35.0 3.0 1359.0 84.9375 10950.353997397544 273.7588499349386 8.225 8.225 115.0 1905.0 59.53125
1888.0048855897958 35.0 3.0 1360.0 85.0 10950.353997397544 273.7588499349386 8.225 8.225 115.0 1905.0 59.53125
1889.0037975050136 35.0 3.0 1362.0 85.125 10952.354241087136 273.80885602717836 8.225 8.225 125.0 1905.0 59.53125
1890.0048855897958 35.0 3.0 1363.0 85.1875 10953.354241087136 273.83385602717834 8.225 8.225 130.0 1905.0 59.53125
1891.0037975050136 35.0 3.0 1365.0 85.3125 10955.354416607008 273.88386041517515 8.225 8.225 130.0 1905.0 59.53125
1892.0048855897958 35.0 3.0 1366.0 85.375 10956.354416607008 273.9088604151752 8.225 8.225 130.0 1905.0 59.53125
1893.0037975050136 35.0 2.0 1367.0 85.4375 10958.354639504878 273.95886598762195 8.225 8.225 130.0 1905.0 59.53125
1894.0048855897958 35.0 2.0 1368.0 85.5 10959.354639504878 273.9838659876219 8.225 8.225 130.0 1905.0 59.53125
1895.0037975050136 35.0 2.0 1369.0 85.5625 10963.354789914372 274.0838697478593 8.225 8.225 135.0 1905.0 59.53125
1896.0048855897958 35.0 2.0 1370.0 85.625 10964.354789914372 274.1088697478593 8.225 8.225 135.0 1905.0 59.53125
1897.0037975050136 35.0 2.0 1371.0 85.6875 10968.354962558864 274.20887406397156 8.225 8.225 135.0 1905.0 59.53125
1898.0048855897958 35.0 2.0 1372.0 85.75 10969.354962558864 274.23387406397154 8.225 8.225 135.0 1905.0 59.53125
1899.0037975050136 35.0 2.0 1373.0 85.8125 10973.35506431242 274.33387660781045 8.225 8.225 135.0 1905.0 59.53125
1900.0048855897958 35.0 2.0 1374.0 85.875 10974.35506431242 274.35887660781043 8.225 8.225 135.0 1905.0 59.53125
1901.0037975050136 35.0 2.0 1375.0 85.9375 10978.35527903274 274.4588819758185 8.225 8.225 135.0 1905.0 59.53125
1902.0048855897958 35.0 2.0 1376.0 86.0 10979.35527903274 274.48388197581846 8.225 8.225 135.0 1905.0 59.53125
1903.0037975050136 35.0 2.0 1377.0 86.0625 10983.355559163481 274.583888979087 8.225 8.225 135.0 1905.0 59.53125
1904.0048855897958 35.0 2.0 1378.0 86.125 10984.355559163481 274.608888979087 8.225 8.225 135.0 1905.0 59.53125
1905.0037975050136 35.0 2.0 1379.0 86.1875 10988.355664965413 274.7088916241353 8.225 8.225 135.0 1905.0 59.53125
1906.0048855897958 35.0 2.0 1380.0 86.25 10989.355664965413 274.7338916241353 8.225 8.225 135.0 1905.0 59.53125
1907.0037975050136 35.0 2.0 1381.0 86.3125 10993.355842000256 274.83389605000633 8.225 8.225 135.0 1905.0 59.53125
1908.0048855897958 35.0 2.0 1382.0 86.375 10994.355842000256 274.85889605000636 8.225 8.225 135.0 1905.0 59.53125
1909.0037975050136 35.0 2.0 1383.0 86.4375 10998.355943897772 274.95889859744426 8.225 8.225 135.0 1905.0 59.53125
1910.0048855897958 35.0 2.0 1384.0 86.5 10999.355943897772 274.98389859744424 8.225 8.225 135.0 1905.0 59.53125
1911.0037975050136 35.0 2.0 1385.0 86.5625 11003.356129569482 275.08390323923703 8.225 8.225 135.0 1905.0 59.53125
1912.0048855897958 35.0 2.0 1386.0 86.625 11004.356129569482 275.108903239237 8.225 8.225 135.0 1905.0 59.53125
1913.0037975050136 35.0 2.0 1387.0 86.6875 11008.356474570719 275.208911864268 8.225 8.225 135.0 1905.0 59.53125
1914.0048855897958 35.0 2.0 1388.0 86.75 11009.356474570719 275.23391186426795 8.225 8.225 135.0 1905.0 59.53125
1915.0037975050136 35.0 2.0 1389.0 86.8125 11013.356700548942 275.3339175137235 8.225 8.225 135.0 1905.0 59.53125
1916.0048855897958 35.0 2.0 1390.0 86.875 11014.356700548942 275.3589175137235 8.225 8.225 135.0 1905.0 59.53125
1917.0037975050136 35.0 2.0 1391.0 86.9375 11018.356869700501 275.45892174251253 8.225 8.225 135.0 1905.0 59.53125
1918.0048855897958 35.0 2.0 1392.0 87.0 11019.356869700501 275.4839217425125 8.225 8.225 135.0 1905.0 59.53125
1919.0037975050136 35.0 2.0 1393.0 87.0625 11023.357036803354 275.5839259200838 8.225 8.225 135.0 1905.0 59.53125
1920.0048855897958 35.0 2.0 1394.0 87.125 11024.357036803354 275.60892592008383 8.225 8.225 135.0 1905.0 59.53125
1921.0037975050136 35.0 2.0 1395.0 87.1875 11028.3572895094 275.708932237735 8.225 8.225 135.0 1905.0 59.53125
1922.0048855897958 35.0 2.0 1396.0 87.25 11029.3572895094 275.73393223773496 8.225 8.225 135.0 1905.0 59.53125
1923.0037975050136 35.0 2.0 1397.0 87.3125 11033.35750449933 275.8339376124832 8.225 8.225 135.0 1905.0 59.53125
1924.0048855897958 35.0 2.0 1398.0 87.375 11034.35750449933 275.85893761248326 8.225 8.225 135.0 1905.0 59.53125
1925.0037975050136 35.0 2.0 1399.0 87.4375 11038.357561278726 275.9589390319681 8.225 8.225 135.0 1905.0 59.53125
1926.0048855897958 35.0 2.0 1400.0 87.5 11039.357561278726 275.9839390319681 8.225 8.225 135.0 1905.0 59.53125
1927.0037975050136 35.0 2.0 1401.0 87.5625 11043.357773663187 276.08394434157964 8.225 8.225 135.0 1905.0 59.53125
1928.0048855897958 35.0 2.0 1402.0 87.625 11044.357773663187 276.1089443415797 8.225 8.225 135.0 1905.0 59.53125
1929.0037975050136 35.0 2.0 1403.0 87.6875 11048.357998034764 276.20894995086906 8.225 8.225 135.0 1905.0 59.53125
1930.0048855897958 35.0 2.0 1404.0 87.75 11049.357998034764 276.2339499508691 8.225 8.225 135.0 1905.0 59.53125
1931.0037975050136 35.0 2.0 1405.0 87.8125 11053.358315625379 276.33395789063445 8.225 8.225 135.0 1905.0 59.53125
1932.0048855897958 35.0 2.0 1406.0 87.875 11054.358315625379 276.35895789063443 8.225 8.225 135.0 1905.0 59.53125
1933.0037975050136 35.0 2.0 1407.0 87.9375 11057.60927336897 276.44023183422416 8.225 8.225 135.0 1906.0 59.5625
1934.0048855897958 35.0 2.0 1408.0 88.0 11058.60927336897 276.4652318342242 8.225 8.225 135.0 1906.0 59.5625
1935.0037975050136 35.0 2.0 1409.0 88.0625 11061.609534915806 276.54023837289515 8.225 8.225 135.0 1906.0 59.5625
1936.0048855897958 35.0 2.0 1410.0 88.125 11062.609534915806 276.5652383728951 8.225 8.225 135.0 1906.0 59.5625
1937.0037975050136 35.0 2.0 1411.0 88.1875 11066.609703303659 276.6652425825915 8.225 8.225 135.0 1906.0 59.5625
1938.0048855897958 35.0 2.0 1412.0 88.25 11067.609703303659 276.69024258259145 8.225 8.225 135.0 1906.0 59.5625
1939.0037975050136 35.0 2.0 1413.0 88.3125 11071.60993335954 276.7902483339885 8.225 8.225 135.0 1906.0 59.5625
1940.0048855897958 35.0 2.0 1414.0 88.375 11072.60993335954 276.8152483339885 8.225 8.225 135.0 1906.0 59.5625
1941.0037975050136 35.0 2.0 1415.0 88.4375 11076.610189110083 276.91525472775203 8.25 8.25 135.0 1906.0 59.5625
1942.0048855897958 35.0 2.0 1416.0 88.5 11077.610189110083 276.94025472775206 8.25 8.25 135.0 1906.0 59.5625
1943.0037975050136 35.0 2.0 1417.0 88.5625 11079.610343679467 276.9902585919867 8.275 8.275 135.0 1906.0 59.5625
1944.0048855897958 35.0 2.0 1418.0 88.625 11079.610343679467 276.9902585919867 8.275 8.275 135.0 1906.0 59.5625
1945.0037975050136 35.0 2.0 1419.0 88.6875 11081.610498353286 277.0402624588321 8.25 8.25 135.0 1906.0 59.5625
1946.0048855897958 35.0 2.0 1420.0 88.75 11081.610498353286 277.0402624588321 8.225 8.225 135.0 1906.0 59.5625
1947.0037975050136 35.0 2.0 1421.0 88.8125 11083.610729831988 277.0902682457997 8.225 8.225 135.0 1906.0 59.5625
1948.0048855897958 35.0 2.0 1422.0 88.875 11083.610729831988 277.0902682457997 8.225 8.225 135.0 1906.0 59.5625
1949.0037975050136 35.0 2.0 1423.0 88.9375 11085.610829412166 277.14027073530417 8.225 8.225 135.0 1906.0 59.5625
1950.0048855897958 36.0 2.0 1424.0 89.0 11085.610829412166 277.14027073530417 8.225 8.225 135.0 1906.0 59.5625
1951.0037975050136 36.0 2.0 1425.0 89.0625 11087.036990163773 277.1759247540943 8.225 8.225 135.0 1908.0 59.625
1952.0048855897958 36.0 2.0 1426.0 89.125 11087.036990163773 277.1759247540943 8.225 8.225 135.0 1908.0 59.625
1953.0037975050136 36.0 2.0 1427.0 89.1875 11088.037411362055 277.20093528405135 8.225 8.225 135.0 1908.0 59.625
1954.0048855897958 36.0 2.0 1428.0 89.25 11088.037411362055 277.20093528405135 8.225 8.225 135.0 1908.0 59.625
1955.0037975050136 36.0 2.0 1429.0 89.3125 11091.037411362055 277.27593528405134 8.225 8.225 135.0 1908.0 59.625
1956.0048855897958 36.0 2.0 1430.0 89.375 11091.037411362055 277.27593528405134 8.225 8.225 135.0 1908.0 59.625
1957.0037975050136 36.0 2.0 1431.0 89.4375 11094.037411362055 277.35093528405133 8.225 8.225 135.0 1908.0 59.625
1958.0048855897958 36.0 2.0 1432.0 89.5 11094.037411362055 277.35093528405133 8.225 8.225 135.0 1908.0 59.625
1959.0037975050136 36.0 2.0 1433.0 89.5625 11097.037411362055 277.4259352840513 8.225 8.225 135.0 1908.0 59.625
1960.0048855897958 36.0 2.0 1434.0 89.625 11097.037411362055 277.4259352840513 8.225 8.225 135.0 1908.0 59.625
1961.0037975050136 36.0 2.0 1435.0 89.6875 11100.037411362055 277.50093528405137 8.225 8.225 135.0 1908.0 59.625
1962.0048855897958 36.0 1.0 1435.0 89.6875 11100.037411362055 277.50093528405137 8.25 8.25 135.0 1908.0 59.625
1963.0037975050136 36.0 1.0 1436.0 89.75 11103.037411362055 277.57593528405135 8.275 8.275 135.0 1908.0 59.625
1964.0048855897958 36.0 1.0 1436.0 89.75 11105.037411362055 277.62593528405137 8.275 8.275 163.0 1908.0 59.625
1965.0037975050136 36.0 1.0 1437.0 89.8125 11108.037411362055 277.70093528405135 8.275 8.275 158.0 1908.0 59.625
1966.0048855897958 36.0 1.0 1437.0 89.8125 11109.037411362055 277.72593528405133 8.25 8.25 158.0 1908.0 59.625
1967.0037975050136 36.0 1.0 1438.0 89.875 11111.037411362055 277.77593528405134 8.25 8.25 158.0 1908.0 59.625
1968.0048855897958 36.0 1.0 1438.0 89.875 11112.037411362055 277.8009352840513 8.25 8.25 158.0 1908.0 59.625
1969.0037975050136 36.0 1.0 1439.0 89.9375 11114.037411362055 277.85093528405133 8.25 8.25 158.0 1908.0 59.625
1970.0048855897958 36.0 1.0 1439.0 89.9375 11115.037411362055 277.87593528405137 8.25 8.25 158.0 1908.0 59.625
1971.0037975050136 36.0 1.0 1440.0 90.0 11117.037411362055 277.9259352840513 8.25 8.25 158.0 1908.0 59.625
1972.0048855897958 36.0 1.0 1440.0 90.0 11118.037411362055 277.95093528405135 8.25 8.25 158.0 1908.0 59.625
1973.0037975050136 36.0 1.0 1441.0 90.0625 11120.037411362055 278.00093528405137 8.25 8.25 158.0 1908.0 59.625
1974.0048855897958 36.0 1.0 1441.0 90.0625 11121.037411362055 278.02593528405134 8.25 8.25 158.0 1908.0 59.625
1975.0037975050136 36.0 1.0 1442.0 90.125 11123.037411362055 278.07593528405135 8.25 8.25 158.0 1908.0 59.625
1976.0048855897958 36.0 1.0 1442.0 90.125 11124.037411362055 278.10093528405133 8.25 8.25 158.0 1908.0 59.625
1977.0037975050136 36.0 1.0 1443.0 90.1875 11126.037411362055 278.15093528405134 8.25 8.25 158.0 1908.0 59.625
1978.0048855897958 36.0 1.0 1443.0 90.1875 11127.037411362055 278.1759352840513 8.25 8.25 158.0 1908.0 59.625
1979.0037975050136 36.0 1.0 1444.0 90.25 11129.037411362055 278.22593528405133 8.25 8.25 158.0 1908.0 59.625
1980.0048855897958 36.0 1.0 1444.0 90.25 11130.037411362055 278.25093528405137 8.25 8.25 158.0 1908.0 59.625
1981.0037975050136 36.0 1.0 1445.0 90.3125 11132.037411362055 278.3009352840513 8.25 8.25 158.0 1908.0 59.625
1982.0048855897958 36.0 1.0 1445.0 90.3125 11133.037411362055 278.32593528405135 8.25 8.25 158.0 1908.0 59.625
1983.0037975050136 36.0 1.0 1446.0 90.375 11135.037411362055 278.37593528405137 8.25 8.25 158.0 1908.0 59.625
1984.0048855897958 36.0 1.0 1446.0 90.375 11136.037411362055 278.40093528405134 8.25 8.25 158.0 1908.0 59.625
1985.0037975050136 36.0 1.0 1447.0 90.4375 11138.037411362055 278.45093528405135 8.25 8.25 158.0 1908.0 59.625
1986.0048855897958 36.0 1.0 1447.0 90.4375 11139.037411362055 278.47593528405133 8.25 8.25 158.0 1908.0 59.625
1987.0037975050136 36.0 1.0 1448.0 90.5 11141.037411362055 278.52593528405134 8.25 8.25 158.0 1908.0 59.625
1988.0048855897958 36.0 1.0 1448.0 90.5 11142.037411362055 278.5509352840513 8.25 8.25 158.0 1908.0 59.625
1989.0037975050136 36.0 1.0 1449.0 90.5625 11144.037411362055 278.60093528405133 8.25 8.25 158.0 1908.0 59.625
1990.0048855897958 36.0 1.0 1449.0 90.5625 11145.037411362055 278.62593528405137 8.25 8.25 158.0 1908.0 59.625
1991.0037975050136 36.0 1.0 1450.0 90.625 11146.771701090545 278.6692925272636 8.25 8.25 158.0 1909.0 59.65625
1992.0048855897958 36.0 1.0 1450.0 90.625 11147.771701090545 278.6942925272636 8.25 8.25 158.0 1909.0 59.65625
1993.0037975050136 36.0 1.0 1451.0 90.6875 11148.771993533815 278.7192998383453 8.25 8.25 158.0 1909.0 59.65625
1994.0048855897958 36.0 1.0 1451.0 90.6875 11149.771993533815 278.74429983834534 8.25 8.25 158.0 1909.0 59.65625
1995.0037975050136 36.0 1.0 1452.0 90.75 11151.771993533815 278.79429983834535 8.25 8.25 158.0 1909.0 59.65625
1996.0048855897958 36.0 1.0 1452.0 90.75 11152.771993533815 278.81929983834533 8.25 8.25 158.0 1909.0 59.65625
1997.0037975050136 36.0 1.0 1453.0 90.8125 11154.771993533815 278.86929983834534 8.25 8.25 158.0 1909.0 59.65625
1998.0048855897958 36.0 1.0 1453.0 90.8125 11155.771993533815 278.8942998383453 8.25 8.25 158.0 1909.0 59.65625
1999.0037975050136 36.0 1.0 1454.0 90.875 11157.771993533815 278.94429983834533 8.25 8.25 158.0 1909.0 59.65625
2000.0048855897958 36.0 1.0 1454.0 90.875 11158.771993533815 278.9692998383453 8.25 8.25 158.0 1909.0 59.65625
2001.0037975050136 36.0 1.0 1455.0 90.9375 11160.771993533815 279.0192998383453 8.25 8.25 158.0 1909.0 59.65625
2002.0048855897958 36.0 1.0 1455.0 90.9375 11161.771993533815 279.04429983834535 8.25 8.25 158.0 1909.0 59.65625
2003.0037975050136 36.0 1.0 1456.0 91.0 11163.771993533815 279.0942998383453 8.25 8.25 158.0 1909.0 59.65625
2004.0048855897958 36.0 1.0 1456.0 91.0 11164.350532267668 279.1087633066917 8.25 8.25 158.0 1910.0 59.6875
2005.0037975050136 36.0 1.0 1457.0 91.0625 11166.350532267668 279.1587633066917 8.25 8.25 158.0 1910.0 59.6875
2006.0048855897958 36.0 1.0 1457.0 91.0625 11166.350680673702 279.1587670168425 8.25 8.25 158.0 1910.0 59.6875
2007.0037975050136 36.0 1.0 1458.0 91.125 11168.350680673702 279.2087670168425 8.25 8.25 158.0 1910.0 59.6875
2008.0048855897958 36.0 1.0 1458.0 91.125 11169.350680673702 279.23376701684253 8.25 8.25 158.0 1910.0 59.6875
2009.0037975050136 36.0 1.0 1459.0 91.1875 11171.350680673702 279.2837670168425 8.25 8.25 158.0 1910.0 59.6875
2010.0048855897958 36.0 1.0 1459.0 91.1875 11172.350680673702 279.3087670168425 8.25 8.25 158.0 1910.0 59.6875
2011.0037975050136 36.0 1.0 1460.0 91.25 11174.350680673702 279.35876701684253 8.25 8.25 158.0 1910.0 59.6875
2012.0048855897958 36.0 1.0 1460.0 91.25 11175.350680673702 279.3837670168425 8.25 8.25 158.0 1910.0 59.6875
2013.0037975050136 36.0 1.0 1461.0 91.3125 11177.350680673702 279.4337670168425 8.25 8.25 158.0 1910.0 59.6875
2014.0048855897958 36.0 1.0 1461.0 91.3125 11178.350680673702 279.4587670168425 8.25 8.25 158.0 1910.0 59.6875
2015.0037975050136 36.0 1.0 1462.0 91.375 11180.350680673702 279.5087670168425 8.25 8.25 158.0 1910.0 59.6875
2016.0048855897958 36.0 1.0 1462.0 91.375 11181.350680673702 279.5337670168425 8.25 8.25 158.0 1910.0 59.6875
2017.0037975050136 36.0 1.0 1463.0 91.4375 11183.350680673702 279.5837670168425 8.25 8.25 158.0 1910.0 59.6875
2018.0048855897958 36.0 1.0 1463.0 91.4375 11184.350680673702 279.60876701684253 8.25 8.25 158.0 1910.0 59.6875
2019.0037975050136 36.0 1.0 1464.0 91.5 11186.350680673702 279.6587670168425 8.25 8.25 158.0 1910.0 59.6875
2020.0048855897958 36.0 1.0 1464.0 91.5 11187.350680673702 279.6837670168425 8.25 8.25 158.0 1910.0 59.6875
2021.0037975050136 36.0 1.0 1465.0 91.5625 11189.350680673702 279.73376701684253 8.25 8.25 158.0 1910.0 59.6875
2022.0048855897958 36.0 1.0 1465.0 91.5625 11190.350680673702 279.7587670168425 8.25 8.25 158.0 1910.0 59.6875
2023.0037975050136 36.0 1.0 1466.0 91.625 11192.350680673702 279.8087670168425 8.25 8.25 158.0 1910.0 59.6875
2024.0048855897958 36.0 1.0 1466.0 91.625 11193.350680673702 279.8337670168425 8.25 8.25 158.0 1910.0 59.6875
2025.0037975050136 36.0 1.0 1467.0 91.6875 11195.350680673702 279.8837670168425 8.25 8.25 158.0 1910.0 59.6875
2026.0048855897958 36.0 1.0 1467.0 91.6875 11196.350680673702 279.9087670168425 8.25 8.25 158.0 1910.0 59.6875
2027.0037975050136 36.0 1.0 1468.0 91.75 11198.350680673702 279.9587670168425 8.25 8.25 158.0 1910.0 59.6875
2028.0048855897958 36.0 1.0 1468.0 91.75 11199.350680673702 279.98376701684253 8.25 8.25 158.0 1910.0 59.6875
2029.0037975050136 36.0 1.0 1469.0 91.8125 11201.350680673702 280.0337670168425 8.25 8.25 158.0 1910.0 59.6875
2030.0048855897958 36.0 1.0 1469.0 91.8125 11202.217910039499 280.0554477509874 8.25 8.25 158.0 1911.0 59.71875
2031.0037975050136 36.0 1.0 1470.0 91.875 11203.813886084632 280.0953471521158 8.25 8.25 158.0 1912.0 59.75
2032.0048855897958 36.0 1.0 1470.0 91.875 11203.813922159448 280.0953480539862 8.25 8.25 158.0 1912.0 59.75
2033.0037975050136 36.0 1.0 1471.0 91.9375 11204.81412163165 280.1203530407912 8.25 8.25 158.0 1912.0 59.75
2034.0048855897958 36.0 1.0 1471.0 91.9375 11205.81412163165 280.14535304079124 8.25 8.25 158.0 1912.0 59.75
2035.0037975050136 36.0 1.0 1472.0 92.0 11207.81412163165 280.19535304079125 8.25 8.25 158.0 1912.0 59.75
2036.0048855897958 36.0 1.0 1472.0 92.0 11208.81412163165 280.2203530407912 8.25 8.25 158.0 1912.0 59.75
2037.0037975050136 36.0 1.0 1473.0 92.0625 11210.81412163165 280.27035304079124 8.275 8.275 158.0 1912.0 59.75
2038.0048855897958 36.0 1.0 1473.0 92.0625 11211.81412163165 280.2953530407912 8.3 8.3 158.0 1912.0 59.75
2039.0037975050136 36.0 0.0 1473.0 92.0625 11213.81412163165 280.3453530407912 8.3 8.3 158.0 1912.0 59.75
2040.0048855897958 36.0 0.0 1473.0 92.0625 11214.81412163165 280.3703530407912 8.3 8.3 158.0 1912.0 59.75
2041.0037975050136 36.0 0.0 1473.0 92.0625 11220.81412163165 280.52035304079124 8.3 8.3 150.0 1912.0 59.75
2042.0048855897958 36.0 0.0 1473.0 92.0625 11223.81412163165 280.5953530407912 8.3 8.3 144.0 1912.0 59.75
2043.0037975050136 36.0 0.0 1473.0 92.0625 11230.81412163165 280.77035304079124 8.3 8.3 137.0 1912.0 59.75
2044.0048855897958 36.0 0.0 1473.0 92.0625 11233.81412163165 280.8453530407912 8.3 8.3 137.0 1912.0 59.75
2045.0037975050136 36.0 0.0 1473.0 92.0625 11240.81412163165 281.02035304079124 8.3 8.3 137.0 1912.0 59.75
2046.0048855897958 36.0 0.0 1473.0 92.0625 11243.81412163165 281.0953530407912 8.3 8.3 137.0 1912.0 59.75
2047.0037975050136 36.0 0.0 1473.0 92.0625 11250.81412163165 281.27035304079124 8.3 8.3 137.0 1912.0 59.75
2048.004885589796 36.0 0.0 1473.0 92.0625 11253.040855120433 281.32602137801075 8.3 8.3 137.0 1913.0 59.78125
2049.0037975050136 36.0 0.0 1473.0 92.0625 11260.040855120433 281.50102137801076 8.3 8.3 137.0 1913.0 59.78125
2050.004885589796 36.0 0.0 1473.0 92.0625 11262.040987578433 281.5510246894608 8.3 8.3 137.0 1913.0 59.78125
2051.0037975050136 36.0 0.0 1473.0 92.0625 11269.040987578433 281.7260246894608 8.3 8.3 137.0 1913.0 59.78125
2052.004885589796 36.0 0.0 1473.0 92.0625 11272.040987578433 281.8010246894608 8.3 8.3 137.0 1913.0 59.78125
2053.0037975050136 36.0 0.0 1473.0 92.0625 11279.040987578433 281.9760246894608 8.3 8.3 137.0 1913.0 59.78125
2054.004885589796 36.0 0.0 1473.0 92.0625 11282.040987578433 282.0510246894608 8.3 8.3 137.0 1913.0 59.78125
2055.0037975050136 36.0 0.0 1473.0 92.0625 11289.040987578433 282.2260246894608 8.3 8.3 137.0 1913.0 59.78125
2056.004885589796 36.0 0.0 1473.0 92.0625 11292.040987578433 282.3010246894608 8.3 8.3 137.0 1913.0 59.78125
2057.0037975050136 36.0 0.0 1473.0 92.0625 11299.040987578433 282.4760246894608 8.3 8.3 137.0 1913.0 59.78125
2058.004885589796 36.0 0.0 1473.0 92.0625 11302.040987578433 282.5510246894608 8.3 8.3 137.0 1913.0 59.78125
2059.0037975050136 36.0 0.0 1473.0 92.0625 11309.040987578433 282.7260246894608 8.3 8.3 137.0 1913.0 59.78125
2060.004885589796 36.0 0.0 1473.0 92.0625 11312.040987578433 282.8010246894608 8.3 8.3 137.0 1913.0 59.78125
2061.0037975050136 36.0 0.0 1473.0 92.0625 11319.040987578433 282.9760246894608 8.3 8.3 137.0 1913.0 59.78125
2062.004885589796 36.0 0.0 1473.0 92.0625 11322.040987578433 283.0510246894608 8.3 8.3 137.0 1913.0 59.78125
2063.0037975050136 36.0 0.0 1473.0 92.0625 11329.040987578433 283.2260246894608 8.3 8.3 137.0 1913.0 59.78125
2064.004885589796 36.0 0.0 1473.0 92.0625 11332.040987578433 283.3010246894608 8.3 8.3 137.0 1913.0 59.78125
2065.0037975050136 36.0 0.0 1473.0 92.0625 11339.040987578433 283.4760246894608 8.3 8.3 137.0 1913.0 59.78125
2066.004885589796 36.0 0.0 1473.0 92.0625 11342.040987578433 283.5510246894608 8.3 8.3 137.0 1913.0 59.78125
2067.0037975050136 36.0 0.0 1473.0 92.0625 11349.040987578433 283.7260246894608 8.3 8.3 137.0 1913.0 59.78125
2068.004885589796 36.0 0.0 1473.0 92.0625 11352.040987578433 283.8010246894608 8.3 8.3 137.0 1913.0 59.78125
2069.0037975050136 36.0 0.0 1473.0 92.0625 11359.040987578433 283.9760246894608 8.3 8.3 137.0 1913.0 59.78125
2070.004885589796 36.0 0.0 1473.0 92.0625 11362.040987578433 284.0510246894608 8.3 8.3 137.0 1913.0 59.78125
2071.0037975050136 36.0 0.0 1473.0 92.0625 11369.040987578433 284.2260246894608 8.3 8.3 137.0 1913.0 59.78125
2072.004885589796 36.0 0.0 1473.0 92.0625 11372.040987578433 284.3010246894608 8.3 8.3 137.0 1913.0 59.78125
2073.0037975050136 36.0 0.0 1473.0 92.0625 11379.040987578433 284.4760246894608 8.3 8.3 137.0 1913.0 59.78125
2074.004885589796 36.0 0.0 1473.0 92.0625 11382.040987578433 284.5510246894608 8.3 8.3 137.0 1913.0 59.78125
2075.0037975050136 36.0 0.0 1473.0 92.0625 11389.040987578433 284.7260246894608 8.3 8.3 137.0 1913.0 59.78125
2076.004885589796 36.0 0.0 1473.0 92.0625 11392.040987578433 284.8010246894608 8.3 8.3 137.0 1913.0 59.78125
2077.0037975050136 36.0 0.0 1473.0 92.0625 11399.040987578433 284.9760246894608 8.3 8.3 137.0 1913.0 59.78125
2078.004885589796 36.0 0.0 1473.0 92.0625 11402.040987578433 285.0510246894608 8.3 8.3 137.0 1913.0 59.78125
2079.0037975050136 36.0 0.0 1473.0 92.0625 11409.040987578433 285.2260246894608 8.3 8.3 137.0 1913.0 59.78125
2080.004885589796 36.0 0.0 1473.0 92.0625 11412.040987578433 285.3010246894608 8.3 8.3 137.0 1913.0 59.78125
2081.0037975050136 36.0 0.0 1473.0 92.0625 11419.040987578433 285.4760246894608 8.3 8.3 137.0 1913.0 59.78125
2082.004885589796 36.0 0.0 1473.0 92.0625 11422.040987578433 285.5510246894608 8.3 8.3 137.0 1913.0 59.78125
2083.0037975050136 36.0 0.0 1473.0 92.0625 11429.040987578433 285.7260246894608 8.3 8.3 137.0 1913.0 59.78125
2084.004885589796 36.0 0.0 1473.0 92.0625 11432.040987578433 285.8010246894608 8.3 8.3 137.0 1913.0 59.78125
2085.0037975050136 36.0 0.0 1473.0 92.0625 11439.040987578433 285.9760246894608 8.3 8.3 137.0 1913.0 59.78125
2086.004885589796 36.0 0.0 1473.0 92.0625 11442.040987578433 286.0510246894608 8.3 8.3 137.0 1913.0 59.78125
2087.0037975050136 36.0 0.0 1473.0 92.0625 11448.426376313104 286.2106594078275 8.3 8.3 137.0 1914.0 59.8125
2088.004885589796 36.0 0.0 1473.0 92.0625 11451.426376313104 286.28565940782755 8.3 8.3 137.0 1914.0 59.8125
2089.0037975050136 36.0 0.0 1473.0 92.0625 11457.426509345403 286.435662733635 8.3 8.3 137.0 1914.0 59.8125
2090.004885589796 36.0 0.0 1473.0 92.0625 11460.426509345403 286.510662733635 8.3 8.3 137.0 1914.0 59.8125
2091.0037975050136 36.0 0.0 1473.0 92.0625 11467.426509345403 286.685662733635 8.3 8.3 137.0 1914.0 59.8125
2092.004885589796 36.0 0.0 1473.0 92.0625 11470.426509345403 286.760662733635 8.3 8.3 137.0 1914.0 59.8125
2093.0037975050136 36.0 0.0 1473.0 92.0625 11477.426509345401 286.935662733635 8.3 8.3 137.0 1914.0 59.8125
2094.004885589796 36.0 0.0 1473.0 92.0625 11480.426509345401 287.010662733635 8.3 8.3 137.0 1914.0 59.8125
2095.0037975050136 36.0 0.0 1473.0 92.0625 11487.426509345401 287.185662733635 8.3 8.3 137.0 1914.0 59.8125
2096.004885589796 36.0 0.0 1473.0 92.0625 11490.426509345401 287.260662733635 8.3 8.3 137.0 1914.0 59.8125
2097.0037975050136 36.0 0.0 1473.0 92.0625 11497.426509345401 287.435662733635 8.3 8.3 137.0 1914.0 59.8125
2098.004885589796 36.0 0.0 1473.0 92.0625 11500.426509345401 287.510662733635 8.3 8.3 137.0 1914.0 59.8125
2099.0037975050136 36.0 0.0 1473.0 92.0625 11507.426509345401 287.685662733635 8.325 8.325 137.0 1914.0 59.8125
2100.004885589796 36.0 0.0 1473.0 92.0625 11510.426509345401 287.760662733635 8.35 8.35 137.0 1914.0 59.8125
2101.0037975050136 36.0 0.0 1473.0 92.0625 11517.301902614006 287.93254756535015 8.35 8.35 137.0 1915.0 59.84375
2102.004885589796 36.0 0.0 1473.0 92.0625 11520.280579513428 288.0070144878357 8.35 8.35 137.0 1916.0 59.875
2103.0037975050136 36.0 0.0 1473.0 92.0625 11526.280732776602 288.15701831941504 8.35 8.35 137.0 1916.0 59.875
2104.004885589796 36.0 0.0 1473.0 92.0625 11528.280860340048 288.2070215085012 8.35 8.35 137.0 1916.0 59.875
2105.0037975050136 36.0 0.0 1473.0 92.0625 11535.280860340048 288.3820215085012 8.35 8.35 137.0 1916.0 59.875
2106.004885589796 36.0 0.0 1473.0 92.0625 11538.280860340048 288.4570215085012 8.35 8.35 137.0 1916.0 59.875
2107.0037975050136 36.0 0.0 1473.0 92.0625 11545.280860340048 288.6320215085012 8.375 8.375 137.0 1916.0 59.875
2108.004885589796 36.0 0.0 1473.0 92.0625 11548.280860340048 288.7070215085012 8.4 8.4 137.0 1916.0 59.875
2109.0037975050136 36.0 0.0 1473.0 92.0625 11555.280860340048 288.8820215085012 8.4 8.4 137.0 1916.0 59.875
2110.004885589796 36.0 0.0 1473.0 92.0625 11558.280860340048 288.9570215085012 8.4 8.4 137.0 1916.0 59.875
2111.0037975050136 36.0 0.0 1473.0 92.0625 11565.280860340048 289.1320215085012 8.4 8.4 137.0 1916.0 59.875
2112.004885589796 36.0 0.0 1473.0 92.0625 11568.280860340048 289.2070215085012 8.4 8.4 137.0 1916.0 59.875
2113.0037975050136 36.0 0.0 1473.0 92.0625 11575.280860340048 289.3820215085012 8.4 8.4 137.0 1916.0 59.875
2114.004885589796 36.0 0.0 1473.0 92.0625 11578.280860340048 289.4570215085012 8.4 8.4 137.0 1916.0 59.875
2115.0037975050136 36.0 0.0 1473.0 92.0625 11585.280860340048 289.6320215085012 8.4 8.4 137.0 1916.0 59.875
2116.004885589796 36.0 0.0 1473.0 92.0625 11588.280860340048 289.7070215085012 8.4 8.4 137.0 1916.0 59.875
2117.0037975050136 36.0 0.0 1473.0 92.0625 11595.280860340048 289.8820215085012 8.4 8.4 137.0 1916.0 59.875
2118.004885589796 36.0 0.0 1473.0 92.0625 11598.051109211649 289.95127773029117 8.4 8.4 137.0 1917.0 59.90625
2119.0037975050136 36.0 0.0 1473.0 92.0625 11605.051109211649 290.1262777302912 8.4 8.4 137.0 1917.0 59.90625
2120.004885589796 36.0 0.0 1473.0 92.0625 11607.051310476398 290.17628276190993 8.4 8.4 137.0 1917.0 59.90625
2121.0037975050136 36.0 0.0 1473.0 92.0625 11614.051310476398 290.35128276190994 8.4 8.4 137.0 1917.0 59.90625
2122.004885589796 36.0 0.0 1473.0 92.0625 11617.051310476398 290.42628276190993 8.4 8.4 137.0 1917.0 59.90625
2123.0037975050136 36.0 0.0 1473.0 92.0625 11624.051310476398 290.60128276190994 8.4 8.4 137.0 1917.0 59.90625
2124.004885589796 36.0 0.0 1473.0 92.0625 11627.051310476398 290.67628276190993 8.4 8.4 137.0 1917.0 59.90625
2125.0037975050136 36.0 0.0 1473.0 92.0625 11634.051310476398 290.85128276190994 8.4 8.4 137.0 1917.0 59.90625
2126.004885589796 36.0 0.0 1473.0 92.0625 11637.051310476398 290.92628276190993 8.4 8.4 137.0 1917.0 59.90625
2127.0037975050136 36.0 0.0 1473.0 92.0625 11644.051310476398 291.10128276190994 8.425 8.425 137.0 1917.0 59.90625
2128.004885589796 36.0 0.0 1473.0 92.0625 11647.051310476398 291.17628276190993 8.425 8.425 137.0 1917.0 59.90625
2129.0037975050136 36.0 0.0 1473.0 92.0625 11654.051310476398 291.35128276190994 8.425 8.425 137.0 1917.0 59.90625
2130.004885589796 36.0 0.0 1473.0 92.0625 11657.051310476398 291.42628276190993 8.425 8.425 137.0 1917.0 59.90625
2131.0037975050136 36.0 0.0 1473.0 92.0625 11664.051310476398 291.60128276190994 8.425 8.425 137.0 1917.0 59.90625
2132.004885589796 36.0 0.0 1473.0 92.0625 11667.051310476398 291.67628276190993 8.425 8.425 137.0 1917.0 59.90625
2133.0037975050136 36.0 0.0 1473.0 92.0625 11674.051310476398 291.85128276190994 8.425 8.425 137.0 1917.0 59.90625
2134.004885589796 36.0 0.0 1473.0 92.0625 11677.051310476398 291.92628276190993 8.425 8.425 137.0 1917.0 59.90625
2135.0037975050136 36.0 0.0 1473.0 92.0625 11684.051310476398 292.10128276190994 8.425 8.425 137.0 1917.0 59.90625
2136.004885589796 36.0 0.0 1473.0 92.0625 11687.051310476398 292.17628276190993 8.425 8.425 137.0 1917.0 59.90625
2137.0037975050136 36.0 0.0 1473.0 92.0625 11694.051310476398 292.35128276190994 8.425 8.425 137.0 1917.0 59.90625
2138.004885589796 36.0 0.0 1473.0 92.0625 11697.051310476398 292.42628276190993 8.425 8.425 137.0 1917.0 59.90625
2139.0037975050136 36.0 0.0 1473.0 92.0625 11704.051310476398 292.60128276190994 8.45 8.45 137.0 1917.0 59.90625
2140.004885589796 36.0 0.0 1473.0 92.0625 11707.051310476398 292.67628276190993 8.45 8.45 137.0 1917.0 59.90625
2141.0037975050136 36.0 0.0 1473.0 92.0625 11713.798373706144 292.84495934265357 8.45 8.45 137.0 1917.0 59.90625
2142.004885589796 36.0 0.0 1473.0 92.0625 11716.798373706144 292.9199593426536 8.45 8.45 137.0 1917.0 59.90625
2143.0037975050136 36.0 1.0 1474.0 92.125 11721.798414232706 293.04496035581764 8.425 8.425 137.0 1917.0 59.90625
2144.004885589796 36.0 1.0 1474.0 92.125 11724.798414232706 293.1199603558176 8.425 8.425 137.0 1917.0 59.90625
2145.0037975050136 36.0 1.0 1475.0 92.1875 11729.798414232706 293.2449603558176 8.425 8.425 137.0 1917.0 59.90625
2146.004885589796 36.0 1.0 1475.0 92.1875 11732.798414232706 293.31996035581767 8.45 8.45 137.0 1917.0 59.90625
2147.0037975050136 36.0 1.0 1476.0 92.25 11737.798414232706 293.44496035581767 8.45 8.45 137.0 1917.0 59.90625
2148.004885589796 36.0 1.0 1476.0 92.25 11740.798414232706 293.51996035581766 8.45 8.45 137.0 1917.0 59.90625
2149.0037975050136 36.0 1.0 1477.0 92.3125 11745.798414232706 293.64496035581766 8.45 8.45 137.0 1917.0 59.90625
2150.004885589796 36.0 1.0 1477.0 92.3125 11748.798414232706 293.71996035581765 8.45 8.45 137.0 1917.0 59.90625
2151.0037975050136 36.0 1.0 1478.0 92.375 11753.798414232706 293.84496035581765 8.45 8.45 137.0 1917.0 59.90625
2152.004885589796 36.0 1.0 1478.0 92.375 11756.798414232706 293.91996035581764 8.45 8.45 137.0 1917.0 59.90625
2153.0037975050136 36.0 1.0 1479.0 92.4375 11761.798414232706 294.04496035581764 8.45 8.45 137.0 1917.0 59.90625
2154.004885589796 36.0 1.0 1479.0 92.4375 11764.798414232706 294.1199603558176 8.45 8.45 137.0 1917.0 59.90625
2155.0037975050136 36.0 1.0 1480.0 92.5 11769.798414232706 294.2449603558176 8.45 8.45 137.0 1917.0 59.90625
2156.004885589796 36.0 1.0 1480.0 92.5 11772.798414232706 294.31996035581767 8.45 8.45 137.0 1917.0 59.90625
2157.0037975050136 36.0 1.0 1481.0 92.5625 11777.798414232706 294.44496035581767 8.45 8.45 137.0 1917.0 59.90625
2158.004885589796 36.0 1.0 1481.0 92.5625 11780.798414232706 294.51996035581766 8.45 8.45 137.0 1917.0 59.90625
2159.0037975050136 36.0 1.0 1482.0 92.625 11785.798414232706 294.64496035581766 8.45 8.45 137.0 1917.0 59.90625
2160.004885589796 36.0 1.0 1482.0 92.625 11788.798414232706 294.71996035581765 8.45 8.45 137.0 1917.0 59.90625
2161.0037975050136 36.0 1.0 1483.0 92.6875 11793.798414232706 294.84496035581765 8.475 8.475 137.0 1917.0 59.90625
2162.004885589796 36.0 1.0 1483.0 92.6875 11796.798414232706 294.91996035581764 8.475 8.475 137.0 1917.0 59.90625
2163.0037975050136 36.0 1.0 1484.0 92.75 11801.798414232706 295.04496035581764 8.5 8.5 137.0 1917.0 59.90625
2164.004885589796 36.0 1.0 1484.0 92.75 11804.798414232706 295.1199603558176 8.5 8.5 137.0 1917.0 59.90625
2165.0037975050136 36.0 1.0 1485.0 92.8125 11809.798414232706 295.2449603558176 8.5 8.5 137.0 1917.0 59.90625
2166.004885589796 36.0 1.0 1485.0 92.8125 11812.798414232706 295.31996035581767 8.5 8.5 137.0 1917.0 59.90625
2167.0037975050136 36.0 1.0 1486.0 92.875 11817.798414232706 295.44496035581767 8.5 8.5 137.0 1917.0 59.90625
2168.004885589796 36.0 1.0 1486.0 92.875 11820.798414232706 295.51996035581766 8.5 8.5 137.0 1917.0 59.90625
2169.0037975050136 36.0 1.0 1487.0 92.9375 11825.798414232706 295.64496035581766 8.5 8.5 137.0 1917.0 59.90625
2170.004885589796 36.0 1.0 1487.0 92.9375 11828.798414232706 295.71996035581765 8.5 8.5 137.0 1917.0 59.90625
2171.0037975050136 36.0 1.0 1488.0 93.0 11833.798414232706 295.84496035581765 8.525 8.525 137.0 1917.0 59.90625
2172.004885589796 36.0 1.0 1488.0 93.0 11836.798414232706 295.91996035581764 8.525 8.525 137.0 1917.0 59.90625
2173.0037975050136 36.0 1.0 1489.0 93.0625 11841.798414232706 296.04496035581764 8.55 8.55 137.0 1917.0 59.90625
2174.004885589796 36.0 1.0 1489.0 93.0625 11844.798414232706 296.1199603558176 8.55 8.55 137.0 1917.0 59.90625
2175.0037975050136 36.0 1.0 1490.0 93.125 11849.798414232706 296.2449603558176 8.55 8.55 137.0 1917.0 59.90625
2176.004885589796 36.0 1.0 1490.0 93.125 11852.798414232706 296.3199603558176 8.55 8.55 137.0 1917.0 59.90625
2177.0037975050136 36.0 1.0 1491.0 93.1875 11857.798414232706 296.4449603558176 8.55 8.55 137.0 1917.0 59.90625
2178.004885589796 36.0 1.0 1491.0 93.1875 11860.798414232706 296.51996035581766 8.55 8.55 137.0 1917.0 59.90625
2179.0037975050136 36.0 1.0 1492.0 93.25 11865.798414232706 296.64496035581766 8.55 8.55 137.0 1917.0 59.90625
2180.004885589796 36.0 1.0 1492.0 93.25 11868.798414232706 296.71996035581765 8.55 8.55 137.0 1917.0 59.90625
2181.0037975050136 36.0 2.0 1494.0 87.88235294117646 11873.798414232706 296.84496035581765 8.525 8.525 137.0 1917.0 59.90625
2182.004885589796 36.0 2.0 1494.0 87.88235294117646 11876.798414232706 296.91996035581764 8.525 8.525 137.0 1917.0 59.90625
2183.0037975050136 36.0 2.0 1496.0 88.0 11881.798414232706 297.04496035581764 8.525 8.525 137.0 1917.0 59.90625
2184.004885589796 36.0 2.0 1496.0 88.0 11884.798414232706 297.1199603558176 8.5 8.5 137.0 1917.0 59.90625
2185.0037975050136 36.0 2.0 1498.0 88.11764705882354 11889.798414232706 297.2449603558176 8.5 8.5 137.0 1917.0 59.90625
2186.004885589796 36.0 2.0 1498.0 88.11764705882354 11891.798414232706 297.29496035581764 8.5 8.5 137.0 1917.0 59.90625
2187.0037975050136 36.0 2.0 1500.0 88.23529411764706 11893.798414232706 297.34496035581765 8.525 8.525 137.0 1917.0 59.90625
2188.004885589796 36.0 2.0 1500.0 88.23529411764706 11894.798414232706 297.3699603558176 8.55 8.55 137.0 1917.0 59.90625
2189.0037975050136 36.0 2.0 1502.0 88.35294117647058 11894.798414232706 297.3699603558176 8.55 8.55 137.0 1917.0 59.90625
2190.004885589796 36.0 2.0 1502.0 88.35294117647058 11895.798414232706 297.39496035581766 8.55 8.55 137.0 1917.0 59.90625
2191.0037975050136 36.0 2.0 1504.0 88.4705882352941 11895.798414232706 297.39496035581766 8.55 8.55 137.0 1917.0 59.90625
2192.004885589796 36.0 2.0 1504.0 88.4705882352941 11896.798414232706 297.41996035581764 8.55 8.55 137.0 1917.0 59.90625
2193.0037975050136 36.0 2.0 1506.0 88.58823529411762 11896.798414232706 297.41996035581764 8.55 8.55 137.0 1917.0 59.90625
2194.004885589796 36.0 2.0 1506.0 88.58823529411762 11897.798414232706 297.44496035581767 8.55 8.55 137.0 1917.0 59.90625
2195.0037975050136 36.0 2.0 1508.0 88.70588235294117 11897.798414232706 297.44496035581767 8.55 8.55 137.0 1917.0 59.90625
2196.004885589796 36.0 2.0 1508.0 88.70588235294117 11898.798414232706 297.46996035581765 8.55 8.55 137.0 1917.0 59.90625
2197.0037975050136 36.0 2.0 1510.0 88.82352941176471 11898.798414232706 297.46996035581765 8.55 8.55 137.0 1917.0 59.90625
2198.004885589796 36.0 2.0 1510.0 88.82352941176471 11899.798414232706 297.4949603558176 8.55 8.55 137.0 1917.0 59.90625
2199.0037975050136 36.0 2.0 1512.0 88.94117647058823 11899.798414232706 297.4949603558176 8.55 8.55 137.0 1917.0 59.90625
2200.004885589796 36.0 2.0 1512.0 88.94117647058823 11900.237585728628 297.5059396432157 8.55 8.55 137.0 1918.0 59.9375
2201.0037975050136 36.0 2.0 1514.0 89.05882352941177 11900.237585728628 297.5059396432157 8.55 8.55 137.0 1918.0 59.9375
2202.004885589796 36.0 2.0 1514.0 89.05882352941177 11900.237738198413 297.50594345496035 8.55 8.55 137.0 1918.0 59.9375
2203.0037975050136 36.0 2.0 1516.0 89.17647058823529 11900.237738198413 297.50594345496035 8.55 8.55 137.0 1918.0 59.9375
2204.004885589796 36.0 2.0 1516.0 89.17647058823529 11901.237738198413 297.5309434549603 8.55 8.55 137.0 1918.0 59.9375
2205.0037975050136 36.0 2.0 1518.0 89.29411764705883 11901.237738198413 297.5309434549603 8.55 8.55 137.0 1918.0 59.9375
2206.004885589796 36.0 2.0 1518.0 89.29411764705883 11902.237738198413 297.55594345496036 8.55 8.55 137.0 1918.0 59.9375
2207.0037975050136 36.0 2.0 1520.0 89.41176470588238 11902.237738198413 297.55594345496036 8.55 8.55 137.0 1918.0 59.9375
2208.004885589796 36.0 2.0 1520.0 89.41176470588238 11903.237738198413 297.58094345496033 8.55 8.55 137.0 1918.0 59.9375
2209.0037975050136 36.0 2.0 1522.0 89.5294117647059 11903.237738198413 297.58094345496033 8.55 8.55 137.0 1918.0 59.9375
2210.004885589796 36.0 2.0 1522.0 89.5294117647059 11904.237738198413 297.6059434549603 8.55 8.55 137.0 1918.0 59.9375
2211.0037975050136 36.0 2.0 1524.0 89.64705882352942 11904.237738198413 297.6059434549603 8.55 8.55 137.0 1918.0 59.9375
2212.004885589796 36.0 2.0 1524.0 89.64705882352942 11905.237738198413 297.63094345496035 8.55 8.55 137.0 1918.0 59.9375
2213.0037975050136 36.0 2.0 1526.0 89.76470588235294 11905.237738198413 297.63094345496035 8.55 8.55 137.0 1918.0 59.9375
2214.004885589796 36.0 2.0 1526.0 89.76470588235294 11906.237738198413 297.6559434549603 8.55 8.55 137.0 1918.0 59.9375
2215.0037975050136 36.0 2.0 1528.0 89.88235294117646 11906.237738198413 297.6559434549603 8.55 8.55 137.0 1918.0 59.9375
2216.004885589796 36.0 2.0 1528.0 89.88235294117646 11907.237738198413 297.68094345496036 8.55 8.55 137.0 1918.0 59.9375
2217.0037975050136 36.0 2.0 1530.0 90.0 11907.237738198413 297.68094345496036 8.55 8.55 137.0 1918.0 59.9375
2218.004885589796 36.0 2.0 1530.0 90.0 11908.237738198413 297.70594345496033 8.55 8.55 137.0 1918.0 59.9375
2219.0037975050136 36.0 2.0 1532.0 90.11764705882354 11908.237738198413 297.70594345496033 8.55 8.55 137.0 1918.0 59.9375
2220.004885589796 36.0 2.0 1532.0 90.11764705882354 11909.237738198413 297.7309434549603 8.55 8.55 137.0 1918.0 59.9375
2221.0037975050136 36.0 2.0 1534.0 90.23529411764706 11909.237738198413 297.7309434549603 8.55 8.55 137.0 1918.0 59.9375
2222.004885589796 36.0 2.0 1534.0 90.23529411764706 11910.237738198413 297.75594345496035 8.55 8.55 137.0 1918.0 59.9375
2223.0037975050136 36.0 2.0 1536.0 90.35294117647058 11910.237738198413 297.75594345496035 8.55 8.55 137.0 1918.0 59.9375
2224.004885589796 36.0 2.0 1536.0 90.35294117647058 11911.237738198413 297.7809434549603 8.55 8.55 137.0 1918.0 59.9375
2225.0037975050136 36.0 2.0 1538.0 90.4705882352941 11911.237738198413 297.7809434549603 8.55 8.55 137.0 1918.0 59.9375
2226.004885589796 36.0 2.0 1538.0 90.4705882352941 11912.237738198413 297.80594345496036 8.55 8.55 137.0 1918.0 59.9375
2227.0037975050136 36.0 2.0 1540.0 90.58823529411762 11912.237738198413 297.80594345496036 8.55 8.55 137.0 1918.0 59.9375
2228.004885589796 36.0 2.0 1540.0 90.58823529411762 11913.237738198413 297.83094345496033 8.55 8.55 137.0 1918.0 59.9375
2229.0037975050136 36.0 2.0 1542.0 90.70588235294117 11913.237738198413 297.83094345496033 8.55 8.55 137.0 1918.0 59.9375
2230.004885589796 36.0 2.0 1542.0 90.70588235294117 11914.237738198413 297.8559434549603 8.55 8.55 137.0 1918.0 59.9375
2231.0037975050136 36.0 2.0 1544.0 90.82352941176471 11914.237738198413 297.8559434549603 8.55 8.55 137.0 1918.0 59.9375
2232.004885589796 36.0 2.0 1544.0 90.82352941176471 11915.237738198413 297.88094345496035 8.55 8.55 137.0 1918.0 59.9375
2233.0037975050136 36.0 2.0 1546.0 90.94117647058823 11915.237738198413 297.88094345496035 8.55 8.55 137.0 1918.0 59.9375
2234.004885589796 36.0 2.0 1546.0 90.94117647058823 11916.237738198413 297.9059434549603 8.55 8.55 137.0 1918.0 59.9375
2235.0037975050136 36.0 2.0 1548.0 91.05882352941177 11916.237738198413 297.9059434549603 8.55 8.55 137.0 1918.0 59.9375
2236.004885589796 36.0 2.0 1548.0 91.05882352941177 11917.237738198413 297.93094345496036 8.55 8.55 137.0 1918.0 59.9375
2237.0037975050136 36.0 2.0 1550.0 91.17647058823529 11917.237738198413 297.93094345496036 8.55 8.55 137.0 1918.0 59.9375
2238.004885589796 36.0 2.0 1550.0 91.17647058823529 11918.237738198413 297.95594345496033 8.55 8.55 137.0 1918.0 59.9375
2239.0037975050136 36.0 2.0 1552.0 91.29411764705883 11918.237738198413 297.95594345496033 8.55 8.55 137.0 1918.0 59.9375
2240.004885589796 36.0 2.0 1552.0 91.29411764705883 11919.237738198413 297.9809434549603 8.55 8.55 137.0 1918.0 59.9375
2241.0037975050136 36.0 2.0 1554.0 91.41176470588238 11919.237738198413 297.9809434549603 8.55 8.55 137.0 1918.0 59.9375
2242.004885589796 36.0 2.0 1554.0 91.41176470588238 11919.75127331759 297.99378183293976 8.55 8.55 137.0 1919.0 59.96875
2243.0037975050136 36.0 2.0 1556.0 91.5294117647059 11919.75127331759 297.99378183293976 8.55 8.55 137.0 1919.0 59.96875
2244.004885589796 36.0 2.0 1556.0 91.5294117647059 11919.75153465202 297.9937883663005 8.55 8.55 137.0 1919.0 59.96875
2245.0037975050136 36.0 2.0 1558.0 91.64705882352942 11919.75153465202 297.9937883663005 8.55 8.55 137.0 1919.0 59.96875
2246.004885589796 36.0 2.0 1558.0 91.64705882352942 11920.75153465202 298.0187883663005 8.55 8.55 137.0 1919.0 59.96875
2247.0037975050136 36.0 2.0 1560.0 91.76470588235294 11920.75153465202 298.0187883663005 8.55 8.55 137.0 1919.0 59.96875
2248.004885589796 36.0 2.0 1560.0 91.76470588235294 11921.75153465202 298.04378836630053 8.55 8.55 137.0 1919.0 59.96875
2249.0037975050136 36.0 2.0 1562.0 91.88235294117646 11921.75153465202 298.04378836630053 8.55 8.55 137.0 1919.0 59.96875
2250.004885589796 36.0 2.0 1562.0 91.88235294117646 11922.75153465202 298.0687883663005 8.55 8.55 137.0 1919.0 59.96875
2251.0037975050136 36.0 2.0 1564.0 92.0 11922.75153465202 298.0687883663005 8.55 8.55 137.0 1919.0 59.96875
2252.004885589796 36.0 2.0 1564.0 92.0 11923.75153465202 298.0937883663005 8.55 8.55 137.0 1919.0 59.96875
2253.0037975050136 36.0 2.0 1566.0 92.11764705882354 11923.75153465202 298.0937883663005 8.55 8.55 137.0 1919.0 59.96875
2254.004885589796 36.0 2.0 1566.0 92.11764705882354 11924.75153465202 298.1187883663005 8.55 8.55 137.0 1919.0 59.96875
2255.0037975050136 36.0 2.0 1568.0 92.23529411764706 11924.75153465202 298.1187883663005 8.55 8.55 137.0 1919.0 59.96875
2256.004885589796 36.0 2.0 1568.0 92.23529411764706 11925.75153465202 298.1437883663005 8.55 8.55 137.0 1919.0 59.96875
2257.0037975050136 36.0 2.0 1570.0 92.35294117647058 11925.75153465202 298.1437883663005 8.55 8.55 137.0 1919.0 59.96875
2258.004885589796 36.0 2.0 1570.0 92.35294117647058 11926.75153465202 298.16878836630053 8.55 8.55 137.0 1919.0 59.96875
2259.0037975050136 36.0 2.0 1572.0 92.4705882352941 11926.75153465202 298.16878836630053 8.55 8.55 137.0 1919.0 59.96875
2260.004885589796 36.0 2.0 1572.0 92.4705882352941 11927.75153465202 298.1937883663005 8.55 8.55 137.0 1919.0 59.96875
2261.0037975050136 36.0 1.0 1573.0 92.5294117647059 11927.75153465202 298.1937883663005 8.55 8.55 137.0 1919.0 59.96875
2262.004885589796 37.0 1.0 1573.0 92.5294117647059 11928.75153465202 298.2187883663005 8.55 8.55 137.0 1919.0 59.96875
2263.0037975050136 37.0 1.0 1574.0 92.58823529411762 11928.751621068 298.21879052670005 8.55 8.55 165.0 1920.0 60.0
2264.004885589796 37.0 1.0 1574.0 92.58823529411762 11929.751621068 298.2437905267 8.55 8.55 165.0 1920.0 60.0
2265.0037975050136 37.0 1.0 1575.0 92.64705882352942 11929.751677684744 298.2437919421186 8.55 8.55 165.0 1920.0 60.0
2266.004885589796 37.0 1.0 1575.0 92.64705882352942 11930.751677684744 298.26879194211864 8.55 8.55 165.0 1920.0 60.0
2267.0037975050136 37.0 1.0 1576.0 92.70588235294117 11931.751677684744 298.2937919421186 8.55 8.55 165.0 1920.0 60.0
2268.004885589796 37.0 1.0 1576.0 92.70588235294117 11932.751677684744 298.3187919421186 8.55 8.55 165.0 1920.0 60.0
2269.0037975050136 37.0 1.0 1577.0 92.76470588235294 11933.751677684744 298.3437919421186 8.55 8.55 165.0 1920.0 60.0
2270.004885589796 37.0 1.0 1577.0 92.76470588235294 11934.751677684744 298.3687919421186 8.55 8.55 165.0 1920.0 60.0
2271.0037975050136 37.0 1.0 1578.0 92.82352941176471 11935.751677684744 298.39379194211864 8.55 8.55 165.0 1920.0 60.0
2272.004885589796 37.0 1.0 1578.0 92.82352941176471 11936.751677684744 298.4187919421186 8.55 8.55 165.0 1920.0 60.0
2273.0037975050136 37.0 1.0 1579.0 92.88235294117646 11937.751677684744 298.4437919421186 8.55 8.55 165.0 1920.0 60.0
2274.004885589796 37.0 1.0 1579.0 92.88235294117646 11938.751677684744 298.4687919421186 8.55 8.55 165.0 1920.0 60.0
2275.0037975050136 37.0 1.0 1580.0 92.94117647058823 11939.751677684744 298.4937919421186 8.55 8.55 165.0 1920.0 60.0
2276.004885589796 37.0 1.0 1580.0 92.94117647058823 11940.751677684744 298.51879194211864 8.55 8.55 165.0 1920.0 60.0
2277.0037975050136 37.0 1.0 1581.0 93.0 11941.751677684744 298.5437919421186 8.55 8.55 165.0 1920.0 60.0
2278.004885589796 37.0 1.0 1581.0 93.0 11942.751677684744 298.5687919421186 8.55 8.55 165.0 1920.0 60.0
2279.0037975050136 37.0 1.0 1582.0 93.05882352941177 11943.751677684744 298.5937919421186 8.55 8.55 165.0 1920.0 60.0
2280.004885589796 37.0 1.0 1582.0 93.05882352941177 11944.751677684744 298.6187919421186 8.55 8.55 165.0 1920.0 60.0
2281.0037975050136 37.0 1.0 1583.0 93.11764705882354 11945.751677684744 298.64379194211864 8.55 8.55 165.0 1920.0 60.0
2282.004885589796 37.0 1.0 1583.0 93.11764705882354 11946.751677684744 298.6687919421186 8.55 8.55 165.0 1920.0 60.0
2283.0037975050136 37.0 1.0 1584.0 93.17647058823529 11947.751677684744 298.6937919421186 8.55 8.55 165.0 1920.0 60.0
2284.004885589796 37.0 1.0 1584.0 93.17647058823529 11948.751677684744 298.7187919421186 8.55 8.55 165.0 1920.0 60.0
2285.0037975050136 37.0 1.0 1585.0 93.23529411764706 11949.751677684744 298.7437919421186 8.55 8.55 165.0 1920.0 60.0
2286.004885589796 37.0 1.0 1585.0 93.23529411764706 11950.751677684744 298.76879194211864 8.55 8.55 165.0 1920.0 60.0
2287.0037975050136 37.0 1.0 1586.0 93.29411764705883 11951.751677684744 298.7937919421186 8.55 8.55 165.0 1920.0 60.0
2288.004885589796 37.0 1.0 1586.0 93.29411764705883 11952.751677684746 298.8187919421186 8.55 8.55 165.0 1920.0 60.0
2289.0037975050136 37.0 1.0 1587.0 93.35294117647058 11953.751677684746 298.8437919421186 8.55 8.55 165.0 1920.0 60.0
2290.004885589796 37.0 1.0 1587.0 93.35294117647058 11954.751677684746 298.8687919421186 8.55 8.55 165.0 1920.0 60.0
2291.0037975050136 37.0 1.0 1588.0 93.41176470588238 11955.751677684746 298.89379194211864 8.55 8.55 165.0 1920.0 60.0
2292.004885589796 37.0 1.0 1588.0 93.41176470588238 11956.751677684746 298.9187919421186 8.55 8.55 165.0 1920.0 60.0
2293.0037975050136 37.0 1.0 1589.0 93.4705882352941 11957.751677684746 298.9437919421186 8.55 8.55 165.0 1920.0 60.0
2294.004885589796 37.0 1.0 1589.0 93.4705882352941 11958.751677684746 298.9687919421186 8.55 8.55 165.0 1920.0 60.0
2295.0037975050136 37.0 1.0 1590.0 93.5294117647059 11959.751677684746 298.9937919421186 8.55 8.55 165.0 1920.0 60.0
2296.004885589796 37.0 1.0 1590.0 93.5294117647059 11960.751677684746 299.01879194211864 8.55 8.55 165.0 1920.0 60.0
2297.0037975050136 37.0 1.0 1591.0 93.58823529411762 11961.751677684746 299.0437919421186 8.55 8.55 165.0 1920.0 60.0
2298.004885589796 37.0 1.0 1591.0 93.58823529411762 11962.751677684746 299.0687919421186 8.55 8.55 165.0 1920.0 60.0
2299.0037975050136 37.0 0.0 1591.0 93.58823529411762 11963.751677684746 299.0937919421186 8.55 8.55 165.0 1920.0 60.0
2300.004885589796 37.0 0.0 1591.0 93.58823529411762 11964.751677684746 299.1187919421186 8.55 8.55 165.0 1920.0 60.0
2301.0037975050136 37.0 0.0 1591.0 93.58823529411762 11966.751677684746 299.1687919421186 8.55 8.55 194.0 1920.0 60.0
2302.004885589796 37.0 0.0 1591.0 93.58823529411762 11967.751677684746 299.1937919421186 8.55 8.55 194.0 1920.0 60.0
2303.0037975050136 37.0 0.0 1591.0 93.58823529411762 11969.751677684746 299.2437919421186 8.55 8.55 194.0 1920.0 60.0
2304.004885589796 37.0 0.0 1591.0 93.58823529411762 11970.751677684746 299.26879194211864 8.55 8.55 194.0 1920.0 60.0
2305.0037975050136 37.0 0.0 1591.0 93.58823529411762 11972.751677684746 299.3187919421186 8.55 8.55 194.0 1920.0 60.0
2306.004885589796 37.0 0.0 1591.0 93.58823529411762 11973.751677684746 299.3437919421186 8.55 8.55 194.0 1920.0 60.0
2307.0037975050136 37.0 0.0 1591.0 93.58823529411762 11975.751677684746 299.39379194211864 8.55 8.55 194.0 1920.0 60.0
2308.004885589796 37.0 0.0 1591.0 93.58823529411762 11976.751677684746 299.4187919421186 8.55 8.55 194.0 1920.0 60.0
2309.0037975050136 37.0 0.0 1591.0 93.58823529411762 11978.751677684746 299.4687919421186 8.55 8.55 194.0 1920.0 60.0
2310.004885589796 37.0 0.0 1591.0 93.58823529411762 11979.751677684746 299.4937919421186 8.55 8.55 194.0 1920.0 60.0
2311.0037975050136 37.0 0.0 1591.0 93.58823529411762 11981.751677684746 299.5437919421186 8.55 8.55 194.0 1920.0 60.0
2312.004885589796 37.0 0.0 1591.0 93.58823529411762 11982.751677684746 299.5687919421186 8.55 8.55 194.0 1920.0 60.0
2313.0037975050136 37.0 0.0 1591.0 93.58823529411762 11984.751677684746 299.6187919421186 8.55 8.55 194.0 1920.0 60.0
2314.004885589796 37.0 0.0 1591.0 93.58823529411762 11985.751677684746 299.64379194211864 8.55 8.55 194.0 1920.0 60.0
2315.0037975050136 37.0 0.0 1591.0 93.58823529411762 11987.751677684746 299.6937919421186 8.55 8.55 194.0 1920.0 60.0
2316.004885589796 37.0 0.0 1591.0 93.58823529411762 11988.751677684746 299.7187919421186 8.55 8.55 194.0 1920.0 60.0
2317.0037975050136 37.0 0.0 1591.0 93.58823529411762 11990.751677684746 299.76879194211864 8.55 8.55 194.0 1920.0 60.0
2318.004885589796 37.0 0.0 1591.0 93.58823529411762 11991.751677684746 299.7937919421186 8.55 8.55 194.0 1920.0 60.0
2319.0037975050136 37.0 0.0 1591.0 93.58823529411762 11993.751677684746 299.8437919421186 8.55 8.55 194.0 1920.0 60.0
2320.004885589796 37.0 0.0 1591.0 93.58823529411762 11994.751677684746 299.8687919421186 8.55 8.55 194.0 1920.0 60.0
2321.0037975050136 37.0 0.0 1591.0 93.58823529411762 11996.751677684746 299.9187919421186 8.55 8.55 194.0 1920.0 60.0
2322.004885589796 37.0 0.0 1591.0 93.58823529411762 11997.751677684746 299.9437919421186 8.55 8.55 194.0 1920.0 60.0
2323.0037975050136 37.0 0.0 1591.0 93.58823529411762 11999.002724281998 299.9750681070499 8.55 8.55 194.0 1921.0 60.03125
2324.004885589796 37.0 0.0 1591.0 93.58823529411762 12000.002724281998 300.0000681070499 8.55 8.55 194.0 1921.0 60.03125
2325.0037975050136 37.0 0.0 1591.0 93.58823529411762 12001.002776834242 300.025069420856 8.55 8.55 194.0 1921.0 60.03125
2326.004885589796 37.0 0.0 1591.0 93.58823529411762 12002.002776834242 300.05006942085606 8.55 8.55 194.0 1921.0 60.03125
2327.0037975050136 37.0 0.0 1591.0 93.58823529411762 12004.002776834242 300.100069420856 8.55 8.55 194.0 1921.0 60.03125
2328.004885589796 37.0 0.0 1591.0 93.58823529411762 12005.002776834242 300.12506942085605 8.55 8.55 194.0 1921.0 60.03125
2329.0037975050136 37.0 0.0 1591.0 93.58823529411762 12007.002776834242 300.17506942085606 8.55 8.55 194.0 1921.0 60.03125
2330.004885589796 37.0 0.0 1591.0 93.58823529411762 12008.002776834242 300.20006942085604 8.55 8.55 194.0 1921.0 60.03125
2331.0037975050136 37.0 0.0 1591.0 93.58823529411762 12010.002776834242 300.25006942085605 8.55 8.55 194.0 1921.0 60.03125
2332.004885589796 37.0 0.0 1591.0 93.58823529411762 12011.002776834242 300.275069420856 8.55 8.55 194.0 1921.0 60.03125
2333.0037975050136 37.0 0.0 1591.0 93.58823529411762 12013.002776834242 300.32506942085604 8.55 8.55 194.0 1921.0 60.03125
2334.004885589796 37.0 0.0 1591.0 93.58823529411762 12014.002776834242 300.350069420856 8.55 8.55 194.0 1921.0 60.03125
2335.0037975050136 37.0 0.0 1591.0 93.58823529411762 12016.002776834242 300.400069420856 8.55 8.55 194.0 1921.0 60.03125
2336.004885589796 37.0 0.0 1591.0 93.58823529411762 12017.002776834242 300.42506942085606 8.55 8.55 194.0 1921.0 60.03125
2337.0037975050136 37.0 0.0 1591.0 93.58823529411762 12019.002776834242 300.475069420856 8.55 8.55 194.0 1921.0 60.03125
2338.004885589796 37.0 0.0 1591.0 93.58823529411762 12020.002776834242 300.50006942085605 8.55 8.55 194.0 1921.0 60.03125
2339.0037975050136 37.0 0.0 1591.0 93.58823529411762 12022.002776834242 300.55006942085606 8.55 8.55 194.0 1921.0 60.03125
2340.004885589796 37.0 0.0 1591.0 93.58823529411762 12023.002776834242 300.57506942085604 8.55 8.55 194.0 1921.0 60.03125
2341.0037975050136 37.0 0.0 1591.0 93.58823529411762 12025.002776834242 300.62506942085605 8.55 8.55 194.0 1921.0 60.03125
2342.004885589796 37.0 0.0 1591.0 93.58823529411762 12026.002776834242 300.650069420856 8.55 8.55 194.0 1921.0 60.03125
2343.0037975050136 37.0 0.0 1591.0 93.58823529411762 12028.002776834242 300.70006942085604 8.55 8.55 194.0 1921.0 60.03125
2344.004885589796 37.0 0.0 1591.0 93.58823529411762 12028.828891869163 300.72072229672904 8.55 8.55 194.0 1922.0 60.0625
2345.0037975050136 37.0 0.0 1591.0 93.58823529411762 12030.828891869163 300.77072229672905 8.55 8.55 194.0 1922.0 60.0625
2346.004885589796 37.0 0.0 1591.0 93.58823529411762 12030.829063811998 300.77072659529995 8.55 8.55 194.0 1922.0 60.0625
2347.0037975050136 37.0 0.0 1591.0 93.58823529411762 12032.829063811998 300.8207265952999 8.55 8.55 194.0 1922.0 60.0625
2348.004885589796 37.0 0.0 1591.0 93.58823529411762 12033.829063811998 300.84572659529994 8.55 8.55 194.0 1922.0 60.0625
2349.0037975050136 37.0 0.0 1591.0 93.58823529411762 12035.829063811998 300.89572659529995 8.55 8.55 194.0 1922.0 60.0625
2350.004885589796 37.0 0.0 1591.0 93.58823529411762 12036.829063811998 300.9207265952999 8.55 8.55 194.0 1922.0 60.0625
2351.0037975050136 37.0 0.0 1591.0 93.58823529411762 12038.829063811998 300.97072659529994 8.55 8.55 194.0 1922.0 60.0625
2352.004885589796 37.0 0.0 1591.0 93.58823529411762 12039.829063811998 300.9957265952999 8.55 8.55 194.0 1922.0 60.0625
2353.0037975050136 37.0 0.0 1591.0 93.58823529411762 12041.829063811998 301.0457265952999 8.55 8.55 194.0 1922.0 60.0625
2354.004885589796 37.0 0.0 1591.0 93.58823529411762 12042.829063811998 301.0707265952999 8.55 8.55 194.0 1922.0 60.0625
2355.0037975050136 37.0 0.0 1591.0 93.58823529411762 12044.829063811998 301.1207265952999 8.55 8.55 194.0 1922.0 60.0625
2356.004885589796 37.0 0.0 1591.0 93.58823529411762 12045.829063811998 301.14572659529995 8.55 8.55 194.0 1922.0 60.0625
2357.0037975050136 37.0 0.0 1591.0 93.58823529411762 12047.829063811998 301.1957265952999 8.55 8.55 194.0 1922.0 60.0625
2358.004885589796 37.0 0.0 1591.0 93.58823529411762 12048.829063811998 301.22072659529994 8.55 8.55 194.0 1922.0 60.0625
2359.0037975050136 37.0 0.0 1591.0 93.58823529411762 12050.829063811998 301.27072659529995 8.55 8.55 194.0 1922.0 60.0625
2360.004885589796 37.0 0.0 1591.0 93.58823529411762 12051.829063811998 301.2957265952999 8.55 8.55 194.0 1922.0 60.0625
2361.0037975050136 37.0 0.0 1591.0 93.58823529411762 12053.829063811998 301.34572659529994 8.55 8.55 194.0 1922.0 60.0625
2362.004885589796 37.0 0.0 1591.0 93.58823529411762 12054.829063811998 301.3707265952999 8.55 8.55 194.0 1922.0 60.0625
2363.0037975050136 37.0 0.0 1591.0 93.58823529411762 12056.829063811998 301.4207265952999 8.55 8.55 194.0 1922.0 60.0625
2364.004885589796 37.0 0.0 1591.0 93.58823529411762 12057.829063811998 301.4457265952999 8.525 8.525 194.0 1922.0 60.0625
2365.0037975050136 37.0 0.0 1591.0 93.58823529411762 12059.829063811998 301.4957265952999 8.5 8.5 194.0 1922.0 60.0625
2366.004885589796 37.0 0.0 1591.0 93.58823529411762 12060.829063811998 301.52072659529995 8.5 8.5 194.0 1922.0 60.0625
2367.0037975050136 37.0 0.0 1591.0 93.58823529411762 12062.829063811998 301.5707265952999 8.5 8.5 194.0 1922.0 60.0625
2368.004885589796 37.0 0.0 1591.0 93.58823529411762 12063.829063811998 301.59572659529994 8.5 8.5 194.0 1922.0 60.0625
2369.0037975050136 37.0 0.0 1591.0 93.58823529411762 12065.829063811998 301.64572659529995 8.5 8.5 194.0 1922.0 60.0625
2370.004885589796 37.0 0.0 1591.0 93.58823529411762 12066.829063811998 301.6707265952999 8.5 8.5 194.0 1922.0 60.0625
2371.0037975050136 37.0 0.0 1591.0 93.58823529411762 12068.829063811998 301.72072659529994 8.5 8.5 194.0 1922.0 60.0625
2372.004885589796 37.0 0.0 1591.0 93.58823529411762 12069.829063811998 301.7457265952999 8.5 8.5 194.0 1922.0 60.0625
2373.0037975050136 37.0 0.0 1591.0 93.58823529411762 12071.829063811998 301.7957265952999 8.5 8.5 194.0 1922.0 60.0625
2374.004885589796 37.0 0.0 1591.0 93.58823529411762 12072.829063811998 301.8207265952999 8.5 8.5 194.0 1922.0 60.0625
2375.0037975050136 37.0 0.0 1591.0 93.58823529411762 12074.829063811998 301.8707265952999 8.5 8.5 194.0 1922.0 60.0625
2376.004885589796 37.0 0.0 1591.0 93.58823529411762 12075.829063811998 301.89572659529995 8.5 8.5 194.0 1922.0 60.0625
2377.0037975050136 37.0 0.0 1591.0 93.58823529411762 12077.829063811998 301.9457265952999 8.5 8.5 194.0 1922.0 60.0625
2378.004885589796 37.0 0.0 1591.0 93.58823529411762 12078.829063811998 301.97072659529994 8.5 8.5 194.0 1922.0 60.0625
2379.0037975050136 37.0 0.0 1591.0 93.58823529411762 12080.829063811998 302.02072659529995 8.5 8.5 194.0 1922.0 60.0625
2380.004885589796 37.0 0.0 1591.0 93.58823529411762 12081.829063811998 302.0457265952999 8.5 8.5 194.0 1922.0 60.0625
2381.0037975050136 37.0 0.0 1591.0 93.58823529411762 12083.829063811998 302.09572659529994 8.5 8.5 194.0 1922.0 60.0625
2382.004885589796 37.0 0.0 1591.0 93.58823529411762 12084.829063811998 302.1207265952999 8.5 8.5 194.0 1922.0 60.0625
2383.0037975050136 37.0 0.0 1591.0 93.58823529411762 12086.829063811998 302.1707265952999 8.5 8.5 194.0 1922.0 60.0625
2384.004885589796 37.0 0.0 1591.0 93.58823529411762 12087.829063811998 302.1957265952999 8.5 8.5 194.0 1922.0 60.0625
2385.0037975050136 37.0 0.0 1591.0 93.58823529411762 12089.829063811998 302.2457265952999 8.5 8.5 194.0 1922.0 60.0625
2386.004885589796 37.0 0.0 1591.0 93.58823529411762 12090.829063811998 302.27072659529995 8.5 8.5 194.0 1922.0 60.0625
2387.0037975050136 37.0 0.0 1591.0 93.58823529411762 12092.829063811998 302.3207265952999 8.5 8.5 194.0 1922.0 60.0625
2388.004885589796 37.0 0.0 1591.0 93.58823529411762 12093.58460269238 302.33961506730947 8.5 8.5 194.0 1923.0 60.09375
2389.0037975050136 37.0 0.0 1591.0 93.58823529411762 12095.58460269238 302.3896150673095 8.5 8.5 194.0 1923.0 60.09375
2390.004885589796 37.0 0.0 1591.0 93.58823529411762 12095.584691296435 302.3896172824109 8.5 8.5 194.0 1923.0 60.09375
2391.0037975050136 37.0 0.0 1591.0 93.58823529411762 12097.584691296435 302.43961728241084 8.5 8.5 194.0 1923.0 60.09375
2392.004885589796 37.0 0.0 1591.0 93.58823529411762 12098.584691296435 302.46461728241087 8.5 8.5 194.0 1923.0 60.09375
2393.0037975050136 37.0 0.0 1591.0 93.58823529411762 12100.584691296435 302.5146172824109 8.5 8.5 194.0 1923.0 60.09375
2394.004885589796 37.0 0.0 1591.0 93.58823529411762 12101.584691296435 302.53961728241086 8.5 8.5 194.0 1923.0 60.09375
2395.0037975050136 37.0 0.0 1591.0 93.58823529411762 12103.584691296435 302.58961728241087 8.5 8.5 194.0 1923.0 60.09375
2396.004885589796 37.0 0.0 1591.0 93.58823529411762 12104.584691296435 302.61461728241085 8.5 8.5 194.0 1923.0 60.09375
2397.0037975050136 37.0 0.0 1591.0 93.58823529411762 12106.584691296435 302.66461728241086 8.5 8.5 194.0 1923.0 60.09375
2398.004885589796 37.0 0.0 1591.0 93.58823529411762 12107.584691296435 302.68961728241084 8.5 8.5 194.0 1923.0 60.09375
2399.0037975050136 37.0 0.0 1591.0 93.58823529411762 12109.584691296435 302.73961728241085 8.5 8.5 194.0 1923.0 60.09375
2400.004885589796 37.0 0.0 1591.0 93.58823529411762 12110.584691296435 302.7646172824109 8.5 8.5 194.0 1923.0 60.09375
2401.0037975050136 37.0 0.0 1591.0 93.58823529411762 12112.584691296435 302.81461728241084 8.5 8.5 194.0 1923.0 60.09375
2402.004885589796 37.0 0.0 1591.0 93.58823529411762 12113.584691296435 302.83961728241087 8.5 8.5 194.0 1923.0 60.09375
2403.0037975050136 37.0 0.0 1591.0 93.58823529411762 12115.584691296435 302.8896172824109 8.5 8.5 194.0 1923.0 60.09375
2404.004885589796 37.0 0.0 1591.0 93.58823529411762 12116.584691296435 302.91461728241086 8.5 8.5 194.0 1923.0 60.09375
2405.0037975050136 37.0 0.0 1591.0 93.58823529411762 12118.584691296435 302.96461728241087 8.5 8.5 194.0 1923.0 60.09375
2406.004885589796 37.0 0.0 1591.0 93.58823529411762 12119.584691296435 302.98961728241085 8.5 8.5 194.0 1923.0 60.09375
2407.0037975050136 37.0 0.0 1591.0 93.58823529411762 12121.584691296435 303.03961728241086 8.5 8.5 194.0 1923.0 60.09375
2408.004885589796 37.0 0.0 1591.0 93.58823529411762 12122.584691296435 303.06461728241084 8.5 8.5 194.0 1923.0 60.09375
2409.0037975050136 37.0 0.0 1591.0 93.58823529411762 12124.584691296435 303.11461728241085 8.5 8.5 194.0 1923.0 60.09375
2410.004885589796 37.0 0.0 1591.0 93.58823529411762 12125.584691296435 303.1396172824109 8.5 8.5 194.0 1923.0 60.09375
2411.0037975050136 37.0 0.0 1591.0 93.58823529411762 12127.584691296435 303.18961728241084 8.5 8.5 194.0 1923.0 60.09375
2412.004885589796 37.0 0.0 1591.0 93.58823529411762 12128.584691296435 303.21461728241087 8.5 8.5 194.0 1923.0 60.09375
2413.0037975050136 37.0 0.0 1591.0 93.58823529411762 12130.584691296435 303.2646172824109 8.5 8.5 194.0 1923.0 60.09375
2414.004885589796 37.0 0.0 1591.0 93.58823529411762 12131.584691296435 303.28961728241086 8.5 8.5 194.0 1923.0 60.09375
2415.0037975050136 37.0 0.0 1591.0 93.58823529411762 12133.584691296435 303.33961728241087 8.5 8.5 194.0 1923.0 60.09375
2416.004885589796 37.0 0.0 1591.0 93.58823529411762 12134.584691296435 303.36461728241085 8.5 8.5 194.0 1923.0 60.09375
2417.0037975050136 37.0 0.0 1591.0 93.58823529411762 12136.584691296435 303.41461728241086 8.5 8.5 194.0 1923.0 60.09375
2418.004885589796 37.0 0.0 1591.0 93.58823529411762 12137.584691296435 303.43961728241084 8.5 8.5 194.0 1923.0 60.09375
2419.0037975050136 37.0 0.0 1591.0 93.58823529411762 12138.749791106005 303.4687447776501 8.5 8.5 194.0 1924.0 60.125
2420.004885589796 37.0 0.0 1591.0 93.58823529411762 12139.749791106005 303.4937447776501 8.5 8.5 194.0 1924.0 60.125
2421.0037975050136 37.0 0.0 1591.0 93.58823529411762 12140.749906066769 303.51874765166923 8.5 8.5 194.0 1924.0 60.125
2422.004885589796 37.0 0.0 1591.0 93.58823529411762 12141.749906066769 303.5437476516692 8.5 8.5 194.0 1924.0 60.125
2423.0037975050136 37.0 0.0 1591.0 93.58823529411762 12143.749906066769 303.5937476516692 8.5 8.5 194.0 1924.0 60.125
2424.004885589796 37.0 0.0 1591.0 93.58823529411762 12144.749906066769 303.6187476516692 8.5 8.5 194.0 1924.0 60.125
2425.0037975050136 37.0 0.0 1591.0 93.58823529411762 12146.749906066769 303.6687476516692 8.5 8.5 194.0 1924.0 60.125
2426.004885589796 37.0 0.0 1591.0 93.58823529411762 12147.749906066769 303.69374765166924 8.5 8.5 194.0 1924.0 60.125
2427.0037975050136 37.0 0.0 1591.0 93.58823529411762 12149.749906066769 303.7437476516692 8.5 8.5 194.0 1924.0 60.125
2428.004885589796 37.0 0.0 1591.0 93.58823529411762 12150.749906066769 303.76874765166923 8.5 8.5 194.0 1924.0 60.125
2429.0037975050136 37.0 0.0 1591.0 93.58823529411762 12152.749906066769 303.81874765166924 8.5 8.5 194.0 1924.0 60.125
2430.004885589796 37.0 0.0 1591.0 93.58823529411762 12153.749906066769 303.8437476516692 8.5 8.5 194.0 1924.0 60.125
2431.0037975050136 37.0 0.0 1591.0 93.58823529411762 12155.749906066769 303.89374765166923 8.5 8.5 194.0 1924.0 60.125
2432.004885589796 37.0 0.0 1591.0 93.58823529411762 12156.749906066769 303.9187476516692 8.5 8.5 194.0 1924.0 60.125
2433.0037975050136 37.0 0.0 1591.0 93.58823529411762 12158.749906066769 303.9687476516692 8.5 8.5 194.0 1924.0 60.125
2434.004885589796 37.0 0.0 1591.0 93.58823529411762 12159.749906066769 303.9937476516692 8.5 8.5 194.0 1924.0 60.125
2435.0037975050136 37.0 0.0 1591.0 93.58823529411762 12161.672174228504 304.0418043557126 8.5 8.5 194.0 1925.0 60.15625
2436.004885589796 37.0 0.0 1591.0 93.58823529411762 12162.076673024047 304.0519168256012 8.5 8.5 194.0 1926.0 60.1875
2437.0037975050136 37.0 0.0 1591.0 93.58823529411762 12163.077088319125 304.07692720797814 8.5 8.5 194.0 1926.0 60.1875
2438.004885589796 37.0 0.0 1591.0 93.58823529411762 12163.077287531996 304.0769321882999 8.5 8.5 194.0 1926.0 60.1875
2439.0037975050136 37.0 0.0 1591.0 93.58823529411762 12165.077287531996 304.1269321882999 8.5 8.5 194.0 1926.0 60.1875
2440.004885589796 37.0 0.0 1591.0 93.58823529411762 12166.077287531996 304.1519321882999 8.5 8.5 194.0 1926.0 60.1875
2441.0037975050136 37.0 0.0 1591.0 93.58823529411762 12168.077287531996 304.2019321882999 8.5 8.5 194.0 1926.0 60.1875
2442.004885589796 37.0 0.0 1591.0 93.58823529411762 12169.077287531996 304.22693218829994 8.5 8.5 194.0 1926.0 60.1875
2443.0037975050136 37.0 0.0 1591.0 93.58823529411762 12171.077287531996 304.2769321882999 8.525 8.525 194.0 1926.0 60.1875
2444.004885589796 37.0 1.0 1592.0 93.64705882352942 12172.077287531996 304.30193218829993 8.55 8.55 194.0 1926.0 60.1875
2445.0037975050136 37.0 1.0 1592.0 93.64705882352942 12174.077287531996 304.35193218829994 8.55 8.55 157.0 1926.0 60.1875
2446.004885589796 37.0 1.0 1593.0 93.70588235294117 12174.077287531996 304.35193218829994 8.55 8.55 157.0 1926.0 60.1875
2447.0037975050136 37.0 1.0 1593.0 93.70588235294117 12175.077287531996 304.3769321882999 8.55 8.55 157.0 1926.0 60.1875
2448.004885589796 37.0 1.0 1594.0 93.76470588235294 12175.077287531996 304.3769321882999 8.55 8.55 157.0 1926.0 60.1875
2449.0037975050136 37.0 1.0 1594.0 93.76470588235294 12176.077287531996 304.4019321882999 8.55 8.55 157.0 1926.0 60.1875
2450.004885589796 37.0 1.0 1595.0 93.82352941176471 12176.077287531996 304.4019321882999 8.55 8.55 157.0 1926.0 60.1875
2451.0037975050136 37.0 1.0 1595.0 93.82352941176471 12177.077287531996 304.42693218829993 8.55 8.55 157.0 1926.0 60.1875
2452.004885589796 37.0 1.0 1596.0 93.88235294117646 12177.077287531996 304.42693218829993 8.55 8.55 157.0 1926.0 60.1875
2453.0037975050136 37.0 1.0 1596.0 93.88235294117646 12179.077287531996 304.47693218829994 8.575 8.575 157.0 1926.0 60.1875
2454.004885589796 37.0 2.0 1598.0 94.0 12180.077287531996 304.5019321882999 8.6 8.6 157.0 1926.0 60.1875
2455.0037975050136 37.0 2.0 1598.0 94.0 12186.077287531996 304.6519321882999 8.6 8.6 157.0 1926.0 60.1875
2456.004885589796 37.0 1.0 1599.0 94.05882352941177 12190.077287531996 304.7519321882999 8.6 8.6 157.0 1926.0 60.1875
2457.0037975050136 37.0 1.0 1599.0 94.05882352941177 12198.077287531996 304.9519321882999 8.6 8.6 157.0 1926.0 60.1875
2458.004885589796 37.0 1.0 1600.0 94.11764705882354 12205.077287531996 305.1269321882999 8.6 8.6 157.0 1926.0 60.1875
2459.0037975050136 37.0 1.0 1600.0 94.11764705882354 12212.077287531996 305.30193218829993 9.05 9.05 157.0 1926.0 60.1875
2460.004885589796 37.0 1.0 1601.0 94.17647058823529 12215.077287531996 305.3769321882999 9.3 9.3 157.0 1926.0 60.1875
2461.0037975050136 37.0 1.0 1601.0 94.17647058823529 12218.077287531996 305.4519321882999 9.4 9.4 157.0 1926.0 60.1875
2462.004885589796 37.0 1.0 1602.0 94.23529411764706 12218.077287531996 305.4519321882999 9.4 9.4 157.0 1926.0 60.1875
2463.0037975050136 37.0 1.0 1602.0 94.23529411764706 12219.077287531996 305.47693218829994 9.4 9.4 157.0 1926.0 60.1875
2464.004885589796 37.0 1.0 1603.0 94.29411764705883 12219.077287531996 305.47693218829994 9.4 9.4 157.0 1926.0 60.1875
2465.0037975050136 37.0 1.0 1603.0 94.29411764705883 12220.077287531996 305.5019321882999 9.4 9.4 157.0 1926.0 60.1875
2466.004885589796 37.0 1.0 1604.0 94.35294117647058 12220.077287531996 305.5019321882999 9.4 9.4 157.0 1926.0 60.1875
2467.0037975050136 37.0 1.0 1604.0 94.35294117647058 12221.077287531996 305.5269321882999 9.4 9.4 157.0 1926.0 60.1875
2468.004885589796 37.0 1.0 1605.0 94.41176470588238 12221.077287531996 305.5269321882999 9.4 9.4 157.0 1926.0 60.1875
2469.0037975050136 37.0 1.0 1605.0 94.41176470588238 12222.077287531996 305.55193218829993 9.4 9.4 157.0 1926.0 60.1875
2470.004885589796 37.0 1.0 1606.0 94.4705882352941 12222.077287531996 305.55193218829993 9.4 9.4 157.0 1926.0 60.1875
2471.0037975050136 37.0 1.0 1606.0 94.4705882352941 12223.077287531996 305.5769321882999 9.4 9.4 157.0 1926.0 60.1875
2472.004885589796 37.0 1.0 1607.0 94.5294117647059 12223.077287531996 305.5769321882999 9.4 9.4 157.0 1926.0 60.1875
2473.0037975050136 37.0 1.0 1607.0 94.5294117647059 12224.077287531996 305.60193218829994 9.4 9.4 157.0 1926.0 60.1875
2474.004885589796 37.0 1.0 1608.0 94.58823529411762 12224.077287531996 305.60193218829994 9.4 9.4 157.0 1926.0 60.1875
2475.0037975050136 37.0 1.0 1608.0 94.58823529411762 12225.077287531996 305.6269321882999 9.4 9.4 157.0 1926.0 60.1875
2476.004885589796 37.0 1.0 1609.0 94.64705882352942 12225.077287531996 305.6269321882999 9.4 9.4 157.0 1926.0 60.1875
2477.0037975050136 37.0 1.0 1609.0 94.64705882352942 12226.077287531996 305.6519321882999 9.4 9.4 157.0 1926.0 60.1875
2478.004885589796 37.0 1.0 1610.0 94.70588235294117 12226.077287531996 305.6519321882999 9.4 9.4 157.0 1926.0 60.1875
2479.0037975050136 37.0 1.0 1610.0 94.70588235294117 12227.077287531996 305.67693218829993 9.4 9.4 157.0 1926.0 60.1875
2480.004885589796 37.0 1.0 1611.0 94.76470588235294 12227.077287531996 305.67693218829993 9.4 9.4 157.0 1926.0 60.1875
2481.0037975050136 37.0 1.0 1611.0 94.76470588235294 12228.077287531996 305.7019321882999 9.4 9.4 157.0 1926.0 60.1875
2482.004885589796 37.0 1.0 1612.0 94.82352941176471 12228.077287531996 305.7019321882999 9.4 9.4 157.0 1926.0 60.1875
2483.0037975050136 37.0 1.0 1612.0 94.82352941176471 12229.077287531996 305.72693218829994 9.4 9.4 157.0 1926.0 60.1875
2484.004885589796 37.0 1.0 1613.0 94.88235294117646 12229.077287531996 305.72693218829994 9.4 9.4 157.0 1926.0 60.1875
2485.0037975050136 37.0 1.0 1613.0 94.88235294117646 12230.077287531996 305.7519321882999 9.4 9.4 157.0 1926.0 60.1875
2486.004885589796 37.0 1.0 1614.0 94.94117647058823 12230.077287531996 305.7519321882999 9.4 9.4 157.0 1926.0 60.1875
2487.0037975050136 37.0 1.0 1614.0 94.94117647058823 12231.077287531996 305.7769321882999 9.4 9.4 157.0 1926.0 60.1875
2488.004885589796 37.0 1.0 1615.0 95.0 12231.077287531996 305.7769321882999 9.4 9.4 157.0 1926.0 60.1875
2489.0037975050136 37.0 1.0 1615.0 95.0 12232.077287531996 305.80193218829993 9.4 9.4 157.0 1926.0 60.1875
2490.004885589796 37.0 1.0 1616.0 95.05882352941177 12232.077287531996 305.80193218829993 9.4 9.4 157.0 1926.0 60.1875
2491.0037975050136 37.0 1.0 1616.0 95.05882352941177 12233.077287531996 305.8269321882999 9.4 9.4 157.0 1926.0 60.1875
2492.004885589796 37.0 1.0 1617.0 95.11764705882354 12233.077287531996 305.8269321882999 9.4 9.4 157.0 1926.0 60.1875
2493.0037975050136 37.0 1.0 1617.0 95.11764705882354 12234.077287531996 305.85193218829994 9.4 9.4 157.0 1926.0 60.1875
2494.004885589796 37.0 1.0 1618.0 95.17647058823529 12234.077287531996 305.85193218829994 9.4 9.4 157.0 1926.0 60.1875
2495.0037975050136 37.0 1.0 1618.0 95.17647058823529 12235.077287531996 305.8769321882999 9.4 9.4 157.0 1926.0 60.1875
2496.004885589796 37.0 1.0 1619.0 95.23529411764706 12235.077287531996 305.8769321882999 9.4 9.4 157.0 1926.0 60.1875
2497.0037975050136 37.0 1.0 1619.0 95.23529411764706 12236.077287531996 305.9019321882999 9.4 9.4 157.0 1926.0 60.1875
2498.004885589796 37.0 1.0 1620.0 95.29411764705883 12236.077287531996 305.9019321882999 9.4 9.4 157.0 1926.0 60.1875
2499.0037975050136 37.0 1.0 1620.0 95.29411764705883 12237.077287531996 305.92693218829993 9.4 9.4 157.0 1926.0 60.1875
2500.004885589796 37.0 1.0 1621.0 95.35294117647058 12237.077287531996 305.92693218829993 9.4 9.4 157.0 1926.0 60.1875
2501.0037975050136 37.0 1.0 1621.0 95.35294117647058 12238.077287531996 305.9519321882999 9.4 9.4 157.0 1926.0 60.1875
2502.004885589796 37.0 1.0 1622.0 95.41176470588238 12238.077287531996 305.9519321882999 9.4 9.4 157.0 1926.0 60.1875
2503.0037975050136 37.0 1.0 1622.0 95.41176470588238 12239.077287531996 305.97693218829994 9.4 9.4 157.0 1926.0 60.1875
2504.004885589796 37.0 1.0 1623.0 95.4705882352941 12239.077287531996 305.97693218829994 9.4 9.4 157.0 1926.0 60.1875
2505.0037975050136 37.0 1.0 1623.0 95.4705882352941 12240.077287531996 306.0019321882999 9.4 9.4 157.0 1926.0 60.1875
2506.004885589796 37.0 1.0 1624.0 95.5294117647059 12240.077287531996 306.0019321882999 9.4 9.4 157.0 1926.0 60.1875
2507.0037975050136 37.0 1.0 1624.0 95.5294117647059 12241.077287531996 306.0269321882999 9.4 9.4 157.0 1926.0 60.1875
2508.004885589796 37.0 1.0 1625.0 95.58823529411762 12241.077287531996 306.0269321882999 9.4 9.4 157.0 1926.0 60.1875
2509.0037975050136 37.0 1.0 1625.0 95.58823529411762 12242.077287531996 306.05193218829993 9.4 9.4 157.0 1926.0 60.1875
2510.004885589796 37.0 1.0 1626.0 95.64705882352942 12242.077287531996 306.05193218829993 9.4 9.4 157.0 1926.0 60.1875
2511.0037975050136 37.0 1.0 1626.0 95.64705882352942 12243.077287531996 306.0769321882999 9.4 9.4 157.0 1926.0 60.1875
2512.004885589796 37.0 1.0 1627.0 95.70588235294117 12243.077287531996 306.0769321882999 9.4 9.4 157.0 1926.0 60.1875
2513.0037975050136 37.0 1.0 1627.0 95.70588235294117 12244.077287531996 306.10193218829994 9.4 9.4 157.0 1926.0 60.1875
2514.004885589796 37.0 1.0 1628.0 95.76470588235294 12244.077287531996 306.10193218829994 9.4 9.4 157.0 1926.0 60.1875
2515.0037975050136 37.0 1.0 1628.0 95.76470588235294 12245.077287531996 306.1269321882999 9.4 9.4 157.0 1926.0 60.1875
2516.004885589796 37.0 1.0 1629.0 95.82352941176471 12245.077287531996 306.1269321882999 9.4 9.4 157.0 1926.0 60.1875
2517.0037975050136 37.0 1.0 1629.0 95.82352941176471 12246.077287531996 306.1519321882999 9.4 9.4 157.0 1926.0 60.1875
2518.004885589796 37.0 1.0 1630.0 95.88235294117646 12246.077287531996 306.1519321882999 9.4 9.4 157.0 1926.0 60.1875
2519.0037975050136 37.0 1.0 1630.0 95.88235294117646 12247.077287531996 306.17693218829993 9.4 9.4 157.0 1926.0 60.1875
2520.004885589796 37.0 1.0 1631.0 95.94117647058823 12247.077287531996 306.17693218829993 9.4 9.4 157.0 1926.0 60.1875
2521.0037975050136 37.0 1.0 1631.0 95.94117647058823 12248.077287531996 306.2019321882999 9.4 9.4 157.0 1926.0 60.1875
2522.004885589796 37.0 1.0 1632.0 96.0 12248.077287531996 306.2019321882999 9.4 9.4 157.0 1926.0 60.1875
2523.0037975050136 37.0 1.0 1632.0 96.0 12249.077287531996 306.22693218829994 9.4 9.4 157.0 1926.0 60.1875
2524.004885589796 37.0 1.0 1633.0 96.05882352941177 12249.077287531996 306.22693218829994 9.4 9.4 157.0 1926.0 60.1875
2525.0037975050136 37.0 1.0 1633.0 96.05882352941177 12250.077287531996 306.2519321882999 9.4 9.4 157.0 1926.0 60.1875
2526.004885589796 37.0 1.0 1634.0 96.11764705882354 12250.077287531996 306.2519321882999 9.4 9.4 157.0 1926.0 60.1875
2527.0037975050136 37.0 1.0 1634.0 96.11764705882354 12251.077287531996 306.2769321882999 9.4 9.4 157.0 1926.0 60.1875
2528.004885589796 37.0 1.0 1635.0 96.17647058823529 12251.077287531996 306.2769321882999 9.4 9.4 157.0 1926.0 60.1875
2529.0037975050136 37.0 1.0 1635.0 96.17647058823529 12252.077287531996 306.30193218829993 9.4 9.4 157.0 1926.0 60.1875
2530.004885589796 37.0 1.0 1636.0 96.23529411764706 12252.077287531996 306.30193218829993 9.4 9.4 157.0 1926.0 60.1875
2531.0037975050136 37.0 1.0 1636.0 96.23529411764706 12253.077287531996 306.3269321882999 9.4 9.4 157.0 1926.0 60.1875
2532.004885589796 37.0 1.0 1637.0 96.29411764705883 12253.077287531996 306.3269321882999 9.4 9.4 157.0 1926.0 60.1875
2533.0037975050136 37.0 1.0 1637.0 96.29411764705883 12253.336926114736 306.3334231528684 9.4 9.4 157.0 1927.0 60.21875
2534.004885589796 37.0 1.0 1638.0 96.35294117647058 12253.336926114736 306.3334231528684 9.4 9.4 157.0 1927.0 60.21875
2535.0037975050136 37.0 1.0 1638.0 96.35294117647058 12253.33710546712 306.33342763667804 9.4 9.4 157.0 1927.0 60.21875
2536.004885589796 37.0 1.0 1639.0 96.41176470588238 12253.33710546712 306.33342763667804 9.4 9.4 157.0 1927.0 60.21875
2537.0037975050136 37.0 1.0 1639.0 96.41176470588238 12254.33710546712 306.358427636678 9.4 9.4 157.0 1927.0 60.21875
2538.004885589796 37.0 1.0 1640.0 96.4705882352941 12254.33710546712 306.358427636678 9.4 9.4 157.0 1927.0 60.21875
2539.0037975050136 37.0 1.0 1640.0 96.4705882352941 12255.33710546712 306.383427636678 9.4 9.4 157.0 1927.0 60.21875
2540.004885589796 37.0 1.0 1641.0 96.5294117647059 12255.33710546712 306.383427636678 9.4 9.4 157.0 1927.0 60.21875
2541.0037975050136 37.0 1.0 1641.0 96.5294117647059 12256.33710546712 306.408427636678 9.4 9.4 157.0 1927.0 60.21875
2542.004885589796 37.0 1.0 1642.0 96.58823529411762 12256.33710546712 306.408427636678 9.4 9.4 157.0 1927.0 60.21875
2543.0037975050136 37.0 1.0 1642.0 96.58823529411762 12257.33710546712 306.433427636678 9.4 9.4 157.0 1927.0 60.21875
2544.004885589796 37.0 1.0 1643.0 96.64705882352942 12257.33710546712 306.433427636678 9.4 9.4 157.0 1927.0 60.21875
2545.0037975050136 37.0 1.0 1643.0 96.64705882352942 12258.33710546712 306.45842763667804 9.4 9.4 157.0 1927.0 60.21875
2546.004885589796 37.0 1.0 1644.0 96.70588235294117 12258.33710546712 306.45842763667804 9.4 9.4 157.0 1927.0 60.21875
2547.0037975050136 37.0 1.0 1644.0 96.70588235294117 12259.33710546712 306.483427636678 9.4 9.4 157.0 1927.0 60.21875
2548.004885589796 37.0 1.0 1645.0 96.76470588235294 12259.33710546712 306.483427636678 9.4 9.4 157.0 1927.0 60.21875
2549.0037975050136 37.0 1.0 1645.0 96.76470588235294 12260.33710546712 306.508427636678 9.4 9.4 157.0 1927.0 60.21875
2550.004885589796 37.0 1.0 1646.0 96.82352941176471 12260.33710546712 306.508427636678 9.4 9.4 157.0 1927.0 60.21875
2551.0037975050136 37.0 1.0 1646.0 96.82352941176471 12261.33710546712 306.533427636678 9.4 9.4 157.0 1927.0 60.21875
2552.004885589796 37.0 1.0 1647.0 96.88235294117646 12261.33710546712 306.533427636678 9.4 9.4 157.0 1927.0 60.21875
2553.0037975050136 37.0 1.0 1647.0 96.88235294117646 12262.33710546712 306.558427636678 9.4 9.4 157.0 1927.0 60.21875
2554.004885589796 37.0 1.0 1648.0 96.94117647058823 12262.33710546712 306.558427636678 9.4 9.4 157.0 1927.0 60.21875
2555.0037975050136 37.0 1.0 1648.0 96.94117647058823 12263.33710546712 306.58342763667804 9.4 9.4 157.0 1927.0 60.21875
2556.004885589796 37.0 1.0 1649.0 97.0 12263.33710546712 306.58342763667804 9.4 9.4 157.0 1927.0 60.21875
2557.0037975050136 37.0 1.0 1649.0 97.0 12264.33710546712 306.608427636678 9.4 9.4 157.0 1927.0 60.21875
2558.004885589796 37.0 1.0 1650.0 97.05882352941177 12264.33710546712 306.608427636678 9.4 9.4 157.0 1927.0 60.21875
2559.0037975050136 37.0 1.0 1650.0 97.05882352941177 12265.33710546712 306.633427636678 9.4 9.4 157.0 1927.0 60.21875
2560.004885589796 37.0 1.0 1651.0 97.11764705882354 12265.33710546712 306.633427636678 9.4 9.4 157.0 1927.0 60.21875
2561.0037975050136 37.0 1.0 1651.0 97.11764705882354 12266.33710546712 306.658427636678 9.4 9.4 157.0 1927.0 60.21875
2562.004885589796 37.0 0.0 1651.0 97.11764705882354 12266.33710546712 306.658427636678 9.4 9.4 157.0 1927.0 60.21875
2563.0037975050136 37.0 0.0 1651.0 97.11764705882354 12267.33710546712 306.683427636678 9.4 9.4 157.0 1927.0 60.21875
2564.004885589796 37.0 0.0 1651.0 97.11764705882354 12268.33710546712 306.70842763667804 9.4 9.4 132.0 1927.0 60.21875
2565.0037975050136 37.0 0.0 1651.0 97.11764705882354 12270.33710546712 306.758427636678 9.4 9.4 145.0 1927.0 60.21875
2566.004885589796 37.0 0.0 1651.0 97.11764705882354 12271.33710546712 306.783427636678 9.4 9.4 145.0 1927.0 60.21875
2567.0037975050136 37.0 0.0 1651.0 97.11764705882354 12273.33710546712 306.83342763667804 9.4 9.4 145.0 1927.0 60.21875
2568.004885589796 37.0 0.0 1651.0 97.11764705882354 12274.33710546712 306.858427636678 9.4 9.4 145.0 1927.0 60.21875
2569.0037975050136 37.0 0.0 1651.0 97.11764705882354 12276.33710546712 306.908427636678 9.4 9.4 145.0 1927.0 60.21875
2570.004885589796 37.0 0.0 1651.0 97.11764705882354 12277.33710546712 306.933427636678 9.4 9.4 145.0 1927.0 60.21875
2571.0037975050136 37.0 0.0 1651.0 97.11764705882354 12279.33710546712 306.983427636678 9.4 9.4 145.0 1927.0 60.21875
2572.004885589796 37.0 0.0 1651.0 97.11764705882354 12280.33710546712 307.008427636678 9.4 9.4 145.0 1927.0 60.21875
2573.0037975050136 37.0 0.0 1651.0 97.11764705882354 12282.33710546712 307.058427636678 9.4 9.4 145.0 1927.0 60.21875
2574.004885589796 37.0 0.0 1651.0 97.11764705882354 12283.33710546712 307.08342763667804 9.4 9.4 145.0 1927.0 60.21875
2575.0037975050136 37.0 0.0 1651.0 97.11764705882354 12285.33710546712 307.133427636678 9.4 9.4 145.0 1927.0 60.21875
2576.004885589796 37.0 0.0 1651.0 97.11764705882354 12286.33710546712 307.158427636678 9.4 9.4 145.0 1927.0 60.21875
2577.0037975050136 37.0 0.0 1651.0 97.11764705882354 12288.092897374909 307.2023224343727 9.4 9.4 145.0 1928.0 60.25
2578.004885589796 37.0 0.0 1651.0 97.11764705882354 12289.092897374909 307.22732243437275 9.4 9.4 145.0 1928.0 60.25
2579.0037975050136 37.0 0.0 1651.0 97.11764705882354 12290.092937512856 307.2523234378214 9.4 9.4 145.0 1928.0 60.25
2580.004885589796 37.0 0.0 1651.0 97.11764705882354 12291.092937512856 307.2773234378214 9.4 9.4 145.0 1928.0 60.25
2581.0037975050136 37.0 0.0 1651.0 97.11764705882354 12292.83100364107 307.3207750910267 9.4 9.4 145.0 1929.0 60.28125
2582.004885589796 37.0 0.0 1651.0 97.11764705882354 12293.83100364107 307.3457750910267 9.4 9.4 145.0 1929.0 60.28125
2583.0037975050136 37.0 0.0 1651.0 97.11764705882354 12294.831059841219 307.37077649603043 9.4 9.4 145.0 1929.0 60.28125
2584.004885589796 37.0 0.0 1651.0 97.11764705882354 12295.831059841219 307.39577649603046 9.4 9.4 145.0 1929.0 60.28125
2585.0037975050136 37.0 0.0 1651.0 97.11764705882354 12297.831059841219 307.4457764960304 9.4 9.4 145.0 1929.0 60.28125
2586.004885589796 37.0 0.0 1651.0 97.11764705882354 12298.831059841219 307.47077649603045 9.4 9.4 145.0 1929.0 60.28125
2587.0037975050136 37.0 0.0 1651.0 97.11764705882354 12300.831059841219 307.52077649603046 9.4 9.4 145.0 1929.0 60.28125
2588.004885589796 37.0 0.0 1651.0 97.11764705882354 12301.831059841219 307.54577649603044 9.4 9.4 145.0 1929.0 60.28125
2589.0037975050136 37.0 0.0 1651.0 97.11764705882354 12303.831059841219 307.59577649603045 9.4 9.4 145.0 1929.0 60.28125
2590.004885589796 37.0 0.0 1651.0 97.11764705882354 12304.831059841219 307.62077649603043 9.4 9.4 145.0 1929.0 60.28125
2591.0037975050136 37.0 0.0 1651.0 97.11764705882354 12306.831059841219 307.67077649603044 9.4 9.4 145.0 1929.0 60.28125
2592.004885589796 37.0 0.0 1651.0 97.11764705882354 12307.831059841219 307.6957764960304 9.4 9.4 145.0 1929.0 60.28125
2593.0037975050136 37.0 0.0 1651.0 97.11764705882354 12309.831059841219 307.74577649603043 9.4 9.4 145.0 1929.0 60.28125
2594.004885589796 37.0 0.0 1651.0 97.11764705882354 12310.831059841219 307.77077649603046 9.4 9.4 145.0 1929.0 60.28125
2595.0037975050136 37.0 0.0 1651.0 97.11764705882354 12312.831059841219 307.8207764960304 9.4 9.4 145.0 1929.0 60.28125
2596.004885589796 37.0 0.0 1651.0 97.11764705882354 12313.831059841219 307.84577649603045 9.4 9.4 145.0 1929.0 60.28125
2597.0037975050136 37.0 0.0 1651.0 97.11764705882354 12315.831059841219 307.89577649603046 9.4 9.4 145.0 1929.0 60.28125
2598.004885589796 37.0 0.0 1651.0 97.11764705882354 12316.831059841219 307.92077649603044 9.4 9.4 145.0 1929.0 60.28125
2599.0037975050136 37.0 0.0 1651.0 97.11764705882354 12318.831059841219 307.97077649603045 9.4 9.4 145.0 1929.0 60.28125
2600.004885589796 37.0 0.0 1651.0 97.11764705882354 12319.831059841219 307.99577649603043 9.4 9.4 145.0 1929.0 60.28125
2601.0037975050136 37.0 0.0 1651.0 97.11764705882354 12321.831059841219 308.04577649603044 9.4 9.4 145.0 1929.0 60.28125
2602.004885589796 37.0 0.0 1651.0 97.11764705882354 12322.831059841219 308.0707764960304 9.4 9.4 145.0 1929.0 60.28125
2603.0037975050136 37.0 0.0 1651.0 97.11764705882354 12324.831059841219 308.12077649603043 9.4 9.4 145.0 1929.0 60.28125
2604.004885589796 37.0 0.0 1651.0 97.11764705882354 12325.831059841219 308.14577649603046 9.4 9.4 145.0 1929.0 60.28125
2605.0037975050136 37.0 0.0 1651.0 97.11764705882354 12327.831059841219 308.1957764960304 9.4 9.4 145.0 1929.0 60.28125
2606.004885589796 37.0 0.0 1651.0 97.11764705882354 12328.831059841219 308.22077649603045 9.4 9.4 145.0 1929.0 60.28125
2607.0037975050136 37.0 0.0 1651.0 97.11764705882354 12330.831059841219 308.27077649603046 9.4 9.4 145.0 1929.0 60.28125
2608.004885589796 37.0 0.0 1651.0 97.11764705882354 12331.831059841219 308.29577649603044 9.4 9.4 145.0 1929.0 60.28125
2609.0037975050136 37.0 0.0 1651.0 97.11764705882354 12333.831059841219 308.34577649603045 9.4 9.4 145.0 1929.0 60.28125
2610.004885589796 37.0 0.0 1651.0 97.11764705882354 12334.831059841219 308.37077649603043 9.4 9.4 145.0 1929.0 60.28125
2611.0037975050136 37.0 0.0 1651.0 97.11764705882354 12336.831059841219 308.42077649603044 9.4 9.4 145.0 1929.0 60.28125
2612.004885589796 37.0 0.0 1651.0 97.11764705882354 12337.831059841219 308.4457764960304 9.4 9.4 145.0 1929.0 60.28125
2613.0037975050136 37.0 0.0 1651.0 97.11764705882354 12339.831059841219 308.49577649603043 9.4 9.4 145.0 1929.0 60.28125
2614.004885589796 37.0 0.0 1651.0 97.11764705882354 12340.831059841219 308.52077649603046 9.4 9.4 145.0 1929.0 60.28125
2615.0037975050136 37.0 0.0 1651.0 97.11764705882354 12342.831059841219 308.5707764960304 9.4 9.4 145.0 1929.0 60.28125
2616.004885589796 37.0 0.0 1651.0 97.11764705882354 12343.831059841219 308.59577649603045 9.4 9.4 145.0 1929.0 60.28125
2617.0037975050136 37.0 0.0 1651.0 97.11764705882354 12345.831059841219 308.64577649603046 9.4 9.4 145.0 1929.0 60.28125
2618.004885589796 37.0 0.0 1651.0 97.11764705882354 12346.831059841219 308.67077649603044 9.4 9.4 145.0 1929.0 60.28125
2619.0037975050136 37.0 0.0 1651.0 97.11764705882354 12348.831059841219 308.72077649603045 9.4 9.4 145.0 1929.0 60.28125
2620.004885589796 37.0 0.0 1651.0 97.11764705882354 12349.831059841219 308.74577649603043 9.4 9.4 145.0 1929.0 60.28125
2621.0037975050136 37.0 0.0 1651.0 97.11764705882354 12351.831059841219 308.79577649603044 9.4 9.4 145.0 1929.0 60.28125
2622.004885589796 37.0 0.0 1651.0 97.11764705882354 12352.755407291415 308.8188851822854 9.4 9.4 145.0 1930.0 60.3125
2623.0037975050136 37.0 0.0 1651.0 97.11764705882354 12354.755407291415 308.8688851822854 9.4 9.4 145.0 1930.0 60.3125
2624.004885589796 37.0 0.0 1651.0 97.11764705882354 12354.755626227241 308.868890655681 9.4 9.4 145.0 1930.0 60.3125
2625.0037975050136 37.0 0.0 1651.0 97.11764705882354 12356.755626227241 308.91889065568097 9.4 9.4 145.0 1930.0 60.3125
2626.004885589796 37.0 0.0 1651.0 97.11764705882354 12357.755626227241 308.943890655681 9.4 9.4 145.0 1930.0 60.3125
2627.0037975050136 37.0 0.0 1651.0 97.11764705882354 12359.755626227241 308.993890655681 9.4 9.4 145.0 1930.0 60.3125
2628.004885589796 37.0 0.0 1651.0 97.11764705882354 12360.755626227241 309.018890655681 9.4 9.4 145.0 1930.0 60.3125
2629.0037975050136 37.0 0.0 1651.0 97.11764705882354 12362.755626227241 309.068890655681 9.4 9.4 145.0 1930.0 60.3125
2630.004885589796 37.0 0.0 1651.0 97.11764705882354 12363.755626227241 309.093890655681 9.4 9.4 145.0 1930.0 60.3125
2631.0037975050136 37.0 0.0 1651.0 97.11764705882354 12365.755626227241 309.143890655681 9.4 9.4 145.0 1930.0 60.3125
2632.004885589796 37.0 0.0 1651.0 97.11764705882354 12366.755626227241 309.16889065568097 9.4 9.4 145.0 1930.0 60.3125
2633.0037975050136 37.0 0.0 1651.0 97.11764705882354 12368.755626227241 309.218890655681 9.4 9.4 145.0 1930.0 60.3125
2634.004885589796 37.0 0.0 1651.0 97.11764705882354 12369.755626227241 309.243890655681 9.4 9.4 145.0 1930.0 60.3125
2635.0037975050136 37.0 0.0 1651.0 97.11764705882354 12371.755626227241 309.29389065568097 9.4 9.4 145.0 1930.0 60.3125
2636.004885589796 37.0 0.0 1651.0 97.11764705882354 12372.755626227241 309.318890655681 9.4 9.4 145.0 1930.0 60.3125
2637.0037975050136 37.0 0.0 1651.0 97.11764705882354 12374.755626227241 309.368890655681 9.4 9.4 145.0 1930.0 60.3125
2638.004885589796 37.0 0.0 1651.0 97.11764705882354 12375.755626227241 309.393890655681 9.4 9.4 145.0 1930.0 60.3125
2639.0037975050136 37.0 0.0 1651.0 97.11764705882354 12377.755626227241 309.443890655681 9.4 9.4 145.0 1930.0 60.3125
2640.004885589796 37.0 0.0 1651.0 97.11764705882354 12378.755626227241 309.468890655681 9.4 9.4 145.0 1930.0 60.3125
2641.0037975050136 37.0 0.0 1651.0 97.11764705882354 12380.755626227241 309.518890655681 9.4 9.4 145.0 1930.0 60.3125
2642.004885589796 37.0 0.0 1651.0 97.11764705882354 12381.755626227241 309.54389065568097 9.4 9.4 145.0 1930.0 60.3125
2643.0037975050136 37.0 0.0 1651.0 97.11764705882354 12383.755626227241 309.593890655681 9.4 9.4 145.0 1930.0 60.3125
2644.004885589796 37.0 0.0 1651.0 97.11764705882354 12384.755626227241 309.618890655681 9.4 9.4 145.0 1930.0 60.3125
2645.0037975050136 37.0 0.0 1651.0 97.11764705882354 12386.755626227241 309.66889065568097 9.4 9.4 145.0 1930.0 60.3125
2646.004885589796 37.0 0.0 1651.0 97.11764705882354 12387.755626227241 309.693890655681 9.4 9.4 145.0 1930.0 60.3125
2647.0037975050136 37.0 0.0 1651.0 97.11764705882354 12389.755626227241 309.743890655681 9.4 9.4 145.0 1930.0 60.3125
2648.004885589796 37.0 0.0 1651.0 97.11764705882354 12390.755626227241 309.768890655681 9.4 9.4 145.0 1930.0 60.3125
2649.0037975050136 37.0 0.0 1651.0 97.11764705882354 12392.755626227241 309.818890655681 9.4 9.4 145.0 1930.0 60.3125
2650.004885589796 37.0 0.0 1651.0 97.11764705882354 12393.755626227241 309.843890655681 9.4 9.4 145.0 1930.0 60.3125
2651.0037975050136 37.0 0.0 1651.0 97.11764705882354 12395.755626227241 309.893890655681 9.4 9.4 145.0 1930.0 60.3125
2652.004885589796 37.0 0.0 1651.0 97.11764705882354 12396.755626227241 309.91889065568097 9.4 9.4 145.0 1930.0 60.3125
2653.0037975050136 37.0 0.0 1651.0 97.11764705882354 12398.755626227241 309.968890655681 9.4 9.4 145.0 1930.0 60.3125
2654.004885589796 37.0 0.0 1651.0 97.11764705882354 12399.755626227241 309.993890655681 9.4 9.4 145.0 1930.0 60.3125
2655.0037975050136 37.0 0.0 1651.0 97.11764705882354 12401.755626227241 310.04389065568097 9.4 9.4 145.0 1930.0 60.3125
2656.004885589796 37.0 0.0 1651.0 97.11764705882354 12402.755626227241 310.068890655681 9.4 9.4 145.0 1930.0 60.3125
2657.0037975050136 37.0 0.0 1651.0 97.11764705882354 12404.755626227241 310.118890655681 9.4 9.4 145.0 1930.0 60.3125
2658.004885589796 37.0 0.0 1651.0 97.11764705882354 12405.755626227241 310.143890655681 9.4 9.4 145.0 1930.0 60.3125
2659.0037975050136 37.0 0.0 1651.0 97.11764705882354 12407.755626227241 310.193890655681 9.4 9.4 145.0 1930.0 60.3125
2660.004885589796 37.0 0.0 1651.0 97.11764705882354 12408.755626227241 310.218890655681 9.4 9.4 145.0 1930.0 60.3125
2661.0037975050136 37.0 0.0 1651.0 97.11764705882354 12410.755626227241 310.268890655681 9.4 9.4 145.0 1930.0 60.3125
2662.004885589796 37.0 0.0 1651.0 97.11764705882354 12411.351677001718 310.2837919250429 9.4 9.4 145.0 1931.0 60.34375
2663.0037975050136 37.0 0.0 1651.0 97.11764705882354 12413.351677001718 310.33379192504293 9.4 9.4 145.0 1931.0 60.34375
2664.004885589796 37.0 0.0 1651.0 97.11764705882354 12413.35192642802 310.3337981607005 9.4 9.4 145.0 1931.0 60.34375
2665.0037975050136 37.0 0.0 1651.0 97.11764705882354 12415.35192642802 310.3837981607005 9.4 9.4 145.0 1931.0 60.34375
2666.004885589796 37.0 0.0 1651.0 97.11764705882354 12416.35192642802 310.4087981607005 9.4 9.4 145.0 1931.0 60.34375
2667.0037975050136 37.0 0.0 1651.0 97.11764705882354 12418.35192642802 310.4587981607005 9.4 9.4 145.0 1931.0 60.34375
2668.004885589796 37.0 0.0 1651.0 97.11764705882354 12419.35192642802 310.48379816070053 9.4 9.4 145.0 1931.0 60.34375
2669.0037975050136 37.0 0.0 1651.0 97.11764705882354 12421.35192642802 310.5337981607005 9.4 9.4 145.0 1931.0 60.34375
2670.004885589796 37.0 0.0 1651.0 97.11764705882354 12422.35192642802 310.5587981607005 9.4 9.4 145.0 1931.0 60.34375
2671.0037975050136 37.0 0.0 1651.0 97.11764705882354 12424.35192642802 310.60879816070053 9.4 9.4 145.0 1931.0 60.34375
2672.004885589796 37.0 0.0 1651.0 97.11764705882354 12425.35192642802 310.6337981607005 9.4 9.4 145.0 1931.0 60.34375
2673.0037975050136 37.0 0.0 1651.0 97.11764705882354 12427.35192642802 310.6837981607005 9.4 9.4 145.0 1931.0 60.34375
2674.004885589796 37.0 0.0 1651.0 97.11764705882354 12428.35192642802 310.7087981607005 9.4 9.4 145.0 1931.0 60.34375
2675.0037975050136 37.0 0.0 1651.0 97.11764705882354 12430.35192642802 310.7587981607005 9.4 9.4 145.0 1931.0 60.34375
2676.004885589796 37.0 0.0 1651.0 97.11764705882354 12431.35192642802 310.7837981607005 9.4 9.4 145.0 1931.0 60.34375
2677.0037975050136 37.0 0.0 1651.0 97.11764705882354 12433.35192642802 310.8337981607005 9.4 9.4 145.0 1931.0 60.34375
2678.004885589796 37.0 0.0 1651.0 97.11764705882354 12434.35192642802 310.85879816070053 9.4 9.4 145.0 1931.0 60.34375
2679.0037975050136 37.0 0.0 1651.0 97.11764705882354 12436.35192642802 310.9087981607005 9.4 9.4 145.0 1931.0 60.34375
2680.004885589796 37.0 0.0 1651.0 97.11764705882354 12437.35192642802 310.9337981607005 9.4 9.4 145.0 1931.0 60.34375
2681.0037975050136 37.0 0.0 1651.0 97.11764705882354 12439.35192642802 310.98379816070053 9.4 9.4 145.0 1931.0 60.34375
2682.004885589796 37.0 0.0 1651.0 97.11764705882354 12440.35192642802 311.0087981607005 9.4 9.4 145.0 1931.0 60.34375
2683.0037975050136 37.0 0.0 1651.0 97.11764705882354 12442.35192642802 311.0587981607005 9.4 9.4 145.0 1931.0 60.34375
2684.004885589796 37.0 0.0 1651.0 97.11764705882354 12443.35192642802 311.0837981607005 9.4 9.4 145.0 1931.0 60.34375
2685.0037975050136 37.0 0.0 1651.0 97.11764705882354 12445.35192642802 311.1337981607005 9.4 9.4 145.0 1931.0 60.34375
2686.004885589796 37.0 0.0 1651.0 97.11764705882354 12446.35192642802 311.1587981607005 9.4 9.4 145.0 1931.0 60.34375
2687.0037975050136 37.0 0.0 1651.0 97.11764705882354 12448.35192642802 311.2087981607005 9.4 9.4 145.0 1931.0 60.34375
2688.004885589796 37.0 0.0 1651.0 97.11764705882354 12449.35192642802 311.23379816070053 9.4 9.4 145.0 1931.0 60.34375
2689.0037975050136 37.0 0.0 1651.0 97.11764705882354 12451.35192642802 311.2837981607005 9.4 9.4 145.0 1932.0 60.375
2690.004885589796 37.0 0.0 1651.0 97.11764705882354 12452.35192642802 311.3087981607005 9.4 9.4 145.0 1932.0 60.375
2691.0037975050136 37.0 0.0 1651.0 97.11764705882354 12453.360413226681 311.334010330667 9.4 9.4 145.0 1932.0 60.375
2692.004885589796 37.0 0.0 1651.0 97.11764705882354 12454.360413226681 311.35901033066705 9.4 9.4 145.0 1932.0 60.375
2693.0037975050136 37.0 0.0 1651.0 97.11764705882354 12456.360413226681 311.40901033066706 9.4 9.4 145.0 1932.0 60.375
2694.004885589796 37.0 0.0 1651.0 97.11764705882354 12457.360413226681 311.43401033066704 9.4 9.4 145.0 1932.0 60.375
2695.0037975050136 37.0 0.0 1651.0 97.11764705882354 12459.360413226681 311.48401033066705 9.4 9.4 145.0 1932.0 60.375
2696.004885589796 37.0 0.0 1651.0 97.11764705882354 12460.360413226681 311.509010330667 9.4 9.4 145.0 1932.0 60.375
2697.0037975050136 37.0 0.0 1651.0 97.11764705882354 12462.360413226681 311.55901033066704 9.4 9.4 145.0 1932.0 60.375
2698.004885589796 37.0 0.0 1651.0 97.11764705882354 12463.360413226681 311.584010330667 9.4 9.4 145.0 1932.0 60.375
2699.0037975050136 37.0 0.0 1651.0 97.11764705882354 12465.360413226681 311.634010330667 9.4 9.4 145.0 1932.0 60.375
2700.004885589796 37.0 0.0 1651.0 97.11764705882354 12466.360413226681 311.65901033066706 9.4 9.4 145.0 1932.0 60.375
2701.0037975050136 37.0 0.0 1651.0 97.11764705882354 12468.360413226681 311.709010330667 9.4 9.4 145.0 1932.0 60.375
2702.004885589796 37.0 0.0 1651.0 97.11764705882354 12469.360413226681 311.73401033066705 9.4 9.4 145.0 1932.0 60.375
2703.0037975050136 37.0 0.0 1651.0 97.11764705882354 12471.360413226681 311.78401033066706 9.4 9.4 145.0 1932.0 60.375
2704.004885589796 37.0 0.0 1651.0 97.11764705882354 12472.360413226681 311.80901033066704 9.4 9.4 145.0 1932.0 60.375
2705.0037975050136 37.0 0.0 1651.0 97.11764705882354 12474.360413226681 311.85901033066705 9.4 9.4 145.0 1932.0 60.375
2706.004885589796 37.0 0.0 1651.0 97.11764705882354 12475.360413226681 311.884010330667 9.4 9.4 145.0 1932.0 60.375
2707.0037975050136 37.0 0.0 1651.0 97.11764705882354 12476.587286298902 311.91468215747255 9.4 9.4 145.0 1933.0 60.40625
2708.004885589796 37.0 0.0 1651.0 97.11764705882354 12477.587286298902 311.93968215747253 9.4 9.4 145.0 1933.0 60.40625
2709.0037975050136 37.0 0.0 1651.0 97.11764705882354 12478.587370118026 311.9646842529507 9.4 9.4 145.0 1933.0 60.40625
2710.004885589796 37.0 0.0 1651.0 97.11764705882354 12479.587370118026 311.98968425295067 9.4 9.4 145.0 1933.0 60.40625
2711.0037975050136 37.0 0.0 1651.0 97.11764705882354 12481.587370118026 312.0396842529507 9.4 9.4 145.0 1933.0 60.40625
2712.004885589796 37.0 0.0 1651.0 97.11764705882354 12482.587370118026 312.06468425295066 9.4 9.4 145.0 1933.0 60.40625
2713.0037975050136 37.0 0.0 1651.0 97.11764705882354 12484.587370118026 312.11468425295067 9.4 9.4 145.0 1933.0 60.40625
2714.004885589796 37.0 0.0 1651.0 97.11764705882354 12485.587370118026 312.13968425295064 9.4 9.4 145.0 1933.0 60.40625
2715.0037975050136 37.0 0.0 1651.0 97.11764705882354 12487.587370118026 312.18968425295066 9.4 9.4 145.0 1933.0 60.40625
2716.004885589796 37.0 0.0 1651.0 97.11764705882354 12488.587370118026 312.2146842529507 9.4 9.4 145.0 1933.0 60.40625
2717.0037975050136 37.0 0.0 1651.0 97.11764705882354 12490.587370118026 312.26468425295064 9.4 9.4 145.0 1933.0 60.40625
2718.004885589796 37.0 0.0 1651.0 97.11764705882354 12491.587370118026 312.2896842529507 9.4 9.4 145.0 1933.0 60.40625
2719.0037975050136 37.0 0.0 1651.0 97.11764705882354 12493.587370118026 312.3396842529507 9.4 9.4 145.0 1933.0 60.40625
2720.004885589796 37.0 0.0 1651.0 97.11764705882354 12494.587370118026 312.36468425295067 9.4 9.4 145.0 1933.0 60.40625
2721.0037975050136 37.0 0.0 1651.0 97.11764705882354 12496.587370118026 312.4146842529507 9.4 9.4 145.0 1933.0 60.40625
2722.004885589796 37.0 0.0 1651.0 97.11764705882354 12497.587370118026 312.43968425295066 9.4 9.4 145.0 1933.0 60.40625
2723.0037975050136 37.0 0.0 1651.0 97.11764705882354 12499.587370118026 312.48968425295067 9.4 9.4 145.0 1933.0 60.40625
2724.004885589796 37.0 0.0 1651.0 97.11764705882354 12500.587370118026 312.51468425295064 9.4 9.4 145.0 1933.0 60.40625
2725.0037975050136 37.0 0.0 1651.0 97.11764705882354 12502.587370118026 312.56468425295066 9.4 9.4 145.0 1933.0 60.40625
2726.004885589796 37.0 0.0 1651.0 97.11764705882354 12503.587370118026 312.5896842529507 9.4 9.4 145.0 1933.0 60.40625
2727.0037975050136 37.0 0.0 1651.0 97.11764705882354 12505.587370118026 312.63968425295064 9.4 9.4 145.0 1933.0 60.40625
2728.004885589796 37.0 0.0 1651.0 97.11764705882354 12506.587370118026 312.6646842529507 9.4 9.4 145.0 1933.0 60.40625
2729.0037975050136 37.0 0.0 1651.0 97.11764705882354 12508.587370118026 312.7146842529507 9.4 9.4 145.0 1933.0 60.40625
2730.004885589796 37.0 0.0 1651.0 97.11764705882354 12509.587370118026 312.73968425295067 9.4 9.4 145.0 1933.0 60.40625
2731.0037975050136 37.0 0.0 1651.0 97.11764705882354 12511.587370118026 312.7896842529507 9.4 9.4 145.0 1933.0 60.40625
2732.004885589796 37.0 0.0 1651.0 97.11764705882354 12512.587370118026 312.81468425295066 9.4 9.4 145.0 1933.0 60.40625
2733.0037975050136 37.0 0.0 1651.0 97.11764705882354 12514.587370118026 312.86468425295067 9.4 9.4 145.0 1933.0 60.40625
2734.004885589796 37.0 0.0 1651.0 97.11764705882354 12515.587370118026 312.88968425295064 9.4 9.4 145.0 1933.0 60.40625
2735.0037975050136 37.0 0.0 1651.0 97.11764705882354 12517.587370118026 312.93968425295066 9.4 9.4 145.0 1933.0 60.40625
2736.004885589796 37.0 0.0 1651.0 97.11764705882354 12518.587370118026 312.9646842529507 9.4 9.4 145.0 1933.0 60.40625
2737.0037975050136 37.0 0.0 1651.0 97.11764705882354 12519.905542435607 312.99763856089015 9.4 9.4 145.0 1934.0 60.4375
2738.004885589796 37.0 0.0 1651.0 97.11764705882354 12520.905542435607 313.02263856089013 9.4 9.4 145.0 1934.0 60.4375
2739.0037975050136 37.0 0.0 1651.0 97.11764705882354 12521.90581107922 313.04764527698046 9.4 9.4 145.0 1934.0 60.4375
2740.004885589796 37.0 0.0 1651.0 97.11764705882354 12522.90581107922 313.0726452769805 9.4 9.4 145.0 1934.0 60.4375
2741.0037975050136 37.0 0.0 1651.0 97.11764705882354 12524.90581107922 313.12264527698045 9.4 9.4 145.0 1934.0 60.4375
2742.004885589796 37.0 0.0 1651.0 97.11764705882354 12525.90581107922 313.1476452769805 9.4 9.4 145.0 1934.0 60.4375
2743.0037975050136 37.0 0.0 1651.0 97.11764705882354 12527.90581107922 313.1976452769805 9.4 9.4 145.0 1934.0 60.4375
2744.004885589796 37.0 0.0 1651.0 97.11764705882354 12528.90581107922 313.2226452769805 9.4 9.4 145.0 1934.0 60.4375
2745.0037975050136 37.0 0.0 1651.0 97.11764705882354 12530.90581107922 313.2726452769805 9.4 9.4 145.0 1934.0 60.4375
2746.004885589796 37.0 0.0 1651.0 97.11764705882354 12531.90581107922 313.29764527698046 9.4 9.4 145.0 1934.0 60.4375
2747.0037975050136 37.0 0.0 1651.0 97.11764705882354 12533.90581107922 313.3476452769805 9.4 9.4 145.0 1934.0 60.4375
2748.004885589796 37.0 0.0 1651.0 97.11764705882354 12534.90581107922 313.37264527698045 9.4 9.4 145.0 1934.0 60.4375
2749.0037975050136 37.0 0.0 1651.0 97.11764705882354 12536.90581107922 313.42264527698046 9.4 9.4 145.0 1934.0 60.4375
2750.004885589796 37.0 0.0 1651.0 97.11764705882354 12537.90581107922 313.4476452769805 9.4 9.4 145.0 1934.0 60.4375
2751.0037975050136 37.0 0.0 1651.0 97.11764705882354 12539.90581107922 313.49764527698045 9.4 9.4 145.0 1934.0 60.4375
2752.004885589796 37.0 0.0 1651.0 97.11764705882354 12540.90581107922 313.5226452769805 9.4 9.4 145.0 1934.0 60.4375
2753.0037975050136 37.0 0.0 1651.0 97.11764705882354 12542.90581107922 313.5726452769805 9.4 9.4 145.0 1934.0 60.4375
2754.004885589796 37.0 0.0 1651.0 97.11764705882354 12543.90581107922 313.5976452769805 9.4 9.4 145.0 1934.0 60.4375
2755.0037975050136 37.0 0.0 1651.0 97.11764705882354 12545.90581107922 313.6476452769805 9.4 9.4 145.0 1934.0 60.4375
2756.004885589796 37.0 0.0 1651.0 97.11764705882354 12546.90581107922 313.67264527698046 9.4 9.4 145.0 1934.0 60.4375
2757.0037975050136 37.0 0.0 1651.0 97.11764705882354 12548.90581107922 313.7226452769805 9.4 9.4 145.0 1934.0 60.4375
2758.004885589796 37.0 0.0 1651.0 97.11764705882354 12549.90581107922 313.74764527698045 9.4 9.4 145.0 1934.0 60.4375
2759.0037975050136 37.0 0.0 1651.0 97.11764705882354 12551.90581107922 313.79764527698046 9.425 9.425 145.0 1934.0 60.4375
2760.004885589796 37.0 0.0 1651.0 97.11764705882354 12552.90581107922 313.8226452769805 9.45 9.45 145.0 1934.0 60.4375
2761.0037975050136 37.0 0.0 1651.0 97.11764705882354 12554.884521230962 313.8721130307741 9.45 9.45 145.0 1935.0 60.46875
2762.004885589796 37.0 0.0 1651.0 97.11764705882354 12555.884521230962 313.89711303077405 9.45 9.45 145.0 1935.0 60.46875
2763.0037975050136 37.0 0.0 1651.0 97.11764705882354 12556.884775709135 313.9221193927284 9.45 9.45 145.0 1935.0 60.46875
2764.004885589796 37.0 0.0 1651.0 97.11764705882354 12557.884775709135 313.9471193927284 9.45 9.45 145.0 1935.0 60.46875
2765.0037975050136 37.0 0.0 1651.0 97.11764705882354 12559.884775709135 313.9971193927284 9.45 9.45 145.0 1935.0 60.46875
2766.004885589796 37.0 0.0 1651.0 97.11764705882354 12560.884775709135 314.02211939272837 9.45 9.45 145.0 1935.0 60.46875
2767.0037975050136 37.0 0.0 1651.0 97.11764705882354 12562.884775709135 314.0721193927284 9.45 9.45 145.0 1935.0 60.46875
2768.004885589796 37.0 0.0 1651.0 97.11764705882354 12563.884775709135 314.09711939272836 9.45 9.45 145.0 1935.0 60.46875
2769.0037975050136 37.0 0.0 1651.0 97.11764705882354 12565.884775709135 314.14711939272837 9.45 9.45 145.0 1935.0 60.46875
2770.004885589796 37.0 0.0 1651.0 97.11764705882354 12566.884775709135 314.1721193927284 9.45 9.45 145.0 1935.0 60.46875
2771.0037975050136 37.0 0.0 1651.0 97.11764705882354 12568.884775709135 314.22211939272836 9.45 9.45 145.0 1935.0 60.46875
2772.004885589796 37.0 0.0 1651.0 97.11764705882354 12569.884775709135 314.2471193927284 9.45 9.45 145.0 1935.0 60.46875
2773.0037975050136 37.0 0.0 1651.0 97.11764705882354 12571.884775709135 314.2971193927284 9.45 9.45 145.0 1935.0 60.46875
2774.004885589796 37.0 0.0 1651.0 97.11764705882354 12572.884775709135 314.3221193927284 9.45 9.45 145.0 1935.0 60.46875
2775.0037975050136 37.0 0.0 1651.0 97.11764705882354 12574.884775709135 314.3721193927284 9.45 9.45 145.0 1935.0 60.46875
2776.004885589796 37.0 0.0 1651.0 97.11764705882354 12575.884775709135 314.39711939272837 9.45 9.45 145.0 1935.0 60.46875
2777.0037975050136 37.0 0.0 1651.0 97.11764705882354 12577.654895154132 314.44137237885326 9.45 9.45 145.0 1936.0 60.5
2778.004885589796 37.0 0.0 1651.0 97.11764705882354 12578.654895154132 314.4663723788533 9.45 9.45 145.0 1936.0 60.5
2779.0037975050136 37.0 0.0 1651.0 97.11764705882354 12579.655033158902 314.4913758289726 9.45 9.45 145.0 1936.0 60.5
2780.004885589796 37.0 0.0 1651.0 97.11764705882354 12580.655033158902 314.51637582897257 9.45 9.45 145.0 1936.0 60.5
2781.0037975050136 37.0 0.0 1651.0 97.11764705882354 12582.655033158902 314.5663758289726 9.45 9.45 145.0 1936.0 60.5
2782.004885589796 37.0 0.0 1651.0 97.11764705882354 12583.655033158902 314.59137582897256 9.45 9.45 145.0 1936.0 60.5
2783.0037975050136 37.0 0.0 1651.0 97.11764705882354 12585.655033158902 314.64137582897257 9.45 9.45 145.0 1936.0 60.5
2784.004885589796 37.0 0.0 1651.0 97.11764705882354 12586.655033158902 314.66637582897255 9.45 9.45 145.0 1936.0 60.5
2785.0037975050136 37.0 0.0 1651.0 97.11764705882354 12588.655033158902 314.71637582897256 9.45 9.45 145.0 1936.0 60.5
2786.004885589796 37.0 0.0 1651.0 97.11764705882354 12589.655033158902 314.7413758289726 9.45 9.45 145.0 1936.0 60.5
2787.0037975050136 37.0 0.0 1651.0 97.11764705882354 12591.655033158902 314.79137582897255 9.45 9.45 145.0 1936.0 60.5
2788.004885589796 37.0 0.0 1651.0 97.11764705882354 12592.655033158902 314.8163758289726 9.45 9.45 145.0 1936.0 60.5
2789.0037975050136 37.0 0.0 1651.0 97.11764705882354 12594.655033158902 314.8663758289726 9.45 9.45 145.0 1936.0 60.5
2790.004885589796 37.0 0.0 1651.0 97.11764705882354 12595.655033158902 314.89137582897257 9.45 9.45 145.0 1936.0 60.5
2791.0037975050136 37.0 0.0 1651.0 97.11764705882354 12597.655033158902 314.9413758289726 9.45 9.45 145.0 1936.0 60.5
2792.004885589796 37.0 0.0 1651.0 97.11764705882354 12598.655033158902 314.96637582897256 9.45 9.45 145.0 1936.0 60.5
2793.0037975050136 37.0 0.0 1651.0 97.11764705882354 12600.655033158902 315.01637582897257 9.45 9.45 145.0 1936.0 60.5
2794.004885589796 37.0 0.0 1651.0 97.11764705882354 12601.655033158902 315.04137582897255 9.45 9.45 145.0 1936.0 60.5
2795.0037975050136 37.0 0.0 1651.0 97.11764705882354 12603.655033158902 315.09137582897256 9.45 9.45 145.0 1936.0 60.5
2796.004885589796 37.0 0.0 1651.0 97.11764705882354 12604.655033158902 315.1163758289726 9.45 9.45 145.0 1936.0 60.5
2797.0037975050136 37.0 0.0 1651.0 97.11764705882354 12606.655033158902 315.16637582897255 9.45 9.45 145.0 1936.0 60.5
2798.004885589796 37.0 0.0 1651.0 97.11764705882354 12607.655033158902 315.1913758289726 9.45 9.45 145.0 1936.0 60.5
2799.0037975050136 37.0 0.0 1651.0 97.11764705882354 12609.655033158902 315.2413758289726 9.45 9.45 145.0 1936.0 60.5
2800.004885589796 37.0 0.0 1651.0 97.11764705882354 12610.655033158902 315.26637582897257 9.45 9.45 145.0 1936.0 60.5
2801.0037975050136 37.0 0.0 1651.0 97.11764705882354 12612.655033158902 315.3163758289726 9.45 9.45 145.0 1936.0 60.5
2802.004885589796 37.0 0.0 1651.0 97.11764705882354 12613.655033158902 315.34137582897256 9.45 9.45 145.0 1936.0 60.5
2803.0037975050136 37.0 0.0 1651.0 97.11764705882354 12615.655033158902 315.39137582897257 9.45 9.45 145.0 1936.0 60.5
2804.004885589796 37.0 0.0 1651.0 97.11764705882354 12616.655033158902 315.41637582897255 9.45 9.45 145.0 1936.0 60.5
2805.0037975050136 37.0 0.0 1651.0 97.11764705882354 12618.655033158902 315.46637582897256 9.45 9.45 145.0 1936.0 60.5
2806.004885589796 37.0 0.0 1651.0 97.11764705882354 12619.655033158902 315.4913758289726 9.45 9.45 145.0 1936.0 60.5
2807.0037975050136 37.0 0.0 1651.0 97.11764705882354 12621.655033158902 315.54137582897255 9.45 9.45 145.0 1936.0 60.5
2808.004885589796 37.0 0.0 1651.0 97.11764705882354 12622.655033158902 315.5663758289726 9.45 9.45 145.0 1936.0 60.5
2809.0037975050136 37.0 0.0 1651.0 97.11764705882354 12624.655033158902 315.6163758289726 9.45 9.45 145.0 1936.0 60.5
2810.004885589796 37.0 0.0 1651.0 97.11764705882354 12625.655033158902 315.64137582897257 9.45 9.45 145.0 1936.0 60.5
2811.0037975050136 37.0 0.0 1651.0 97.11764705882354 12627.655033158902 315.6913758289726 9.45 9.45 145.0 1936.0 60.5
2812.004885589796 37.0 0.0 1651.0 97.11764705882354 12628.655033158902 315.71637582897256 9.45 9.45 145.0 1936.0 60.5
2813.0037975050136 37.0 0.0 1651.0 97.11764705882354 12630.655033158902 315.76637582897257 9.45 9.45 145.0 1936.0 60.5
2814.004885589796 37.0 0.0 1651.0 97.11764705882354 12631.655033158902 315.79137582897255 9.45 9.45 145.0 1936.0 60.5
2815.0037975050136 37.0 0.0 1651.0 97.11764705882354 12633.655033158902 315.84137582897256 9.45 9.45 145.0 1936.0 60.5
2816.004885589796 37.0 0.0 1651.0 97.11764705882354 12634.655033158902 315.8663758289726 9.45 9.45 145.0 1936.0 60.5
2817.0037975050136 37.0 0.0 1651.0 97.11764705882354 12636.655033158902 315.91637582897255 9.45 9.45 145.0 1936.0 60.5
2818.004885589796 37.0 0.0 1651.0 97.11764705882354 12637.655033158902 315.9413758289726 9.45 9.45 145.0 1936.0 60.5
2819.0037975050136 37.0 0.0 1651.0 97.11764705882354 12639.655033158902 315.9913758289726 9.45 9.45 145.0 1936.0 60.5
2820.004885589796 37.0 0.0 1651.0 97.11764705882354 12640.655033158902 316.01637582897257 9.45 9.45 145.0 1936.0 60.5
2821.0037975050136 37.0 0.0 1651.0 97.11764705882354 12642.655033158902 316.0663758289726 9.45 9.45 145.0 1936.0 60.5
2822.004885589796 37.0 0.0 1651.0 97.11764705882354 12643.655033158902 316.09137582897256 9.45 9.45 145.0 1936.0 60.5
2823.0037975050136 37.0 0.0 1651.0 97.11764705882354 12645.655033158902 316.14137582897257 9.45 9.45 145.0 1936.0 60.5
2824.004885589796 37.0 0.0 1651.0 97.11764705882354 12646.655033158902 316.16637582897255 9.45 9.45 145.0 1936.0 60.5
2825.0037975050136 37.0 0.0 1651.0 97.11764705882354 12648.655033158902 316.21637582897256 9.45 9.45 145.0 1936.0 60.5
2826.004885589796 37.0 0.0 1651.0 97.11764705882354 12649.655033158902 316.2413758289726 9.45 9.45 145.0 1936.0 60.5
2827.0037975050136 37.0 0.0 1651.0 97.11764705882354 12651.655033158902 316.29137582897255 9.45 9.45 145.0 1936.0 60.5
2828.004885589796 37.0 0.0 1651.0 97.11764705882354 12652.655033158902 316.3163758289726 9.45 9.45 145.0 1936.0 60.5
2829.0037975050136 37.0 0.0 1651.0 97.11764705882354 12654.655033158902 316.3663758289726 9.45 9.45 145.0 1936.0 60.5
2830.004885589796 37.0 0.0 1651.0 97.11764705882354 12655.655033158902 316.39137582897257 9.45 9.45 145.0 1936.0 60.5
2831.0037975050136 37.0 0.0 1651.0 97.11764705882354 12657.655033158902 316.4413758289726 9.45 9.45 145.0 1936.0 60.5
2832.004885589796 37.0 0.0 1651.0 97.11764705882354 12658.655033158902 316.46637582897256 9.45 9.45 145.0 1936.0 60.5
2833.0037975050136 37.0 0.0 1651.0 97.11764705882354 12660.655033158902 316.51637582897257 9.45 9.45 145.0 1936.0 60.5
2834.004885589796 37.0 0.0 1651.0 97.11764705882354 12661.655033158902 316.54137582897255 9.45 9.45 145.0 1936.0 60.5
2835.0037975050136 37.0 0.0 1651.0 97.11764705882354 12663.655033158902 316.59137582897256 9.45 9.45 145.0 1936.0 60.5
2836.004885589796 37.0 0.0 1651.0 97.11764705882354 12664.655033158902 316.6163758289726 9.45 9.45 145.0 1936.0 60.5
2837.0037975050136 37.0 0.0 1651.0 97.11764705882354 12666.655033158902 316.66637582897255 9.45 9.45 145.0 1936.0 60.5
2838.004885589796 37.0 0.0 1651.0 97.11764705882354 12667.655033158902 316.6913758289726 9.45 9.45 145.0 1936.0 60.5
2839.0037975050136 37.0 0.0 1651.0 97.11764705882354 12669.655033158902 316.7413758289726 9.45 9.45 145.0 1936.0 60.5
2840.004885589796 37.0 0.0 1651.0 97.11764705882354 12670.655033158902 316.76637582897257 9.45 9.45 145.0 1936.0 60.5
2841.0037975050136 37.0 0.0 1651.0 97.11764705882354 12672.655033158902 316.8163758289726 9.45 9.45 145.0 1936.0 60.5
2842.004885589796 37.0 0.0 1651.0 97.11764705882354 12673.655033158902 316.84137582897256 9.45 9.45 145.0 1936.0 60.5
2843.0037975050136 37.0 0.0 1651.0 97.11764705882354 12675.655033158902 316.89137582897257 9.45 9.45 145.0 1936.0 60.5
2844.004885589796 37.0 0.0 1651.0 97.11764705882354 12676.655033158902 316.91637582897255 9.45 9.45 145.0 1936.0 60.5
2845.0037975050136 37.0 0.0 1651.0 97.11764705882354 12678.655033158902 316.96637582897256 9.475 9.475 145.0 1936.0 60.5
2846.004885589796 37.0 0.0 1651.0 97.11764705882354 12679.655033158902 316.9913758289726 9.475 9.475 145.0 1936.0 60.5
2847.0037975050136 37.0 0.0 1651.0 97.11764705882354 12681.655033158902 317.04137582897255 9.5 9.5 145.0 1936.0 60.5
2848.004885589796 37.0 0.0 1651.0 97.11764705882354 12682.655033158902 317.0663758289726 9.5 9.5 145.0 1936.0 60.5
2849.0037975050136 37.0 0.0 1651.0 97.11764705882354 12684.655033158902 317.1163758289726 9.5 9.5 145.0 1936.0 60.5
2850.004885589796 37.0 0.0 1651.0 97.11764705882354 12685.655033158902 317.14137582897257 9.5 9.5 145.0 1936.0 60.5
2851.0037975050136 37.0 0.0 1651.0 97.11764705882354 12687.655033158902 317.1913758289726 9.5 9.5 145.0 1936.0 60.5
2852.004885589796 37.0 0.0 1651.0 97.11764705882354 12688.655033158902 317.21637582897256 9.5 9.5 145.0 1936.0 60.5
2853.0037975050136 37.0 0.0 1651.0 97.11764705882354 12690.655033158902 317.26637582897257 9.5 9.5 145.0 1936.0 60.5
2854.004885589796 37.0 0.0 1651.0 97.11764705882354 12691.655033158902 317.29137582897255 9.5 9.5 145.0 1936.0 60.5
2855.0037975050136 37.0 0.0 1651.0 97.11764705882354 12693.655033158902 317.34137582897256 9.5 9.5 145.0 1936.0 60.5
2856.004885589796 37.0 0.0 1651.0 97.11764705882354 12694.655033158902 317.3663758289726 9.5 9.5 145.0 1936.0 60.5
2857.0037975050136 37.0 0.0 1651.0 97.11764705882354 12696.655033158902 317.41637582897255 9.5 9.5 145.0 1936.0 60.5
2858.004885589796 37.0 0.0 1651.0 97.11764705882354 12697.655033158902 317.4413758289726 9.5 9.5 145.0 1936.0 60.5
2859.0037975050136 37.0 0.0 1651.0 97.11764705882354 12699.094263060191 317.4773565765048 9.5 9.5 145.0 1937.0 60.53125
2860.004885589796 37.0 0.0 1651.0 97.11764705882354 12700.094263060191 317.5023565765048 9.5 9.5 145.0 1937.0 60.53125
2861.0037975050136 37.0 0.0 1651.0 97.11764705882354 12701.094354151195 317.5273588537799 9.5 9.5 145.0 1937.0 60.53125
2862.004885589796 37.0 0.0 1651.0 97.11764705882354 12702.094354151195 317.5523588537799 9.5 9.5 145.0 1937.0 60.53125
2863.0037975050136 37.0 0.0 1651.0 97.11764705882354 12704.094354151195 317.6023588537799 9.5 9.5 145.0 1937.0 60.53125
2864.004885589796 37.0 0.0 1651.0 97.11764705882354 12705.094354151195 317.62735885377987 9.525 9.525 145.0 1937.0 60.53125
2865.0037975050136 37.0 0.0 1651.0 97.11764705882354 12707.094354151195 317.6773588537799 9.525 9.525 145.0 1937.0 60.53125
2866.004885589796 37.0 0.0 1651.0 97.11764705882354 12708.094354151195 317.7023588537799 9.55 9.55 145.0 1937.0 60.53125
2867.0037975050136 37.0 0.0 1651.0 97.11764705882354 12710.094354151195 317.75235885377987 9.55 9.55 145.0 1937.0 60.53125
2868.004885589796 37.0 0.0 1651.0 97.11764705882354 12711.094354151195 317.7773588537799 9.55 9.55 145.0 1937.0 60.53125
2869.0037975050136 37.0 0.0 1651.0 97.11764705882354 12713.094354151195 317.8273588537799 9.55 9.55 145.0 1937.0 60.53125
2870.004885589796 37.0 0.0 1651.0 97.11764705882354 12714.094354151195 317.8523588537799 9.55 9.55 145.0 1937.0 60.53125
2871.0037975050136 37.0 0.0 1651.0 97.11764705882354 12716.094354151195 317.9023588537799 9.55 9.55 145.0 1937.0 60.53125
2872.004885589796 37.0 0.0 1651.0 97.11764705882354 12717.094354151195 317.9273588537799 9.55 9.55 145.0 1937.0 60.53125
2873.0037975050136 37.0 0.0 1651.0 97.11764705882354 12719.094354151195 317.9773588537799 9.55 9.55 145.0 1937.0 60.53125
2874.004885589796 37.0 0.0 1651.0 97.11764705882354 12720.094354151195 318.00235885377987 9.55 9.55 145.0 1937.0 60.53125
2875.0037975050136 37.0 0.0 1651.0 97.11764705882354 12722.094354151195 318.0523588537799 9.55 9.55 145.0 1937.0 60.53125
2876.004885589796 37.0 0.0 1651.0 97.11764705882354 12723.094354151195 318.0773588537799 9.55 9.55 145.0 1937.0 60.53125
2877.0037975050136 37.0 0.0 1651.0 97.11764705882354 12725.094354151195 318.12735885377987 9.55 9.55 145.0 1937.0 60.53125
2878.004885589796 37.0 0.0 1651.0 97.11764705882354 12726.094354151195 318.1523588537799 9.55 9.55 145.0 1937.0 60.53125
2879.0037975050136 37.0 0.0 1651.0 97.11764705882354 12728.094354151195 318.2023588537799 9.55 9.55 145.0 1937.0 60.53125
2880.004885589796 37.0 0.0 1651.0 97.11764705882354 12729.094354151195 318.2273588537799 9.55 9.55 145.0 1937.0 60.53125
2881.0037975050136 37.0 0.0 1651.0 97.11764705882354 12731.094354151195 318.2773588537799 9.55 9.55 145.0 1937.0 60.53125
2882.004885589796 37.0 0.0 1651.0 97.11764705882354 12732.094354151195 318.3023588537799 9.55 9.55 145.0 1937.0 60.53125
2883.0037975050136 37.0 0.0 1651.0 97.11764705882354 12734.094354151195 318.3523588537799 9.55 9.55 145.0 1937.0 60.53125
2884.004885589796 37.0 0.0 1651.0 97.11764705882354 12735.094354151195 318.37735885377987 9.55 9.55 145.0 1937.0 60.53125
2885.0037975050136 37.0 0.0 1651.0 97.11764705882354 12737.094354151195 318.4273588537799 9.55 9.55 145.0 1937.0 60.53125
2886.004885589796 37.0 1.0 1652.0 97.17647058823529 12738.094354151195 318.4523588537799 9.525 9.525 145.0 1937.0 60.53125
2887.0037975050136 37.0 1.0 1652.0 97.17647058823529 12740.094354151195 318.50235885377987 9.5 9.5 145.0 1937.0 60.53125
2888.004885589796 37.0 1.0 1653.0 97.23529411764706 12740.094354151195 318.50235885377987 9.5 9.5 145.0 1937.0 60.53125
2889.0037975050136 37.0 1.0 1653.0 97.23529411764706 12742.094354151195 318.5523588537799 9.5 9.5 145.0 1937.0 60.53125
2890.004885589796 37.0 1.0 1654.0 97.29411764705883 12742.094354151195 318.5523588537799 9.5 9.5 145.0 1937.0 60.53125
2891.0037975050136 37.0 1.0 1654.0 97.29411764705883 12744.094354151195 318.6023588537799 9.5 9.5 145.0 1937.0 60.53125
2892.004885589796 37.0 1.0 1655.0 97.35294117647058 12744.094354151195 318.6023588537799 9.5 9.5 145.0 1937.0 60.53125
2893.0037975050136 37.0 1.0 1655.0 97.35294117647058 12746.094354151195 318.6523588537799 9.5 9.5 145.0 1937.0 60.53125
2894.004885589796 37.0 1.0 1656.0 97.41176470588238 12746.094354151195 318.6523588537799 9.5 9.5 145.0 1937.0 60.53125
2895.0037975050136 37.0 1.0 1656.0 97.41176470588238 12748.094354151195 318.7023588537799 9.5 9.5 145.0 1937.0 60.53125
2896.004885589796 37.0 1.0 1657.0 97.4705882352941 12748.094354151195 318.7023588537799 9.5 9.5 145.0 1937.0 60.53125
2897.0037975050136 37.0 1.0 1657.0 97.4705882352941 12750.094354151195 318.75235885377987 9.5 9.5 145.0 1937.0 60.53125
2898.004885589796 37.0 1.0 1658.0 97.5294117647059 12750.094354151195 318.75235885377987 9.5 9.5 145.0 1937.0 60.53125
2899.0037975050136 37.0 1.0 1658.0 97.5294117647059 12752.094354151195 318.8023588537799 9.5 9.5 145.0 1937.0 60.53125
2900.004885589796 37.0 1.0 1659.0 97.58823529411762 12752.094354151195 318.8023588537799 9.5 9.5 145.0 1937.0 60.53125
2901.0037975050136 37.0 1.0 1659.0 97.58823529411762 12753.608036339543 318.84020090848855 9.5 9.5 145.0 1938.0 60.5625
2902.004885589796 37.0 1.0 1660.0 97.64705882352942 12753.608036339543 318.84020090848855 9.5 9.5 145.0 1938.0 60.5625
2903.0037975050136 37.0 1.0 1660.0 97.64705882352942 12754.608142057828 318.8652035514457 9.5 9.5 145.0 1938.0 60.5625
2904.004885589796 37.0 1.0 1661.0 97.70588235294117 12754.608142057828 318.8652035514457 9.5 9.5 145.0 1938.0 60.5625
2905.0037975050136 37.0 1.0 1661.0 97.70588235294117 12756.608142057828 318.9152035514457 9.5 9.5 145.0 1938.0 60.5625
2906.004885589796 37.0 1.0 1662.0 97.76470588235294 12756.608142057828 318.9152035514457 9.5 9.5 145.0 1938.0 60.5625
2907.0037975050136 37.0 1.0 1662.0 97.76470588235294 12758.608142057828 318.9652035514457 9.5 9.5 145.0 1938.0 60.5625
2908.004885589796 37.0 1.0 1663.0 97.82352941176471 12758.608142057828 318.9652035514457 9.5 9.5 145.0 1938.0 60.5625
2909.0037975050136 37.0 1.0 1663.0 97.82352941176471 12760.608142057828 319.0152035514457 9.5 9.5 145.0 1938.0 60.5625
2910.004885589796 37.0 1.0 1664.0 97.88235294117646 12760.608142057828 319.0152035514457 9.5 9.5 145.0 1938.0 60.5625
2911.0037975050136 37.0 1.0 1664.0 97.88235294117646 12762.608142057828 319.06520355144573 9.5 9.5 145.0 1938.0 60.5625
2912.004885589796 37.0 1.0 1665.0 97.94117647058823 12762.608142057828 319.06520355144573 9.5 9.5 145.0 1938.0 60.5625
2913.0037975050136 37.0 1.0 1665.0 97.94117647058823 12764.608142057828 319.1152035514457 9.5 9.5 145.0 1938.0 60.5625
2914.004885589796 37.0 1.0 1666.0 98.0 12764.608142057828 319.1152035514457 9.5 9.5 145.0 1938.0 60.5625
2915.0037975050136 37.0 1.0 1666.0 98.0 12766.608142057828 319.1652035514457 9.5 9.5 145.0 1938.0 60.5625
2916.004885589796 37.0 1.0 1667.0 98.05882352941177 12766.608142057828 319.1652035514457 9.5 9.5 145.0 1938.0 60.5625
2917.0037975050136 37.0 1.0 1667.0 98.05882352941177 12768.608142057828 319.2152035514457 9.5 9.5 145.0 1938.0 60.5625
2918.004885589796 37.0 1.0 1668.0 98.11764705882354 12768.608142057828 319.2152035514457 9.5 9.5 145.0 1938.0 60.5625
2919.0037975050136 37.0 1.0 1668.0 98.11764705882354 12770.608142057828 319.2652035514457 9.5 9.5 145.0 1938.0 60.5625
2920.004885589796 37.0 1.0 1669.0 98.17647058823529 12770.608142057828 319.2652035514457 9.5 9.5 145.0 1938.0 60.5625
2921.0037975050136 37.0 1.0 1669.0 98.17647058823529 12772.608142057828 319.31520355144573 9.5 9.5 145.0 1938.0 60.5625
2922.004885589796 37.0 1.0 1670.0 98.23529411764706 12772.608142057828 319.31520355144573 9.5 9.5 145.0 1938.0 60.5625
2923.0037975050136 37.0 1.0 1670.0 98.23529411764706 12774.608142057828 319.3652035514457 9.5 9.5 145.0 1938.0 60.5625
2924.004885589796 37.0 1.0 1671.0 98.29411764705883 12774.608142057828 319.3652035514457 9.5 9.5 145.0 1938.0 60.5625
2925.0037975050136 37.0 1.0 1671.0 98.29411764705883 12776.608142057828 319.4152035514457 9.5 9.5 145.0 1938.0 60.5625
2926.004885589796 37.0 1.0 1672.0 98.35294117647058 12776.608142057828 319.4152035514457 9.5 9.5 145.0 1938.0 60.5625
2927.0037975050136 37.0 1.0 1672.0 98.35294117647058 12778.608142057828 319.4652035514457 9.5 9.5 145.0 1938.0 60.5625
2928.004885589796 37.0 1.0 1673.0 98.41176470588238 12778.608142057828 319.4652035514457 9.5 9.5 145.0 1938.0 60.5625
2929.0037975050136 37.0 1.0 1673.0 98.41176470588238 12780.608142057828 319.5152035514457 9.5 9.5 145.0 1938.0 60.5625
2930.004885589796 37.0 1.0 1674.0 98.4705882352941 12780.608142057828 319.5152035514457 9.5 9.5 145.0 1938.0 60.5625
2931.0037975050136 37.0 1.0 1674.0 98.4705882352941 12782.608142057828 319.56520355144573 9.5 9.5 145.0 1938.0 60.5625
2932.004885589796 37.0 1.0 1675.0 98.5294117647059 12782.608142057828 319.56520355144573 9.5 9.5 145.0 1938.0 60.5625
2933.0037975050136 37.0 1.0 1675.0 98.5294117647059 12784.608142057828 319.6152035514457 9.5 9.5 145.0 1938.0 60.5625
2934.004885589796 37.0 1.0 1676.0 98.58823529411762 12784.608142057828 319.6152035514457 9.5 9.5 145.0 1938.0 60.5625
2935.0037975050136 37.0 1.0 1676.0 98.58823529411762 12786.608142057828 319.6652035514457 9.5 9.5 145.0 1938.0 60.5625
2936.004885589796 37.0 1.0 1677.0 98.64705882352942 12786.608142057828 319.6652035514457 9.5 9.5 145.0 1938.0 60.5625
2937.0037975050136 37.0 1.0 1677.0 98.64705882352942 12788.608142057828 319.7152035514457 9.5 9.5 145.0 1938.0 60.5625
2938.004885589796 37.0 1.0 1678.0 98.70588235294117 12788.608142057828 319.7152035514457 9.5 9.5 145.0 1938.0 60.5625
2939.0037975050136 37.0 1.0 1678.0 98.70588235294117 12790.608142057828 319.7652035514457 9.5 9.5 145.0 1938.0 60.5625
2940.004885589796 37.0 1.0 1679.0 98.76470588235294 12790.608142057828 319.7652035514457 9.5 9.5 145.0 1938.0 60.5625
2941.0037975050136 37.0 1.0 1679.0 98.76470588235294 12792.608142057828 319.81520355144573 9.5 9.5 145.0 1938.0 60.5625
2942.004885589796 37.0 1.0 1680.0 98.82352941176471 12792.608142057828 319.81520355144573 9.5 9.5 145.0 1938.0 60.5625
2943.0037975050136 37.0 1.0 1680.0 98.82352941176471 12794.608142057828 319.8652035514457 9.5 9.5 145.0 1938.0 60.5625
2944.004885589796 37.0 1.0 1681.0 98.88235294117646 12794.608142057828 319.8652035514457 9.5 9.5 145.0 1938.0 60.5625
2945.0037975050136 37.0 1.0 1681.0 98.88235294117646 12796.608142057828 319.9152035514457 9.5 9.5 145.0 1938.0 60.5625
2946.004885589796 37.0 1.0 1682.0 98.94117647058823 12796.608142057828 319.9152035514457 9.5 9.5 145.0 1938.0 60.5625
2947.0037975050136 37.0 1.0 1682.0 98.94117647058823 12798.608142057828 319.9652035514457 9.5 9.5 145.0 1938.0 60.5625
2948.004885589796 37.0 1.0 1683.0 99.0 12798.608142057828 319.9652035514457 9.5 9.5 145.0 1938.0 60.5625
2949.0037975050136 37.0 1.0 1683.0 99.0 12800.608142057828 320.0152035514457 9.5 9.5 145.0 1938.0 60.5625
2950.004885589796 37.0 1.0 1684.0 99.05882352941177 12800.608142057828 320.0152035514457 9.5 9.5 145.0 1938.0 60.5625
2951.0037975050136 37.0 1.0 1684.0 99.05882352941177 12802.608142057828 320.06520355144573 9.5 9.5 145.0 1938.0 60.5625
2952.004885589796 37.0 1.0 1685.0 99.11764705882354 12802.608142057828 320.06520355144573 9.5 9.5 145.0 1938.0 60.5625
2953.0037975050136 37.0 1.0 1685.0 99.11764705882354 12804.608142057828 320.1152035514457 9.5 9.5 145.0 1938.0 60.5625
2954.004885589796 37.0 1.0 1686.0 99.17647058823529 12804.608142057828 320.1152035514457 9.5 9.5 145.0 1938.0 60.5625
2955.0037975050136 37.0 1.0 1686.0 99.17647058823529 12806.608142057828 320.1652035514457 9.475 9.475 145.0 1938.0 60.5625
2956.004885589796 37.0 1.0 1687.0 99.23529411764706 12806.608142057828 320.1652035514457 9.45 9.45 145.0 1938.0 60.5625
2957.0037975050136 37.0 1.0 1687.0 99.23529411764706 12808.608142057828 320.2152035514457 9.45 9.45 145.0 1938.0 60.5625
2958.004885589796 37.0 1.0 1688.0 99.29411764705883 12808.608142057828 320.2152035514457 9.45 9.45 145.0 1938.0 60.5625
2959.0037975050136 37.0 1.0 1688.0 99.29411764705883 12810.608142057828 320.2652035514457 9.45 9.45 145.0 1938.0 60.5625
2960.004885589796 37.0 1.0 1689.0 99.35294117647058 12810.608142057828 320.2652035514457 9.45 9.45 145.0 1938.0 60.5625
2961.0037975050136 37.0 1.0 1689.0 99.35294117647058 12812.608142057828 320.31520355144573 9.45 9.45 145.0 1938.0 60.5625
2962.004885589796 37.0 1.0 1690.0 99.41176470588238 12812.608142057828 320.31520355144573 9.45 9.45 145.0 1938.0 60.5625
2963.0037975050136 37.0 1.0 1690.0 99.41176470588238 12814.608142057828 320.3652035514457 9.45 9.45 145.0 1938.0 60.5625
2964.004885589796 37.0 1.0 1691.0 99.4705882352941 12814.608142057828 320.3652035514457 9.45 9.45 145.0 1938.0 60.5625
2965.0037975050136 37.0 1.0 1691.0 99.4705882352941 12816.608142057828 320.4152035514457 9.45 9.45 145.0 1938.0 60.5625
2966.004885589796 37.0 1.0 1692.0 99.5294117647059 12816.608142057828 320.4152035514457 9.45 9.45 145.0 1938.0 60.5625
2967.0037975050136 37.0 1.0 1692.0 99.5294117647059 12818.608142057828 320.4652035514457 9.45 9.45 145.0 1938.0 60.5625
2968.004885589796 37.0 1.0 1693.0 99.58823529411762 12818.608142057828 320.4652035514457 9.45 9.45 145.0 1938.0 60.5625
2969.0037975050136 37.0 1.0 1693.0 99.58823529411762 12819.903462433043 320.49758656082616 9.45 9.45 145.0 1939.0 60.59375
2970.004885589796 37.0 1.0 1694.0 99.64705882352942 12819.903462433043 320.49758656082616 9.45 9.45 145.0 1939.0 60.59375
2971.0037975050136 37.0 1.0 1694.0 99.64705882352942 12820.90379003424 320.52259475085594 9.45 9.45 145.0 1939.0 60.59375
2972.004885589796 37.0 1.0 1695.0 99.70588235294117 12820.90379003424 320.52259475085594 9.45 9.45 145.0 1939.0 60.59375
2973.0037975050136 37.0 1.0 1695.0 99.70588235294117 12822.90379003424 320.57259475085596 9.45 9.45 145.0 1939.0 60.59375
2974.004885589796 37.0 1.0 1696.0 99.76470588235294 12822.90379003424 320.57259475085596 9.45 9.45 145.0 1939.0 60.59375
2975.0037975050136 37.0 1.0 1696.0 99.76470588235294 12824.90379003424 320.62259475085597 9.45 9.45 145.0 1939.0 60.59375
2976.004885589796 37.0 1.0 1697.0 99.82352941176471 12824.90379003424 320.62259475085597 9.45 9.45 145.0 1939.0 60.59375
2977.0037975050136 37.0 1.0 1697.0 99.82352941176471 12826.90379003424 320.6725947508559 9.45 9.45 145.0 1939.0 60.59375
2978.004885589796 37.0 1.0 1698.0 99.88235294117646 12826.90379003424 320.6725947508559 9.45 9.45 145.0 1939.0 60.59375
2979.0037975050136 37.0 1.0 1698.0 99.88235294117646 12828.90379003424 320.72259475085593 9.45 9.45 145.0 1939.0 60.59375
2980.004885589796 37.0 1.0 1699.0 99.94117647058823 12828.90379003424 320.72259475085593 9.45 9.45 145.0 1939.0 60.59375
2981.0037975050136 37.0 1.0 1699.0 99.94117647058823 12830.90379003424 320.77259475085594 9.45 9.45 145.0 1939.0 60.59375
2982.004885589796 37.0 1.0 1700.0 100.0 12830.90379003424 320.77259475085594 9.45 9.45 145.0 1939.0 60.59375
2983.0037975050136 37.0 1.0 1700.0 100.0 12832.90379003424 320.82259475085596 9.45 9.45 145.0 1939.0 60.59375
2984.004885589796 37.0 1.0 1701.0 100.05882352941177 12832.90379003424 320.82259475085596 9.45 9.45 145.0 1939.0 60.59375
2985.0037975050136 37.0 1.0 1701.0 100.05882352941177 12834.90379003424 320.87259475085597 9.45 9.45 145.0 1939.0 60.59375
2986.004885589796 37.0 1.0 1702.0 100.11764705882354 12834.90379003424 320.87259475085597 9.45 9.45 145.0 1939.0 60.59375
2987.0037975050136 37.0 1.0 1702.0 100.11764705882354 12836.90379003424 320.9225947508559 9.45 9.45 145.0 1939.0 60.59375
2988.004885589796 37.0 1.0 1703.0 100.17647058823529 12836.90379003424 320.9225947508559 9.45 9.45 145.0 1939.0 60.59375
2989.0037975050136 37.0 1.0 1703.0 100.17647058823529 12838.90379003424 320.97259475085593 9.45 9.45 145.0 1939.0 60.59375
2990.004885589796 37.0 1.0 1704.0 100.23529411764706 12838.90379003424 320.97259475085593 9.45 9.45 145.0 1939.0 60.59375
2991.0037975050136 37.0 1.0 1704.0 100.23529411764706 12840.90379003424 321.02259475085594 9.45 9.45 145.0 1939.0 60.59375
2992.004885589796 37.0 1.0 1705.0 100.29411764705883 12840.90379003424 321.02259475085594 9.45 9.45 145.0 1939.0 60.59375
2993.0037975050136 37.0 1.0 1705.0 100.29411764705883 12842.90379003424 321.07259475085596 9.475 9.475 145.0 1939.0 60.59375
2994.004885589796 37.0 0.0 1705.0 100.29411764705883 12842.90379003424 321.07259475085596 9.5 9.5 145.0 1939.0 60.59375
2995.0037975050136 37.0 1.0 1706.0 100.35294117647058 12844.90379003424 321.12259475085597 9.5 9.5 145.0 1939.0 60.59375
2996.004885589796 37.0 1.0 1706.0 100.35294117647058 12845.90379003424 321.14759475085594 9.5 9.5 132.0 1939.0 60.59375
2997.0037975050136 37.0 1.0 1707.0 100.41176470588238 12846.90379003424 321.1725947508559 9.5 9.5 132.0 1939.0 60.59375
2998.004885589796 37.0 1.0 1707.0 100.41176470588238 12846.90379003424 321.1725947508559 9.5 9.5 132.0 1939.0 60.59375
2999.0037975050136 37.0 1.0 1708.0 100.4705882352941 12847.90379003424 321.19759475085596 9.5 9.5 132.0 1939.0 60.59375
3000.004885589796 37.0 1.0 1708.0 100.4705882352941 12847.90379003424 321.19759475085596 9.5 9.5 132.0 1939.0 60.59375
3001.0037975050136 37.0 1.0 1709.0 100.5294117647059 12848.90379003424 321.22259475085593 9.5 9.5 132.0 1939.0 60.59375
3002.004885589796 37.0 1.0 1709.0 100.5294117647059 12848.90379003424 321.22259475085593 9.5 9.5 132.0 1939.0 60.59375
3003.0037975050136 37.0 1.0 1710.0 100.58823529411762 12849.90379003424 321.24759475085597 9.5 9.5 132.0 1939.0 60.59375
3004.004885589796 37.0 1.0 1710.0 100.58823529411762 12849.90379003424 321.24759475085597 9.5 9.5 132.0 1939.0 60.59375
3005.0037975050136 37.0 1.0 1711.0 100.64705882352942 12850.90379003424 321.27259475085594 9.5 9.5 132.0 1939.0 60.59375
3006.004885589796 37.0 1.0 1711.0 100.64705882352942 12850.90379003424 321.27259475085594 9.5 9.5 132.0 1939.0 60.59375
3007.0037975050136 37.0 1.0 1712.0 100.70588235294117 12851.90379003424 321.2975947508559 9.5 9.5 132.0 1939.0 60.59375
3008.004885589796 37.0 1.0 1712.0 100.70588235294117 12851.90379003424 321.2975947508559 9.5 9.5 132.0 1939.0 60.59375
3009.0037975050136 37.0 1.0 1713.0 100.76470588235294 12852.90379003424 321.32259475085596 9.5 9.5 132.0 1939.0 60.59375
3010.004885589796 37.0 1.0 1713.0 100.76470588235294 12852.90379003424 321.32259475085596 9.5 9.5 132.0 1939.0 60.59375
3011.0037975050136 37.0 1.0 1714.0 100.82352941176471 12853.90379003424 321.34759475085593 9.5 9.5 132.0 1939.0 60.59375
3012.004885589796 37.0 1.0 1714.0 100.82352941176471 12853.90379003424 321.34759475085593 9.5 9.5 132.0 1939.0 60.59375
3013.0037975050136 37.0 1.0 1715.0 100.88235294117646 12854.90379003424 321.37259475085597 9.5 9.5 132.0 1939.0 60.59375
3014.004885589796 37.0 1.0 1715.0 100.88235294117646 12854.90379003424 321.37259475085597 9.5 9.5 132.0 1939.0 60.59375
3015.0037975050136 37.0 1.0 1716.0 100.94117647058823 12855.90379003424 321.39759475085594 9.5 9.5 132.0 1939.0 60.59375
3016.004885589796 37.0 1.0 1716.0 100.94117647058823 12855.90379003424 321.39759475085594 9.5 9.5 132.0 1939.0 60.59375
3017.0037975050136 37.0 1.0 1717.0 101.0 12856.90379003424 321.4225947508559 9.5 9.5 132.0 1939.0 60.59375
3018.004885589796 37.0 1.0 1717.0 101.0 12856.90379003424 321.4225947508559 9.5 9.5 132.0 1939.0 60.59375
3019.0037975050136 37.0 1.0 1718.0 101.05882352941177 12857.90379003424 321.44759475085596 9.5 9.5 132.0 1939.0 60.59375
3020.004885589796 37.0 1.0 1718.0 101.05882352941177 12857.90379003424 321.44759475085596 9.5 9.5 132.0 1939.0 60.59375
3021.0037975050136 37.0 1.0 1719.0 101.11764705882354 12858.90379003424 321.47259475085593 9.5 9.5 132.0 1939.0 60.59375
3022.004885589796 37.0 1.0 1719.0 101.11764705882354 12858.90379003424 321.47259475085593 9.5 9.5 132.0 1939.0 60.59375
3023.0037975050136 37.0 1.0 1720.0 101.17647058823529 12859.90379003424 321.49759475085597 9.5 9.5 132.0 1939.0 60.59375
3024.004885589796 37.0 1.0 1720.0 101.17647058823529 12859.90379003424 321.49759475085597 9.5 9.5 132.0 1939.0 60.59375
3025.0037975050136 37.0 1.0 1721.0 101.23529411764706 12860.90379003424 321.52259475085594 9.5 9.5 132.0 1939.0 60.59375
3026.004885589796 37.0 1.0 1721.0 101.23529411764706 12860.90379003424 321.52259475085594 9.5 9.5 132.0 1939.0 60.59375
3027.0037975050136 37.0 1.0 1722.0 101.29411764705883 12861.90379003424 321.5475947508559 9.5 9.5 132.0 1939.0 60.59375
3028.004885589796 37.0 1.0 1722.0 101.29411764705883 12861.90379003424 321.5475947508559 9.5 9.5 132.0 1939.0 60.59375
3029.0037975050136 37.0 1.0 1723.0 101.35294117647058 12862.90379003424 321.57259475085596 9.5 9.5 132.0 1939.0 60.59375
3030.004885589796 37.0 1.0 1723.0 101.35294117647058 12862.90379003424 321.57259475085596 9.5 9.5 132.0 1939.0 60.59375
3031.0037975050136 37.0 1.0 1724.0 101.41176470588238 12863.90379003424 321.59759475085593 9.5 9.5 132.0 1939.0 60.59375
3032.004885589796 37.0 1.0 1724.0 101.41176470588238 12863.90379003424 321.59759475085593 9.5 9.5 132.0 1939.0 60.59375
3033.0037975050136 37.0 1.0 1725.0 101.4705882352941 12864.90379003424 321.62259475085597 9.5 9.5 132.0 1939.0 60.59375
3034.004885589796 37.0 1.0 1725.0 101.4705882352941 12864.90379003424 321.62259475085597 9.5 9.5 132.0 1939.0 60.59375
3035.0037975050136 37.0 1.0 1726.0 101.5294117647059 12865.90379003424 321.64759475085594 9.5 9.5 132.0 1939.0 60.59375
3036.004885589796 37.0 1.0 1726.0 101.5294117647059 12865.90379003424 321.64759475085594 9.5 9.5 132.0 1939.0 60.59375
3037.0037975050136 37.0 1.0 1727.0 101.58823529411762 12866.90379003424 321.6725947508559 9.5 9.5 132.0 1939.0 60.59375
3038.004885589796 37.0 1.0 1727.0 101.58823529411762 12866.90379003424 321.6725947508559 9.5 9.5 132.0 1939.0 60.59375
3039.0037975050136 37.0 1.0 1728.0 101.64705882352942 12867.90379003424 321.69759475085596 9.5 9.5 132.0 1939.0 60.59375
3040.004885589796 37.0 1.0 1728.0 101.64705882352942 12867.90379003424 321.69759475085596 9.5 9.5 132.0 1939.0 60.59375
3041.0037975050136 37.0 1.0 1729.0 101.70588235294117 12868.90379003424 321.72259475085593 9.5 9.5 132.0 1939.0 60.59375
3042.004885589796 37.0 1.0 1729.0 101.70588235294117 12868.90379003424 321.72259475085593 9.5 9.5 132.0 1939.0 60.59375
3043.0037975050136 37.0 1.0 1730.0 101.76470588235294 12869.90379003424 321.74759475085597 9.5 9.5 132.0 1939.0 60.59375
3044.004885589796 37.0 1.0 1730.0 101.76470588235294 12869.90379003424 321.74759475085597 9.5 9.5 132.0 1939.0 60.59375
3045.0037975050136 37.0 1.0 1731.0 101.82352941176471 12870.90379003424 321.77259475085594 9.5 9.5 132.0 1939.0 60.59375
3046.004885589796 37.0 1.0 1731.0 101.82352941176471 12870.90379003424 321.77259475085594 9.5 9.5 132.0 1939.0 60.59375
3047.0037975050136 37.0 1.0 1732.0 101.88235294117646 12871.90379003424 321.797594750856 9.5 9.5 132.0 1939.0 60.59375
3048.004885589796 37.0 1.0 1732.0 101.88235294117646 12871.90379003424 321.797594750856 9.5 9.5 132.0 1939.0 60.59375
3049.0037975050136 37.0 1.0 1733.0 101.94117647058823 12872.90379003424 321.82259475085596 9.5 9.5 132.0 1939.0 60.59375
3050.004885589796 37.0 1.0 1733.0 101.94117647058823 12872.90379003424 321.82259475085596 9.5 9.5 132.0 1939.0 60.59375
3051.0037975050136 37.0 1.0 1734.0 102.0 12873.90379003424 321.84759475085593 9.5 9.5 132.0 1939.0 60.59375
3052.004885589796 37.0 1.0 1734.0 102.0 12873.90379003424 321.84759475085593 9.5 9.5 132.0 1939.0 60.59375
3053.0037975050136 37.0 1.0 1735.0 102.05882352941177 12874.90379003424 321.87259475085597 9.5 9.5 132.0 1939.0 60.59375
3054.004885589796 37.0 1.0 1735.0 102.05882352941177 12874.90379003424 321.87259475085597 9.5 9.5 132.0 1939.0 60.59375
3055.0037975050136 37.0 1.0 1736.0 102.11764705882354 12875.90379003424 321.89759475085594 9.5 9.5 132.0 1939.0 60.59375
3056.004885589796 37.0 1.0 1736.0 102.11764705882354 12875.90379003424 321.89759475085594 9.5 9.5 132.0 1939.0 60.59375
3057.0037975050136 37.0 1.0 1737.0 102.17647058823529 12876.90379003424 321.922594750856 9.5 9.5 132.0 1939.0 60.59375
3058.004885589796 37.0 1.0 1737.0 102.17647058823529 12876.90379003424 321.922594750856 9.5 9.5 132.0 1939.0 60.59375
3059.0037975050136 37.0 1.0 1738.0 102.23529411764706 12877.90379003424 321.94759475085596 9.5 9.5 132.0 1939.0 60.59375
3060.004885589796 37.0 1.0 1738.0 102.23529411764706 12877.90379003424 321.94759475085596 9.5 9.5 132.0 1939.0 60.59375
3061.0037975050136 37.0 1.0 1739.0 102.29411764705883 12878.90379003424 321.97259475085593 9.5 9.5 132.0 1939.0 60.59375
3062.004885589796 37.0 1.0 1739.0 102.29411764705883 12878.90379003424 321.97259475085593 9.5 9.5 132.0 1939.0 60.59375
3063.0037975050136 37.0 1.0 1740.0 102.35294117647058 12879.90379003424 321.99759475085597 9.5 9.5 132.0 1939.0 60.59375
3064.004885589796 37.0 1.0 1740.0 102.35294117647058 12879.90379003424 321.99759475085597 9.5 9.5 132.0 1939.0 60.59375
3065.0037975050136 37.0 1.0 1741.0 102.41176470588238 12880.90379003424 322.02259475085594 9.5 9.5 132.0 1939.0 60.59375
3066.004885589796 37.0 1.0 1741.0 102.41176470588238 12880.90379003424 322.02259475085594 9.5 9.5 132.0 1939.0 60.59375
3067.0037975050136 37.0 1.0 1742.0 102.4705882352941 12881.90379003424 322.047594750856 9.5 9.5 132.0 1939.0 60.59375
3068.004885589796 37.0 1.0 1742.0 102.4705882352941 12881.90379003424 322.047594750856 9.5 9.5 132.0 1939.0 60.59375
3069.0037975050136 37.0 1.0 1743.0 102.5294117647059 12882.90379003424 322.07259475085596 9.5 9.5 132.0 1939.0 60.59375
3070.004885589796 37.0 1.0 1743.0 102.5294117647059 12882.90379003424 322.07259475085596 9.5 9.5 132.0 1939.0 60.59375
3071.0037975050136 37.0 1.0 1744.0 102.58823529411762 12883.90379003424 322.09759475085593 9.5 9.5 132.0 1939.0 60.59375
3072.004885589796 37.0 1.0 1744.0 102.58823529411762 12883.90379003424 322.09759475085593 9.5 9.5 132.0 1939.0 60.59375
3073.0037975050136 37.0 1.0 1745.0 102.64705882352942 12884.90379003424 322.12259475085597 9.5 9.5 132.0 1939.0 60.59375
3074.004885589796 37.0 1.0 1745.0 102.64705882352942 12884.90379003424 322.12259475085597 9.5 9.5 132.0 1939.0 60.59375
3075.0037975050136 37.0 1.0 1746.0 102.70588235294117 12885.90379003424 322.14759475085594 9.5 9.5 132.0 1939.0 60.59375
3076.004885589796 37.0 1.0 1746.0 102.70588235294117 12885.90379003424 322.14759475085594 9.5 9.5 132.0 1939.0 60.59375
3077.0037975050136 37.0 1.0 1747.0 102.76470588235294 12886.90379003424 322.172594750856 9.5 9.5 132.0 1939.0 60.59375
3078.004885589796 37.0 1.0 1747.0 102.76470588235294 12886.90379003424 322.172594750856 9.5 9.5 132.0 1939.0 60.59375
3079.0037975050136 37.0 1.0 1748.0 102.82352941176471 12887.90379003424 322.19759475085596 9.5 9.5 132.0 1939.0 60.59375
3080.004885589796 37.0 1.0 1748.0 102.82352941176471 12887.90379003424 322.19759475085596 9.5 9.5 132.0 1939.0 60.59375
3081.0037975050136 37.0 1.0 1749.0 102.88235294117646 12888.90379003424 322.22259475085593 9.5 9.5 132.0 1939.0 60.59375
3082.004885589796 37.0 1.0 1749.0 102.88235294117646 12888.90379003424 322.22259475085593 9.5 9.5 132.0 1939.0 60.59375
3083.0037975050136 37.0 1.0 1750.0 102.94117647058823 12889.90379003424 322.24759475085597 9.5 9.5 132.0 1939.0 60.59375
3084.004885589796 37.0 1.0 1750.0 102.94117647058823 12889.90379003424 322.24759475085597 9.5 9.5 132.0 1939.0 60.59375
3085.0037975050136 37.0 1.0 1751.0 103.0 12890.90379003424 322.27259475085594 9.5 9.5 132.0 1939.0 60.59375
3086.004885589796 37.0 1.0 1751.0 103.0 12890.90379003424 322.27259475085594 9.5 9.5 132.0 1939.0 60.59375
3087.0037975050136 37.0 1.0 1752.0 103.05882352941177 12891.90379003424 322.297594750856 9.5 9.5 132.0 1939.0 60.59375
3088.004885589796 37.0 1.0 1752.0 103.05882352941177 12891.90379003424 322.297594750856 9.5 9.5 132.0 1939.0 60.59375
3089.0037975050136 37.0 1.0 1753.0 103.11764705882354 12892.90379003424 322.32259475085596 9.5 9.5 132.0 1939.0 60.59375
3090.004885589796 37.0 1.0 1753.0 103.11764705882354 12892.90379003424 322.32259475085596 9.5 9.5 132.0 1939.0 60.59375
3091.0037975050136 37.0 1.0 1754.0 103.17647058823529 12893.90379003424 322.34759475085593 9.5 9.5 132.0 1939.0 60.59375
3092.004885589796 37.0 1.0 1754.0 103.17647058823529 12893.90379003424 322.34759475085593 9.5 9.5 132.0 1939.0 60.59375
3093.0037975050136 37.0 1.0 1755.0 103.23529411764706 12894.90379003424 322.37259475085597 9.5 9.5 132.0 1939.0 60.59375
3094.004885589796 37.0 1.0 1755.0 103.23529411764706 12894.90379003424 322.37259475085597 9.5 9.5 132.0 1939.0 60.59375
3095.0037975050136 37.0 1.0 1756.0 103.29411764705883 12895.90379003424 322.39759475085594 9.5 9.5 132.0 1939.0 60.59375
3096.004885589796 37.0 1.0 1756.0 103.29411764705883 12895.90379003424 322.39759475085594 9.5 9.5 132.0 1939.0 60.59375
3097.0037975050136 37.0 1.0 1757.0 103.35294117647058 12896.90379003424 322.4225947508559 9.5 9.5 132.0 1939.0 60.59375
3098.004885589796 37.0 1.0 1757.0 103.35294117647058 12896.90379003424 322.4225947508559 9.5 9.5 132.0 1939.0 60.59375
3099.0037975050136 37.0 1.0 1758.0 103.41176470588238 12897.90379003424 322.44759475085596 9.5 9.5 132.0 1939.0 60.59375
3100.004885589796 37.0 1.0 1758.0 103.41176470588238 12897.90379003424 322.44759475085596 9.5 9.5 132.0 1939.0 60.59375
3101.0037975050136 37.0 1.0 1759.0 103.4705882352941 12898.90379003424 322.47259475085593 9.475 9.475 132.0 1939.0 60.59375
3102.004885589796 37.0 1.0 1759.0 103.4705882352941 12898.90379003424 322.47259475085593 9.475 9.475 132.0 1939.0 60.59375
3103.0037975050136 37.0 1.0 1760.0 103.5294117647059 12899.90379003424 322.49759475085597 9.45 9.45 132.0 1939.0 60.59375
3104.004885589796 37.0 1.0 1760.0 103.5294117647059 12899.90379003424 322.49759475085597 9.45 9.45 132.0 1939.0 60.59375
3105.0037975050136 37.0 1.0 1761.0 103.58823529411762 12900.726449076092 322.51816122690235 9.45 9.45 132.0 1940.0 60.625
3106.004885589796 37.0 1.0 1761.0 103.58823529411762 12900.726449076092 322.51816122690235 9.45 9.45 132.0 1940.0 60.625
3107.0037975050136 37.0 1.0 1762.0 103.64705882352942 12900.726492821826 322.51816232054574 9.45 9.45 132.0 1940.0 60.625
3108.004885589796 37.0 1.0 1762.0 103.64705882352942 12900.726492821826 322.51816232054574 9.45 9.45 132.0 1940.0 60.625
3109.0037975050136 37.0 1.0 1763.0 103.70588235294117 12901.726492821826 322.5431623205457 9.45 9.45 132.0 1940.0 60.625
3110.004885589796 37.0 1.0 1763.0 103.70588235294117 12901.726492821826 322.5431623205457 9.45 9.45 132.0 1940.0 60.625
3111.0037975050136 37.0 1.0 1764.0 103.76470588235294 12902.726492821826 322.5681623205457 9.475 9.475 132.0 1940.0 60.625
3112.004885589796 37.0 1.0 1764.0 103.76470588235294 12902.726492821826 322.5681623205457 9.475 9.475 132.0 1940.0 60.625
3113.0037975050136 37.0 0.0 1764.0 103.76470588235294 12903.726492821826 322.59316232054573 9.5 9.5 132.0 1940.0 60.625
3114.004885589796 37.0 0.0 1764.0 103.76470588235294 12903.726492821826 322.59316232054573 9.5 9.5 132.0 1940.0 60.625
3115.0037975050136 37.0 0.0 1764.0 103.76470588235294 12905.726492821826 322.64316232054574 9.5 9.5 107.0 1940.0 60.625
3116.004885589796 37.0 0.0 1764.0 103.76470588235294 12906.726492821826 322.6681623205457 9.5 9.5 118.0 1940.0 60.625
3117.0037975050136 37.0 0.0 1764.0 103.76470588235294 12908.726492821826 322.71816232054573 9.5 9.5 118.0 1940.0 60.625
3118.004885589796 37.0 0.0 1764.0 103.76470588235294 12909.726492821826 322.7431623205457 9.5 9.5 118.0 1940.0 60.625
3119.0037975050136 37.0 0.0 1764.0 103.76470588235294 12911.726492821826 322.7931623205457 9.5 9.5 118.0 1940.0 60.625
3120.004885589796 37.0 0.0 1764.0 103.76470588235294 12912.726492821826 322.8181623205457 9.5 9.5 118.0 1940.0 60.625
3121.0037975050136 37.0 0.0 1764.0 103.76470588235294 12914.726492821826 322.8681623205457 9.525 9.525 118.0 1940.0 60.625
3122.004885589796 37.0 0.0 1764.0 103.76470588235294 12915.726492821826 322.89316232054574 9.55 9.55 118.0 1940.0 60.625
3123.0037975050136 37.0 0.0 1764.0 103.76470588235294 12917.726492821826 322.9431623205457 9.55 9.55 118.0 1940.0 60.625
3124.004885589796 37.0 0.0 1764.0 103.76470588235294 12918.726492821826 322.96816232054573 9.55 9.55 118.0 1940.0 60.625
3125.0037975050136 37.0 0.0 1764.0 103.76470588235294 12920.726492821826 323.01816232054574 9.55 9.55 118.0 1940.0 60.625
3126.004885589796 37.0 0.0 1764.0 103.76470588235294 12921.726492821826 323.0431623205457 9.55 9.55 118.0 1940.0 60.625
3127.0037975050136 37.0 0.0 1764.0 103.76470588235294 12923.726492821826 323.09316232054573 9.575 9.575 118.0 1940.0 60.625
3128.004885589796 37.0 0.0 1764.0 103.76470588235294 12924.726492821826 323.1181623205457 9.6 9.6 118.0 1940.0 60.625
3129.0037975050136 37.0 0.0 1764.0 103.76470588235294 12926.726492821826 323.1681623205457 9.6 9.6 118.0 1940.0 60.625
3130.004885589796 37.0 0.0 1764.0 103.76470588235294 12927.726492821826 323.1931623205457 9.6 9.6 118.0 1940.0 60.625
3131.0037975050136 37.0 0.0 1764.0 103.76470588235294 12929.726492821826 323.2431623205457 9.6 9.6 118.0 1940.0 60.625
3132.004885589796 37.0 0.0 1764.0 103.76470588235294 12930.726492821826 323.26816232054574 9.6 9.6 118.0 1940.0 60.625
3133.0037975050136 37.0 0.0 1764.0 103.76470588235294 12932.726492821826 323.3181623205457 9.6 9.6 118.0 1940.0 60.625
3134.004885589796 37.0 0.0 1764.0 103.76470588235294 12933.726492821826 323.34316232054573 9.6 9.6 118.0 1940.0 60.625
3135.0037975050136 37.0 0.0 1764.0 103.76470588235294 12935.726492821826 323.39316232054574 9.6 9.6 118.0 1940.0 60.625
3136.004885589796 37.0 0.0 1764.0 103.76470588235294 12936.726492821826 323.4181623205457 9.6 9.6 118.0 1940.0 60.625
3137.0037975050136 37.0 0.0 1764.0 103.76470588235294 12938.726492821826 323.46816232054573 9.6 9.6 118.0 1940.0 60.625
3138.004885589796 37.0 0.0 1764.0 103.76470588235294 12939.726492821826 323.4931623205457 9.6 9.6 118.0 1940.0 60.625
3139.0037975050136 37.0 0.0 1764.0 103.76470588235294 12941.726492821826 323.5431623205457 9.6 9.6 118.0 1940.0 60.625
3140.004885589796 37.0 0.0 1764.0 103.76470588235294 12942.726492821826 323.5681623205457 9.6 9.6 118.0 1940.0 60.625
3141.0037975050136 37.0 0.0 1764.0 103.76470588235294 12944.726492821826 323.6181623205457 9.6 9.6 118.0 1940.0 60.625
3142.004885589796 37.0 0.0 1764.0 103.76470588235294 12945.726492821826 323.64316232054574 9.6 9.6 118.0 1940.0 60.625
3143.0037975050136 37.0 0.0 1764.0 103.76470588235294 12947.726492821826 323.6931623205457 9.6 9.6 118.0 1940.0 60.625
3144.004885589796 37.0 0.0 1764.0 103.76470588235294 12948.25232522351 323.7063081305878 9.6 9.6 118.0 1941.0 60.65625
3145.0037975050136 37.0 0.0 1764.0 103.76470588235294 12950.25232522351 323.75630813058774 9.6 9.6 118.0 1941.0 60.65625
3146.004885589796 37.0 0.0 1764.0 103.76470588235294 12950.25269334323 323.7563173335808 9.6 9.6 118.0 1941.0 60.65625
3147.0037975050136 37.0 0.0 1764.0 103.76470588235294 12952.25269334323 323.8063173335808 9.6 9.6 118.0 1941.0 60.65625
3148.004885589796 37.0 0.0 1764.0 103.76470588235294 12953.25269334323 323.8313173335808 9.6 9.6 118.0 1941.0 60.65625
3149.0037975050136 37.0 0.0 1764.0 103.76470588235294 12955.25269334323 323.8813173335808 9.6 9.6 118.0 1941.0 60.65625
3150.004885589796 37.0 0.0 1764.0 103.76470588235294 12956.25269334323 323.9063173335808 9.6 9.6 118.0 1941.0 60.65625
3151.0037975050136 37.0 0.0 1764.0 103.76470588235294 12958.25269334323 323.9563173335808 9.625 9.625 118.0 1941.0 60.65625
3152.004885589796 37.0 0.0 1764.0 103.76470588235294 12959.25269334323 323.98131733358076 9.65 9.65 118.0 1941.0 60.65625
3153.0037975050136 37.0 1.0 1765.0 103.82352941176471 12961.25269334323 324.0313173335808 9.7 9.7 105.0 1941.0 60.65625
3154.004885589796 37.0 1.0 1765.0 103.82352941176471 12962.25269334323 324.0563173335808 9.7 9.7 105.0 1941.0 60.65625
3155.0037975050136 37.0 1.0 1766.0 103.88235294117646 12962.25269334323 324.0563173335808 9.7 9.7 105.0 1941.0 60.65625
3156.004885589796 37.0 1.0 1766.0 103.88235294117646 12962.25269334323 324.0563173335808 9.7 9.7 105.0 1941.0 60.65625
3157.0037975050136 37.0 1.0 1767.0 103.94117647058822 12962.25269334323 324.0563173335808 9.7 9.7 105.0 1941.0 60.65625
3158.004885589796 37.0 1.0 1767.0 103.94117647058822 12962.25269334323 324.0563173335808 9.7 9.7 105.0 1941.0 60.65625
3159.0037975050136 37.0 1.0 1768.0 104.0 12962.25269334323 324.0563173335808 9.7 9.7 105.0 1941.0 60.65625
3160.004885589796 37.0 1.0 1768.0 104.0 12962.25269334323 324.0563173335808 9.7 9.7 105.0 1941.0 60.65625
3161.0037975050136 37.0 1.0 1769.0 104.05882352941178 12962.25269334323 324.0563173335808 9.7 9.7 105.0 1941.0 60.65625
3162.004885589796 37.0 1.0 1769.0 104.05882352941178 12962.25269334323 324.0563173335808 9.7 9.7 105.0 1941.0 60.65625
3163.0037975050136 37.0 1.0 1770.0 104.11764705882354 12962.25269334323 324.0563173335808 9.7 9.7 105.0 1941.0 60.65625
3164.004885589796 37.0 1.0 1770.0 104.11764705882354 12962.25269334323 324.0563173335808 9.7 9.7 105.0 1941.0 60.65625
3165.0037975050136 37.0 1.0 1771.0 104.17647058823529 12962.25269334323 324.0563173335808 9.7 9.7 105.0 1941.0 60.65625
3166.004885589796 37.0 1.0 1771.0 104.17647058823529 12962.25269334323 324.0563173335808 9.7 9.7 105.0 1941.0 60.65625
3167.0037975050136 37.0 1.0 1772.0 104.23529411764706 12962.25269334323 324.0563173335808 9.7 9.7 105.0 1941.0 60.65625
3168.004885589796 37.0 1.0 1772.0 104.23529411764706 12962.25269334323 324.0563173335808 9.7 9.7 105.0 1941.0 60.65625
3169.0037975050136 37.0 1.0 1773.0 104.29411764705883 12962.25269334323 324.0563173335808 9.7 9.7 105.0 1941.0 60.65625
3170.004885589796 37.0 1.0 1773.0 104.29411764705883 12962.25269334323 324.0563173335808 9.7 9.7 105.0 1941.0 60.65625
3171.0037975050136 37.0 1.0 1774.0 104.35294117647058 12962.25269334323 324.0563173335808 9.7 9.7 105.0 1941.0 60.65625
3172.004885589796 37.0 1.0 1774.0 104.35294117647058 12962.25269334323 324.0563173335808 9.7 9.7 105.0 1941.0 60.65625
3173.0037975050136 37.0 1.0 1775.0 104.41176470588238 12962.25269334323 324.0563173335808 9.7 9.7 105.0 1941.0 60.65625
3174.004885589796 37.0 1.0 1775.0 104.41176470588238 12962.25269334323 324.0563173335808 9.7 9.7 105.0 1941.0 60.65625
3175.0037975050136 37.0 1.0 1776.0 104.4705882352941 12962.25269334323 324.0563173335808 9.7 9.7 105.0 1941.0 60.65625
3176.004885589796 37.0 1.0 1776.0 104.4705882352941 12962.25269334323 324.0563173335808 9.7 9.7 105.0 1941.0 60.65625
3177.0037975050136 37.0 1.0 1777.0 104.5294117647059 12962.25269334323 324.0563173335808 9.7 9.7 105.0 1941.0 60.65625
3178.004885589796 37.0 1.0 1777.0 104.5294117647059 12962.25269334323 324.0563173335808 9.7 9.7 105.0 1941.0 60.65625
3179.0037975050136 37.0 1.0 1778.0 104.58823529411762 12962.25269334323 324.0563173335808 9.7 9.7 105.0 1941.0 60.65625
3180.004885589796 37.0 1.0 1778.0 104.58823529411762 12962.25269334323 324.0563173335808 9.7 9.7 105.0 1941.0 60.65625
3181.0037975050136 37.0 1.0 1779.0 104.64705882352942 12962.25269334323 324.0563173335808 9.7 9.7 105.0 1941.0 60.65625
3182.004885589796 37.0 1.0 1779.0 104.64705882352942 12962.25269334323 324.0563173335808 9.7 9.7 105.0 1941.0 60.65625
3183.0037975050136 37.0 1.0 1780.0 104.70588235294117 12962.25269334323 324.0563173335808 9.7 9.7 105.0 1941.0 60.65625
3184.004885589796 37.0 1.0 1780.0 104.70588235294117 12962.25269334323 324.0563173335808 9.7 9.7 105.0 1941.0 60.65625
3185.0037975050136 37.0 1.0 1781.0 104.76470588235294 12962.25269334323 324.0563173335808 9.7 9.7 105.0 1941.0 60.65625
3186.004885589796 37.0 1.0 1781.0 104.76470588235294 12962.25269334323 324.0563173335808 9.7 9.7 105.0 1941.0 60.65625
3187.0037975050136 37.0 1.0 1782.0 104.82352941176471 12962.25269334323 324.0563173335808 9.7 9.7 105.0 1941.0 60.65625
3188.004885589796 37.0 1.0 1782.0 104.82352941176471 12962.25269334323 324.0563173335808 9.7 9.7 105.0 1941.0 60.65625
3189.0037975050136 37.0 1.0 1783.0 104.88235294117646 12962.25269334323 324.0563173335808 9.7 9.7 105.0 1941.0 60.65625
3190.004885589796 37.0 1.0 1783.0 104.88235294117646 12962.25269334323 324.0563173335808 9.7 9.7 105.0 1941.0 60.65625
3191.0037975050136 37.0 1.0 1784.0 104.94117647058822 12962.25269334323 324.0563173335808 9.7 9.7 105.0 1941.0 60.65625
3192.004885589796 37.0 1.0 1784.0 104.94117647058822 12962.25269334323 324.0563173335808 9.7 9.7 105.0 1941.0 60.65625
3193.0037975050136 37.0 1.0 1785.0 105.0 12962.25269334323 324.0563173335808 9.7 9.7 105.0 1941.0 60.65625
3194.004885589796 37.0 1.0 1785.0 105.0 12962.25269334323 324.0563173335808 9.7 9.7 105.0 1941.0 60.65625
3195.0037975050136 37.0 1.0 1786.0 105.05882352941178 12962.25269334323 324.0563173335808 9.7 9.7 105.0 1941.0 60.65625
3196.004885589796 37.0 1.0 1786.0 105.05882352941178 12962.25269334323 324.0563173335808 9.7 9.7 105.0 1941.0 60.65625
3197.0037975050136 37.0 1.0 1787.0 105.11764705882354 12962.25269334323 324.0563173335808 9.7 9.7 105.0 1941.0 60.65625
3198.004885589796 37.0 1.0 1787.0 105.11764705882354 12962.25269334323 324.0563173335808 9.7 9.7 105.0 1941.0 60.65625
3199.0037975050136 37.0 1.0 1788.0 105.17647058823529 12962.25269334323 324.0563173335808 9.7 9.7 105.0 1941.0 60.65625
3200.004885589796 37.0 1.0 1788.0 105.17647058823529 12962.25269334323 324.0563173335808 9.7 9.7 105.0 1941.0 60.65625
3201.0037975050136 37.0 1.0 1789.0 105.23529411764706 12962.25269334323 324.0563173335808 9.7 9.7 105.0 1941.0 60.65625
3202.004885589796 37.0 1.0 1789.0 105.23529411764706 12962.25269334323 324.0563173335808 9.7 9.7 105.0 1941.0 60.65625
3203.0037975050136 37.0 1.0 1790.0 105.29411764705883 12962.25269334323 324.0563173335808 9.7 9.7 105.0 1941.0 60.65625
3204.004885589796 37.0 1.0 1790.0 105.29411764705883 12962.25269334323 324.0563173335808 9.7 9.7 105.0 1941.0 60.65625
3205.0037975050136 37.0 1.0 1791.0 105.35294117647058 12962.25269334323 324.0563173335808 9.7 9.7 105.0 1941.0 60.65625
3206.004885589796 37.0 1.0 1791.0 105.35294117647058 12962.25269334323 324.0563173335808 9.7 9.7 105.0 1941.0 60.65625
3207.0037975050136 37.0 1.0 1792.0 105.41176470588238 12962.25269334323 324.0563173335808 9.7 9.7 105.0 1941.0 60.65625
3208.004885589796 37.0 1.0 1792.0 105.41176470588238 12962.25269334323 324.0563173335808 9.7 9.7 105.0 1941.0 60.65625
3209.0037975050136 37.0 1.0 1793.0 105.4705882352941 12962.25269334323 324.0563173335808 9.7 9.7 105.0 1941.0 60.65625
3210.004885589796 37.0 1.0 1793.0 105.4705882352941 12962.25269334323 324.0563173335808 9.7 9.7 105.0 1941.0 60.65625
3211.0037975050136 37.0 1.0 1794.0 105.5294117647059 12962.25269334323 324.0563173335808 9.7 9.7 105.0 1941.0 60.65625
3212.004885589796 37.0 1.0 1794.0 105.5294117647059 12962.25269334323 324.0563173335808 9.7 9.7 105.0 1941.0 60.65625
3213.0037975050136 37.0 1.0 1795.0 105.58823529411762 12962.25269334323 324.0563173335808 9.7 9.7 105.0 1941.0 60.65625
3214.004885589796 37.0 1.0 1795.0 105.58823529411762 12962.25269334323 324.0563173335808 9.7 9.7 105.0 1941.0 60.65625
3215.0037975050136 37.0 1.0 1796.0 105.64705882352942 12962.25269334323 324.0563173335808 9.7 9.7 105.0 1941.0 60.65625
3216.004885589796 37.0 1.0 1796.0 105.64705882352942 12962.25269334323 324.0563173335808 9.7 9.7 105.0 1941.0 60.65625
3217.0037975050136 37.0 1.0 1797.0 105.70588235294117 12962.25269334323 324.0563173335808 9.7 9.7 105.0 1941.0 60.65625
3218.004885589796 37.0 1.0 1797.0 105.70588235294117 12962.25269334323 324.0563173335808 9.7 9.7 105.0 1941.0 60.65625
3219.0037975050136 37.0 1.0 1798.0 105.76470588235294 12962.25269334323 324.0563173335808 9.7 9.7 105.0 1941.0 60.65625
3220.004885589796 37.0 1.0 1798.0 105.76470588235294 12962.25269334323 324.0563173335808 9.7 9.7 105.0 1941.0 60.65625
3221.0037975050136 37.0 1.0 1799.0 105.82352941176471 12962.25269334323 324.0563173335808 9.7 9.7 105.0 1941.0 60.65625
3222.004885589796 37.0 1.0 1799.0 105.82352941176471 12962.25269334323 324.0563173335808 9.7 9.7 105.0 1941.0 60.65625
3223.0037975050136 37.0 1.0 1800.0 105.88235294117646 12962.25269334323 324.0563173335808 9.7 9.7 105.0 1941.0 60.65625
3224.004885589796 37.0 1.0 1800.0 105.88235294117646 12962.25269334323 324.0563173335808 9.7 9.7 105.0 1941.0 60.65625
3225.0037975050136 37.0 1.0 1801.0 105.94117647058822 12962.25269334323 324.0563173335808 9.7 9.7 105.0 1941.0 60.65625
3226.004885589796 37.0 1.0 1801.0 105.94117647058822 12962.25269334323 324.0563173335808 9.7 9.7 105.0 1941.0 60.65625
3227.0037975050136 37.0 1.0 1802.0 106.0 12962.25269334323 324.0563173335808 9.7 9.7 105.0 1941.0 60.65625
3228.004885589796 37.0 1.0 1802.0 106.0 12962.25269334323 324.0563173335808 9.7 9.7 105.0 1941.0 60.65625
3229.0037975050136 37.0 1.0 1803.0 106.05882352941178 12962.25269334323 324.0563173335808 9.7 9.7 105.0 1941.0 60.65625
3230.004885589796 37.0 1.0 1803.0 106.05882352941178 12962.25269334323 324.0563173335808 9.7 9.7 105.0 1941.0 60.65625
3231.0037975050136 37.0 1.0 1804.0 106.11764705882354 12962.25269334323 324.0563173335808 9.7 9.7 105.0 1941.0 60.65625
3232.004885589796 37.0 1.0 1804.0 106.11764705882354 12962.25269334323 324.0563173335808 9.7 9.7 105.0 1941.0 60.65625
3233.0037975050136 37.0 1.0 1805.0 106.17647058823529 12962.25269334323 324.0563173335808 9.7 9.7 105.0 1941.0 60.65625
3234.004885589796 37.0 1.0 1805.0 106.17647058823529 12962.25269334323 324.0563173335808 9.7 9.7 105.0 1941.0 60.65625
3235.0037975050136 37.0 1.0 1806.0 106.23529411764706 12962.25269334323 324.0563173335808 9.7 9.7 105.0 1941.0 60.65625
3236.004885589796 37.0 1.0 1806.0 106.23529411764706 12962.25269334323 324.0563173335808 9.7 9.7 105.0 1941.0 60.65625
3237.0037975050136 37.0 1.0 1807.0 106.29411764705883 12962.25269334323 324.0563173335808 9.7 9.7 105.0 1941.0 60.65625
3238.004885589796 37.0 1.0 1807.0 106.29411764705883 12962.25269334323 324.0563173335808 9.7 9.7 105.0 1941.0 60.65625
3239.0037975050136 37.0 1.0 1808.0 106.35294117647058 12962.25269334323 324.0563173335808 9.7 9.7 105.0 1941.0 60.65625
3240.004885589796 37.0 1.0 1808.0 106.35294117647058 12962.25269334323 324.0563173335808 9.7 9.7 105.0 1941.0 60.65625
3241.0037975050136 37.0 1.0 1809.0 106.41176470588238 12962.25269334323 324.0563173335808 9.7 9.7 105.0 1941.0 60.65625
3242.004885589796 37.0 1.0 1809.0 106.41176470588238 12962.25269334323 324.0563173335808 9.7 9.7 105.0 1941.0 60.65625
3243.0037975050136 37.0 1.0 1810.0 106.4705882352941 12962.25269334323 324.0563173335808 9.7 9.7 105.0 1941.0 60.65625
3244.004885589796 37.0 1.0 1810.0 106.4705882352941 12962.25269334323 324.0563173335808 9.7 9.7 105.0 1941.0 60.65625
3245.0037975050136 37.0 1.0 1811.0 106.5294117647059 12962.25269334323 324.0563173335808 9.7 9.7 105.0 1941.0 60.65625
3246.004885589796 37.0 1.0 1811.0 106.5294117647059 12962.25269334323 324.0563173335808 9.7 9.7 105.0 1941.0 60.65625
3247.0037975050136 37.0 1.0 1812.0 106.58823529411762 12962.25269334323 324.0563173335808 9.7 9.7 105.0 1941.0 60.65625
3248.004885589796 37.0 1.0 1812.0 106.58823529411762 12962.25269334323 324.0563173335808 9.7 9.7 105.0 1941.0 60.65625
3249.0037975050136 37.0 1.0 1813.0 106.64705882352942 12962.25269334323 324.0563173335808 9.7 9.7 105.0 1941.0 60.65625
3250.004885589796 37.0 1.0 1813.0 106.64705882352942 12962.25269334323 324.0563173335808 9.7 9.7 105.0 1941.0 60.65625
3251.0037975050136 37.0 1.0 1814.0 106.70588235294117 12962.25269334323 324.0563173335808 9.7 9.7 105.0 1941.0 60.65625
3252.004885589796 37.0 1.0 1814.0 106.70588235294117 12962.25269334323 324.0563173335808 9.7 9.7 105.0 1941.0 60.65625
3253.0037975050136 37.0 1.0 1815.0 106.76470588235294 12962.25269334323 324.0563173335808 9.7 9.7 105.0 1941.0 60.65625
3254.004885589796 37.0 1.0 1815.0 106.76470588235294 12962.25269334323 324.0563173335808 9.7 9.7 105.0 1941.0 60.65625
3255.0037975050136 37.0 1.0 1816.0 106.82352941176471 12962.25269334323 324.0563173335808 9.7 9.7 105.0 1941.0 60.65625
3256.004885589796 37.0 1.0 1816.0 106.82352941176471 12962.25269334323 324.0563173335808 9.7 9.7 105.0 1941.0 60.65625
3257.0037975050136 37.0 1.0 1817.0 106.88235294117646 12962.25269334323 324.0563173335808 9.7 9.7 105.0 1941.0 60.65625
3258.004885589796 37.0 1.0 1817.0 106.88235294117646 12962.25269334323 324.0563173335808 9.7 9.7 105.0 1941.0 60.65625
3259.0037975050136 37.0 1.0 1818.0 106.94117647058822 12962.25269334323 324.0563173335808 9.7 9.7 105.0 1941.0 60.65625
3260.004885589796 37.0 1.0 1818.0 106.94117647058822 12962.25269334323 324.0563173335808 9.7 9.7 105.0 1941.0 60.65625
3261.0037975050136 37.0 1.0 1819.0 107.0 12962.25269334323 324.0563173335808 9.7 9.7 105.0 1941.0 60.65625
3262.004885589796 37.0 1.0 1819.0 107.0 12962.25269334323 324.0563173335808 9.7 9.7 105.0 1941.0 60.65625
3263.0037975050136 37.0 1.0 1820.0 107.05882352941178 12962.25269334323 324.0563173335808 9.7 9.7 105.0 1941.0 60.65625
3264.004885589796 37.0 1.0 1820.0 107.05882352941178 12962.25269334323 324.0563173335808 9.7 9.7 105.0 1941.0 60.65625
3265.0037975050136 37.0 1.0 1821.0 107.11764705882354 12962.25269334323 324.0563173335808 9.7 9.7 105.0 1941.0 60.65625
3266.004885589796 37.0 1.0 1821.0 107.11764705882354 12962.25269334323 324.0563173335808 9.7 9.7 105.0 1941.0 60.65625
3267.0037975050136 37.0 1.0 1822.0 107.17647058823529 12962.25269334323 324.0563173335808 9.7 9.7 105.0 1941.0 60.65625
3268.004885589796 37.0 1.0 1822.0 107.17647058823529 12962.25269334323 324.0563173335808 9.7 9.7 105.0 1941.0 60.65625
3269.0037975050136 37.0 1.0 1823.0 107.23529411764706 12962.25269334323 324.0563173335808 9.7 9.7 105.0 1941.0 60.65625
3270.004885589796 37.0 1.0 1823.0 107.23529411764706 12962.25269334323 324.0563173335808 9.7 9.7 105.0 1941.0 60.65625
3271.0037975050136 37.0 0.0 1823.0 107.23529411764706 12962.25269334323 324.0563173335808 9.7 9.7 105.0 1941.0 60.65625
3272.004885589796 37.0 0.0 1823.0 107.23529411764706 12962.25269334323 324.0563173335808 9.7 9.7 105.0 1941.0 60.65625
3273.0037975050136 37.0 0.0 1823.0 107.23529411764706 12964.25269334323 324.10631733358076 9.7 9.7 106.0 1941.0 60.65625
3274.004885589796 37.0 0.0 1823.0 107.23529411764706 12965.25269334323 324.1313173335808 9.7 9.7 102.0 1941.0 60.65625
3275.0037975050136 37.0 0.0 1823.0 107.23529411764706 12967.25269334323 324.1813173335808 9.7 9.7 102.0 1941.0 60.65625
3276.004885589796 37.0 0.0 1823.0 107.23529411764706 12968.25269334323 324.2063173335808 9.7 9.7 102.0 1941.0 60.65625
3277.0037975050136 37.0 0.0 1823.0 107.23529411764706 12970.25269334323 324.2563173335808 9.7 9.7 102.0 1941.0 60.65625
3278.004885589796 37.0 0.0 1823.0 107.23529411764706 12970.333916737432 324.25834791843585 9.7 9.7 102.0 1942.0 60.6875
3279.0037975050136 37.0 0.0 1823.0 107.23529411764706 12972.333916737432 324.30834791843586 9.7 9.7 102.0 1942.0 60.6875
3280.004885589796 37.0 0.0 1823.0 107.23529411764706 12972.333955588241 324.3083488897061 9.7 9.7 102.0 1942.0 60.6875
3281.0037975050136 37.0 0.0 1823.0 107.23529411764706 12974.333955588241 324.35834888970606 9.7 9.7 102.0 1942.0 60.6875
3282.004885589796 37.0 0.0 1823.0 107.23529411764706 12975.333955588241 324.3833488897061 9.7 9.7 102.0 1942.0 60.6875
3283.0037975050136 37.0 0.0 1823.0 107.23529411764706 12977.333955588241 324.4333488897061 9.7 9.7 102.0 1942.0 60.6875
3284.004885589796 37.0 0.0 1823.0 107.23529411764706 12978.333955588241 324.4583488897061 9.7 9.7 102.0 1942.0 60.6875
3285.0037975050136 37.0 0.0 1823.0 107.23529411764706 12980.333955588241 324.5083488897061 9.7 9.7 102.0 1942.0 60.6875
3286.004885589796 37.0 0.0 1823.0 107.23529411764706 12981.333955588241 324.5333488897061 9.7 9.7 102.0 1942.0 60.6875
3287.0037975050136 37.0 0.0 1823.0 107.23529411764706 12982.923643485557 324.57309108713895 9.7 9.7 102.0 1943.0 60.71875
3288.004885589796 37.0 0.0 1823.0 107.23529411764706 12983.923643485557 324.598091087139 9.725 9.725 102.0 1943.0 60.71875
3289.0037975050136 37.0 0.0 1823.0 107.23529411764706 12984.923714229171 324.62309285572934 9.775 9.775 102.0 1943.0 60.71875
3290.004885589796 37.0 0.0 1823.0 107.23529411764706 12985.923714229171 324.6480928557293 9.775 9.775 102.0 1943.0 60.71875
3291.0037975050136 37.0 0.0 1823.0 107.23529411764706 12987.923714229171 324.6980928557293 9.8 9.8 102.0 1943.0 60.71875
3292.004885589796 37.0 0.0 1823.0 107.23529411764706 12988.923714229171 324.72309285572936 9.8 9.8 102.0 1943.0 60.71875
3293.0037975050136 37.0 0.0 1823.0 107.23529411764706 12990.923714229171 324.7730928557293 9.8 9.8 102.0 1943.0 60.71875
3294.004885589796 37.0 0.0 1823.0 107.23529411764706 12991.923714229171 324.79809285572935 9.8 9.8 102.0 1943.0 60.71875
3295.0037975050136 37.0 0.0 1823.0 107.23529411764706 12993.923714229171 324.84809285572936 9.8 9.8 102.0 1943.0 60.71875
3296.004885589796 37.0 0.0 1823.0 107.23529411764706 12994.923714229171 324.87309285572934 9.8 9.8 102.0 1943.0 60.71875
3297.0037975050136 37.0 0.0 1823.0 107.23529411764706 12996.923714229171 324.92309285572935 9.8 9.8 102.0 1943.0 60.71875
3298.004885589796 37.0 0.0 1823.0 107.23529411764706 12997.923714229171 324.9480928557293 9.8 9.8 102.0 1943.0 60.71875
3299.0037975050136 37.0 0.0 1823.0 107.23529411764706 12999.923714229171 324.99809285572934 9.8 9.8 102.0 1943.0 60.71875
3300.004885589796 37.0 0.0 1823.0 107.23529411764706 13000.923714229171 325.0230928557293 9.8 9.8 102.0 1943.0 60.71875
3301.0037975050136 37.0 0.0 1823.0 107.23529411764706 13002.923714229171 325.0730928557293 9.8 9.8 102.0 1943.0 60.71875
3302.004885589796 37.0 0.0 1823.0 107.23529411764706 13003.923714229171 325.09809285572936 9.8 9.8 102.0 1943.0 60.71875
3303.0037975050136 37.0 0.0 1823.0 107.23529411764706 13005.923714229171 325.1480928557293 9.8 9.8 102.0 1943.0 60.71875
3304.004885589796 37.0 0.0 1823.0 107.23529411764706 13006.923714229171 325.17309285572935 9.8 9.8 102.0 1943.0 60.71875
3305.0037975050136 37.0 0.0 1823.0 107.23529411764706 13008.923714229171 325.22309285572936 9.8 9.8 102.0 1943.0 60.71875
3306.004885589796 37.0 0.0 1823.0 107.23529411764706 13009.923714229171 325.24809285572934 9.8 9.8 102.0 1943.0 60.71875
3307.0037975050136 37.0 0.0 1823.0 107.23529411764706 13011.923714229171 325.29809285572935 9.8 9.8 102.0 1943.0 60.71875
3308.004885589796 37.0 0.0 1823.0 107.23529411764706 13012.923714229171 325.3230928557293 9.8 9.8 102.0 1943.0 60.71875
3309.0037975050136 37.0 0.0 1823.0 107.23529411764706 13014.923714229171 325.37309285572934 9.8 9.8 102.0 1943.0 60.71875
3310.004885589796 37.0 0.0 1823.0 107.23529411764706 13015.923714229171 325.3980928557293 9.8 9.8 102.0 1943.0 60.71875
3311.0037975050136 37.0 0.0 1823.0 107.23529411764706 13017.923714229171 325.4480928557293 9.8 9.8 102.0 1943.0 60.71875
3312.004885589796 37.0 0.0 1823.0 107.23529411764706 13018.923714229171 325.47309285572936 9.8 9.8 102.0 1943.0 60.71875
3313.0037975050136 37.0 0.0 1823.0 107.23529411764706 13019.937401976504 325.4984350494126 9.8 9.8 102.0 1944.0 60.75
3314.004885589796 37.0 0.0 1823.0 107.23529411764706 13020.937401976504 325.5234350494126 9.8 9.8 102.0 1944.0 60.75
3315.0037975050136 37.0 0.0 1823.0 107.23529411764706 13021.937685831243 325.5484421457811 9.8 9.8 102.0 1944.0 60.75
3316.004885589796 37.0 0.0 1823.0 107.23529411764706 13022.937685831243 325.57344214578114 9.8 9.8 102.0 1944.0 60.75
3317.0037975050136 37.0 0.0 1823.0 107.23529411764706 13024.937685831243 325.6234421457811 9.8 9.8 102.0 1944.0 60.75
3318.004885589796 37.0 0.0 1823.0 107.23529411764706 13025.937685831243 325.64844214578113 9.8 9.8 102.0 1944.0 60.75
3319.0037975050136 37.0 0.0 1823.0 107.23529411764706 13027.937685831243 325.69844214578114 9.8 9.8 102.0 1944.0 60.75
3320.004885589796 37.0 0.0 1823.0 107.23529411764706 13028.937685831243 325.7234421457811 9.8 9.8 102.0 1944.0 60.75
3321.0037975050136 37.0 0.0 1823.0 107.23529411764706 13030.937685831243 325.77344214578113 9.8 9.8 102.0 1944.0 60.75
3322.004885589796 37.0 0.0 1823.0 107.23529411764706 13031.937685831243 325.7984421457811 9.8 9.8 102.0 1944.0 60.75
3323.0037975050136 37.0 0.0 1823.0 107.23529411764706 13033.937685831243 325.8484421457811 9.8 9.8 102.0 1944.0 60.75
3324.004885589796 37.0 0.0 1823.0 107.23529411764706 13034.937685831243 325.8734421457811 9.8 9.8 102.0 1944.0 60.75
3325.0037975050136 37.0 0.0 1823.0 107.23529411764706 13036.937685831243 325.9234421457811 9.8 9.8 102.0 1944.0 60.75
3326.004885589796 37.0 0.0 1823.0 107.23529411764706 13037.937685831243 325.94844214578114 9.8 9.8 102.0 1944.0 60.75
3327.0037975050136 37.0 0.0 1823.0 107.23529411764706 13039.937685831243 325.9984421457811 9.8 9.8 102.0 1944.0 60.75
3328.004885589796 37.0 0.0 1823.0 107.23529411764706 13040.937685831243 326.02344214578113 9.8 9.8 102.0 1944.0 60.75
3329.0037975050136 37.0 0.0 1823.0 107.23529411764706 13042.937685831243 326.07344214578114 9.8 9.8 102.0 1944.0 60.75
3330.004885589796 37.0 0.0 1823.0 107.23529411764706 13043.937685831243 326.0984421457811 9.8 9.8 102.0 1944.0 60.75
3331.0037975050136 37.0 0.0 1823.0 107.23529411764706 13045.937685831243 326.14844214578113 9.8 9.8 102.0 1944.0 60.75
3332.004885589796 37.0 0.0 1823.0 107.23529411764706 13046.937685831243 326.1734421457811 9.8 9.8 102.0 1944.0 60.75
3333.0037975050136 37.0 0.0 1823.0 107.23529411764706 13048.937685831243 326.2234421457811 9.8 9.8 102.0 1944.0 60.75
3334.004885589796 37.0 0.0 1823.0 107.23529411764706 13049.937685831243 326.2484421457811 9.8 9.8 102.0 1944.0 60.75
3335.0037975050136 37.0 0.0 1823.0 107.23529411764706 13051.937685831243 326.2984421457811 9.8 9.8 102.0 1944.0 60.75
3336.004885589796 37.0 0.0 1823.0 107.23529411764706 13052.937685831243 326.32344214578114 9.8 9.8 102.0 1944.0 60.75
3337.0037975050136 37.0 0.0 1823.0 107.23529411764706 13054.937685831243 326.3734421457811 9.8 9.8 102.0 1944.0 60.75
3338.004885589796 37.0 0.0 1823.0 107.23529411764706 13055.937685831243 326.39844214578113 9.8 9.8 102.0 1944.0 60.75
3339.0037975050136 37.0 0.0 1823.0 107.23529411764706 13057.937685831243 326.44844214578114 9.8 9.8 102.0 1944.0 60.75
3340.004885589796 37.0 0.0 1823.0 107.23529411764706 13058.937685831243 326.4734421457811 9.8 9.8 102.0 1944.0 60.75
3341.0037975050136 37.0 0.0 1823.0 107.23529411764706 13060.937685831243 326.52344214578113 9.8 9.8 102.0 1944.0 60.75
3342.004885589796 37.0 0.0 1823.0 107.23529411764706 13061.937685831243 326.5484421457811 9.8 9.8 102.0 1944.0 60.75
3343.0037975050136 37.0 0.0 1823.0 107.23529411764706 13063.937685831243 326.5984421457811 9.8 9.8 102.0 1944.0 60.75
3344.004885589796 37.0 0.0 1823.0 107.23529411764706 13064.937685831243 326.6234421457811 9.8 9.8 102.0 1944.0 60.75
3345.0037975050136 37.0 0.0 1823.0 107.23529411764706 13066.937685831243 326.6734421457811 9.8 9.8 102.0 1944.0 60.75
3346.004885589796 37.0 0.0 1823.0 107.23529411764706 13067.937685831243 326.69844214578114 9.8 9.8 102.0 1944.0 60.75
3347.0037975050136 37.0 0.0 1823.0 107.23529411764706 13069.937685831243 326.7484421457811 9.8 9.8 102.0 1944.0 60.75
3348.004885589796 37.0 0.0 1823.0 107.23529411764706 13070.937685831243 326.77344214578113 9.8 9.8 102.0 1944.0 60.75
3349.0037975050136 37.0 0.0 1823.0 107.23529411764706 13072.937685831243 326.82344214578114 9.8 9.8 102.0 1944.0 60.75
3350.004885589796 37.0 0.0 1823.0 107.23529411764706 13073.937685831243 326.8484421457811 9.8 9.8 102.0 1944.0 60.75
3351.0037975050136 37.0 0.0 1823.0 107.23529411764706 13075.937685831243 326.89844214578113 9.8 9.8 102.0 1944.0 60.75
3352.004885589796 37.0 0.0 1823.0 107.23529411764706 13076.937685831243 326.9234421457811 9.8 9.8 102.0 1944.0 60.75
3353.0037975050136 37.0 0.0 1823.0 107.23529411764706 13078.937685831243 326.9734421457811 9.8 9.8 102.0 1944.0 60.75
3354.004885589796 37.0 0.0 1823.0 107.23529411764706 13079.937685831243 326.9984421457811 9.8 9.8 102.0 1944.0 60.75
3355.0037975050136 37.0 0.0 1823.0 107.23529411764706 13081.937685831243 327.0484421457811 9.8 9.8 102.0 1944.0 60.75
3356.004885589796 37.0 0.0 1823.0 107.23529411764706 13082.937685831243 327.07344214578114 9.8 9.8 102.0 1944.0 60.75
3357.0037975050136 37.0 0.0 1823.0 107.23529411764706 13084.937685831243 327.1234421457811 9.8 9.8 102.0 1944.0 60.75
3358.004885589796 37.0 0.0 1823.0 107.23529411764706 13085.937685831243 327.14844214578113 9.8 9.8 102.0 1944.0 60.75
3359.0037975050136 37.0 0.0 1823.0 107.23529411764706 13087.937685831243 327.19844214578114 9.8 9.8 102.0 1944.0 60.75
3360.004885589796 37.0 0.0 1823.0 107.23529411764706 13088.937685831243 327.2234421457811 9.8 9.8 102.0 1944.0 60.75
3361.0037975050136 37.0 0.0 1823.0 107.23529411764706 13090.937685831243 327.27344214578113 9.8 9.8 102.0 1944.0 60.75
3362.004885589796 37.0 0.0 1823.0 107.23529411764706 13091.937685831243 327.2984421457811 9.8 9.8 102.0 1944.0 60.75
3363.0037975050136 37.0 0.0 1823.0 107.23529411764706 13093.937685831243 327.3484421457811 9.8 9.8 102.0 1944.0 60.75
3364.004885589796 37.0 0.0 1823.0 107.23529411764706 13094.937685831243 327.3734421457811 9.8 9.8 102.0 1944.0 60.75
3365.0037975050136 37.0 0.0 1823.0 107.23529411764706 13096.937685831243 327.4234421457811 9.8 9.8 102.0 1944.0 60.75
3366.004885589796 37.0 0.0 1823.0 107.23529411764706 13097.937685831243 327.44844214578114 9.8 9.8 102.0 1944.0 60.75
3367.0037975050136 37.0 0.0 1823.0 107.23529411764706 13099.937685831243 327.4984421457811 9.8 9.8 102.0 1944.0 60.75
3368.004885589796 37.0 0.0 1823.0 107.23529411764706 13100.937685831243 327.52344214578113 9.8 9.8 102.0 1944.0 60.75
3369.0037975050136 37.0 0.0 1823.0 107.23529411764706 13102.937685831243 327.57344214578114 9.8 9.8 102.0 1944.0 60.75
3370.004885589796 37.0 0.0 1823.0 107.23529411764706 13103.937685831243 327.5984421457811 9.8 9.8 102.0 1944.0 60.75
3371.0037975050136 37.0 0.0 1823.0 107.23529411764706 13105.937685831243 327.64844214578113 9.8 9.8 102.0 1944.0 60.75
3372.004885589796 37.0 0.0 1823.0 107.23529411764706 13106.937685831243 327.6734421457811 9.8 9.8 102.0 1944.0 60.75
3373.0037975050136 37.0 0.0 1823.0 107.23529411764706 13108.937685831243 327.7234421457811 9.8 9.8 102.0 1944.0 60.75
3374.004885589796 37.0 0.0 1823.0 107.23529411764706 13109.937685831243 327.7484421457811 9.8 9.8 102.0 1944.0 60.75
3375.0037975050136 37.0 0.0 1823.0 107.23529411764706 13111.937685831243 327.7984421457811 9.8 9.8 102.0 1944.0 60.75
3376.004885589796 37.0 0.0 1823.0 107.23529411764706 13112.937685831243 327.82344214578114 9.8 9.8 102.0 1944.0 60.75
3377.0037975050136 37.0 0.0 1823.0 107.23529411764706 13114.937685831243 327.8734421457811 9.8 9.8 102.0 1944.0 60.75
3378.004885589796 37.0 0.0 1823.0 107.23529411764706 13115.937685831243 327.89844214578113 9.8 9.8 102.0 1944.0 60.75
3379.0037975050136 37.0 0.0 1823.0 107.23529411764706 13117.937685831243 327.94844214578114 9.8 9.8 102.0 1944.0 60.75
3380.004885589796 37.0 0.0 1823.0 107.23529411764706 13118.937685831243 327.9734421457811 9.8 9.8 102.0 1944.0 60.75
3381.0037975050136 37.0 0.0 1823.0 107.23529411764706 13120.937685831243 328.02344214578113 9.8 9.8 102.0 1944.0 60.75
3382.004885589796 37.0 0.0 1823.0 107.23529411764706 13121.937685831243 328.0484421457811 9.8 9.8 102.0 1944.0 60.75
3383.0037975050136 37.0 0.0 1823.0 107.23529411764706 13123.937685831243 328.0984421457811 9.8 9.8 102.0 1944.0 60.75
3384.004885589796 37.0 0.0 1823.0 107.23529411764706 13124.937685831243 328.1234421457811 9.8 9.8 102.0 1944.0 60.75
3385.0037975050136 37.0 0.0 1823.0 107.23529411764706 13126.937685831243 328.1734421457811 9.8 9.8 102.0 1944.0 60.75
3386.004885589796 37.0 0.0 1823.0 107.23529411764706 13127.937685831243 328.19844214578114 9.8 9.8 102.0 1944.0 60.75
3387.0037975050136 37.0 0.0 1823.0 107.23529411764706 13129.937685831243 328.2484421457811 9.8 9.8 102.0 1944.0 60.75
3388.004885589796 37.0 0.0 1823.0 107.23529411764706 13130.937685831243 328.27344214578113 9.8 9.8 102.0 1944.0 60.75
3389.0037975050136 37.0 0.0 1823.0 107.23529411764706 13132.937685831243 328.32344214578114 9.8 9.8 102.0 1944.0 60.75
3390.004885589796 37.0 0.0 1823.0 107.23529411764706 13133.937685831243 328.3484421457811 9.8 9.8 102.0 1944.0 60.75
3391.0037975050136 37.0 0.0 1823.0 107.23529411764706 13135.937685831243 328.39844214578113 9.8 9.8 102.0 1944.0 60.75
3392.004885589796 37.0 0.0 1823.0 107.23529411764706 13136.937685831243 328.4234421457811 9.8 9.8 102.0 1944.0 60.75
3393.0037975050136 37.0 0.0 1823.0 107.23529411764706 13138.937685831243 328.4734421457811 9.8 9.8 102.0 1944.0 60.75
3394.004885589796 37.0 0.0 1823.0 107.23529411764706 13139.937685831243 328.4984421457811 9.8 9.8 102.0 1944.0 60.75
3395.0037975050136 37.0 0.0 1823.0 107.23529411764706 13141.937685831243 328.5484421457811 9.8 9.8 102.0 1944.0 60.75
3396.004885589796 37.0 0.0 1823.0 107.23529411764706 13142.937685831243 328.57344214578114 9.8 9.8 102.0 1944.0 60.75
3397.0037975050136 37.0 0.0 1823.0 107.23529411764706 13144.937685831243 328.6234421457811 9.8 9.8 102.0 1944.0 60.75
3398.004885589796 37.0 0.0 1823.0 107.23529411764706 13145.937685831243 328.64844214578113 9.8 9.8 102.0 1944.0 60.75
3399.0037975050136 37.0 0.0 1823.0 107.23529411764706 13147.937685831243 328.69844214578114 9.8 9.8 102.0 1944.0 60.75
3400.004885589796 37.0 0.0 1823.0 107.23529411764706 13148.657796574567 328.7164449143642 9.8 9.8 102.0 1945.0 60.78125
3401.0037975050136 37.0 0.0 1823.0 107.23529411764706 13150.657796574567 328.76644491436423 9.8 9.8 102.0 1945.0 60.78125
3402.004885589796 37.0 0.0 1823.0 107.23529411764706 13150.658050852695 328.7664512713174 9.8 9.8 102.0 1945.0 60.78125
3403.0037975050136 37.0 0.0 1823.0 107.23529411764706 13152.658050852695 328.8164512713174 9.8 9.8 102.0 1945.0 60.78125
3404.004885589796 37.0 0.0 1823.0 107.23529411764706 13153.658050852695 328.8414512713174 9.8 9.8 102.0 1945.0 60.78125
3405.0037975050136 37.0 0.0 1823.0 107.23529411764706 13155.658050852695 328.8914512713174 9.8 9.8 102.0 1945.0 60.78125
3406.004885589796 37.0 0.0 1823.0 107.23529411764706 13156.658050852695 328.91645127131744 9.8 9.8 102.0 1945.0 60.78125
3407.0037975050136 37.0 0.0 1823.0 107.23529411764706 13158.658050852695 328.9664512713174 9.8 9.8 102.0 1945.0 60.78125
3408.004885589796 37.0 0.0 1823.0 107.23529411764706 13159.658050852695 328.99145127131743 9.8 9.8 102.0 1945.0 60.78125
3409.0037975050136 37.0 0.0 1823.0 107.23529411764706 13161.658050852695 329.04145127131744 9.8 9.8 102.0 1945.0 60.78125
3410.004885589796 37.0 0.0 1823.0 107.23529411764706 13162.658050852695 329.0664512713174 9.8 9.8 102.0 1945.0 60.78125
3411.0037975050136 37.0 0.0 1823.0 107.23529411764706 13164.658050852695 329.11645127131743 9.8 9.8 102.0 1945.0 60.78125
3412.004885589796 37.0 0.0 1823.0 107.23529411764706 13165.658050852695 329.1414512713174 9.8 9.8 102.0 1945.0 60.78125
3413.0037975050136 37.0 0.0 1823.0 107.23529411764706 13167.658050852695 329.1914512713174 9.8 9.8 102.0 1945.0 60.78125
3414.004885589796 37.0 0.0 1823.0 107.23529411764706 13168.658050852695 329.2164512713174 9.8 9.8 102.0 1945.0 60.78125
3415.0037975050136 37.0 0.0 1823.0 107.23529411764706 13170.658050852695 329.2664512713174 9.8 9.8 102.0 1945.0 60.78125
3416.004885589796 37.0 0.0 1823.0 107.23529411764706 13171.658050852695 329.29145127131744 9.8 9.8 102.0 1945.0 60.78125
3417.0037975050136 37.0 0.0 1823.0 107.23529411764706 13173.658050852695 329.3414512713174 9.8 9.8 102.0 1945.0 60.78125
3418.004885589796 37.0 0.0 1823.0 107.23529411764706 13174.658050852695 329.36645127131743 9.8 9.8 102.0 1945.0 60.78125
3419.0037975050136 37.0 0.0 1823.0 107.23529411764706 13176.658050852695 329.41645127131744 9.8 9.8 102.0 1945.0 60.78125
3420.004885589796 37.0 0.0 1823.0 107.23529411764706 13177.658050852695 329.4414512713174 9.8 9.8 102.0 1945.0 60.78125
3421.0037975050136 37.0 0.0 1823.0 107.23529411764706 13179.658050852695 329.49145127131743 9.8 9.8 102.0 1945.0 60.78125
3422.004885589796 37.0 0.0 1823.0 107.23529411764706 13180.658050852695 329.5164512713174 9.8 9.8 102.0 1945.0 60.78125
3423.0037975050136 37.0 0.0 1823.0 107.23529411764706 13182.658050852695 329.5664512713174 9.8 9.8 102.0 1945.0 60.78125
3424.004885589796 37.0 0.0 1823.0 107.23529411764706 13183.658050852695 329.5914512713174 9.8 9.8 102.0 1945.0 60.78125
3425.0037975050136 37.0 0.0 1823.0 107.23529411764706 13185.658050852695 329.6414512713174 9.8 9.8 102.0 1945.0 60.78125
3426.004885589796 37.0 0.0 1823.0 107.23529411764706 13186.658050852695 329.66645127131744 9.8 9.8 102.0 1945.0 60.78125
3427.0037975050136 37.0 0.0 1823.0 107.23529411764706 13188.658050852695 329.7164512713174 9.8 9.8 102.0 1945.0 60.78125
3428.004885589796 37.0 0.0 1823.0 107.23529411764706 13189.658050852695 329.74145127131743 9.8 9.8 102.0 1945.0 60.78125
3429.0037975050136 37.0 0.0 1823.0 107.23529411764706 13191.658050852695 329.79145127131744 9.8 9.8 102.0 1945.0 60.78125
3430.004885589796 37.0 0.0 1823.0 107.23529411764706 13192.658050852695 329.8164512713174 9.8 9.8 102.0 1945.0 60.78125
3431.0037975050136 37.0 0.0 1823.0 107.23529411764706 13194.658050852695 329.86645127131743 9.8 9.8 102.0 1945.0 60.78125
3432.004885589796 37.0 0.0 1823.0 107.23529411764706 13195.658050852695 329.8914512713174 9.8 9.8 102.0 1945.0 60.78125
3433.0037975050136 37.0 0.0 1823.0 107.23529411764706 13197.658050852695 329.9414512713174 9.775 9.775 102.0 1945.0 60.78125
3434.004885589796 37.0 0.0 1823.0 107.23529411764706 13198.658050852695 329.9664512713174 9.775 9.775 102.0 1945.0 60.78125
3435.0037975050136 37.0 1.0 1824.0 107.29411764705883 13200.658050852695 330.0164512713174 9.75 9.75 102.0 1945.0 60.78125
3436.004885589796 37.0 1.0 1824.0 107.29411764705883 13201.658050852695 330.04145127131744 9.725 9.725 102.0 1945.0 60.78125
3437.0037975050136 37.0 1.0 1825.0 107.35294117647058 13202.658050852695 330.0664512713174 9.7 9.7 102.0 1945.0 60.78125
3438.004885589796 37.0 1.0 1825.0 107.35294117647058 13203.658050852695 330.0914512713174 9.7 9.7 102.0 1945.0 60.78125
3439.0037975050136 37.0 1.0 1826.0 107.41176470588238 13204.658050852695 330.11645127131743 9.7 9.7 102.0 1945.0 60.78125
3440.004885589796 37.0 1.0 1826.0 107.41176470588238 13205.658050852695 330.1414512713174 9.7 9.7 102.0 1945.0 60.78125
3441.0037975050136 37.0 1.0 1827.0 107.4705882352941 13206.658050852695 330.16645127131744 9.7 9.7 102.0 1945.0 60.78125
3442.004885589796 37.0 1.0 1827.0 107.4705882352941 13207.658050852695 330.1914512713174 9.7 9.7 102.0 1945.0 60.78125
3443.0037975050136 37.0 1.0 1828.0 107.5294117647059 13208.314670708374 330.2078667677094 9.7 9.7 102.0 1946.0 60.8125
3444.004885589796 37.0 1.0 1828.0 107.5294117647059 13209.314670708374 330.2328667677094 9.7 9.7 102.0 1946.0 60.8125
3445.0037975050136 37.0 1.0 1829.0 107.58823529411762 13209.314932482406 330.2328733120602 9.7 9.7 102.0 1946.0 60.8125
3446.004885589796 37.0 1.0 1829.0 107.58823529411762 13210.314932482406 330.2578733120602 9.7 9.7 102.0 1946.0 60.8125
3447.0037975050136 37.0 1.0 1830.0 107.64705882352942 13211.314932482406 330.2828733120602 9.7 9.7 102.0 1946.0 60.8125
3448.004885589796 37.0 1.0 1830.0 107.64705882352942 13212.314932482406 330.30787331206017 9.7 9.7 102.0 1946.0 60.8125
3449.0037975050136 37.0 1.0 1831.0 107.70588235294117 13213.314932482406 330.3328733120602 9.7 9.7 102.0 1946.0 60.8125
3450.004885589796 37.0 1.0 1831.0 107.70588235294117 13214.037257197475 330.3509314299369 9.7 9.7 102.0 1947.0 60.84375
3451.0037975050136 37.0 1.0 1832.0 107.76470588235294 13215.037257197475 330.3759314299369 9.7 9.7 102.0 1947.0 60.84375
3452.004885589796 37.0 1.0 1832.0 107.76470588235294 13215.037400556395 330.3759350139099 9.7 9.7 102.0 1947.0 60.84375
3453.0037975050136 37.0 1.0 1833.0 107.82352941176471 13216.037400556395 330.40093501390993 9.7 9.7 102.0 1947.0 60.84375
3454.004885589796 37.0 1.0 1833.0 107.82352941176471 13217.037400556395 330.4259350139099 9.7 9.7 102.0 1947.0 60.84375
3455.0037975050136 37.0 1.0 1834.0 107.88235294117646 13218.037400556395 330.45093501390994 9.7 9.7 102.0 1947.0 60.84375
3456.004885589796 37.0 1.0 1834.0 107.88235294117646 13219.037400556395 330.4759350139099 9.7 9.7 102.0 1947.0 60.84375
3457.0037975050136 37.0 1.0 1835.0 107.94117647058822 13220.037400556395 330.5009350139099 9.675 9.675 102.0 1947.0 60.84375
3458.004885589796 37.0 1.0 1835.0 107.94117647058822 13221.037400556395 330.52593501390993 9.675 9.675 102.0 1947.0 60.84375
3459.0037975050136 37.0 1.0 1836.0 108.0 13222.037400556395 330.5509350139099 9.65 9.65 102.0 1947.0 60.84375
3460.004885589796 37.0 1.0 1836.0 108.0 13223.037400556395 330.57593501390994 9.65 9.65 102.0 1947.0 60.84375
3461.0037975050136 37.0 1.0 1837.0 108.05882352941178 13224.037400556395 330.6009350139099 9.65 9.65 102.0 1947.0 60.84375
3462.004885589796 37.0 1.0 1837.0 108.05882352941178 13225.037400556395 330.6259350139099 9.625 9.625 102.0 1947.0 60.84375
3463.0037975050136 37.0 1.0 1838.0 108.11764705882354 13226.037400556395 330.65093501390993 9.6 9.6 102.0 1947.0 60.84375
3464.004885589796 37.0 1.0 1838.0 108.11764705882354 13227.037400556395 330.6759350139099 9.55 9.55 102.0 1947.0 60.84375
3465.0037975050136 37.0 1.0 1839.0 108.1764705882353 13228.037400556395 330.70093501390994 9.55 9.55 102.0 1947.0 60.84375
3466.004885589796 37.0 1.0 1839.0 108.1764705882353 13229.037400556395 330.7259350139099 9.55 9.55 102.0 1947.0 60.84375
3467.0037975050136 37.0 1.0 1840.0 108.23529411764706 13230.037400556395 330.7509350139099 9.55 9.55 102.0 1947.0 60.84375
3468.004885589796 37.0 1.0 1840.0 108.23529411764706 13231.037400556395 330.77593501390993 9.55 9.55 102.0 1947.0 60.84375
3469.0037975050136 37.0 1.0 1841.0 108.29411764705883 13232.037400556395 330.8009350139099 9.55 9.55 102.0 1947.0 60.84375
3470.004885589796 37.0 1.0 1841.0 108.29411764705883 13233.037400556395 330.82593501390994 9.55 9.55 102.0 1947.0 60.84375
3471.0037975050136 37.0 1.0 1842.0 108.35294117647058 13234.037400556395 330.8509350139099 9.55 9.55 102.0 1947.0 60.84375
3472.004885589796 37.0 1.0 1842.0 108.35294117647058 13235.037400556395 330.8759350139099 9.55 9.55 102.0 1947.0 60.84375
3473.0037975050136 37.0 1.0 1843.0 108.41176470588238 13236.037400556395 330.90093501390993 9.55 9.55 102.0 1947.0 60.84375
3474.004885589796 37.0 1.0 1843.0 108.41176470588238 13237.037400556395 330.9259350139099 9.55 9.55 102.0 1947.0 60.84375
3475.0037975050136 37.0 1.0 1844.0 108.4705882352941 13238.037400556395 330.95093501390994 9.55 9.55 102.0 1947.0 60.84375
3476.004885589796 37.0 1.0 1844.0 108.4705882352941 13239.037400556395 330.9759350139099 9.55 9.55 102.0 1947.0 60.84375
3477.0037975050136 37.0 1.0 1845.0 108.5294117647059 13240.037400556395 331.0009350139099 9.55 9.55 102.0 1947.0 60.84375
3478.004885589796 37.0 1.0 1845.0 108.5294117647059 13241.037400556395 331.02593501390993 9.55 9.55 102.0 1947.0 60.84375
3479.0037975050136 37.0 1.0 1846.0 108.58823529411762 13242.037400556395 331.0509350139099 9.55 9.55 102.0 1947.0 60.84375
3480.004885589796 37.0 1.0 1846.0 108.58823529411762 13243.037400556395 331.07593501390994 9.55 9.55 102.0 1947.0 60.84375
3481.0037975050136 37.0 1.0 1847.0 108.64705882352942 13244.037400556395 331.1009350139099 9.55 9.55 102.0 1947.0 60.84375
3482.004885589796 37.0 1.0 1847.0 108.64705882352942 13245.037400556395 331.1259350139099 9.525 9.525 102.0 1947.0 60.84375
3483.0037975050136 37.0 1.0 1848.0 108.70588235294117 13246.037400556395 331.15093501390993 9.5 9.5 102.0 1947.0 60.84375
3484.004885589796 37.0 1.0 1848.0 108.70588235294117 13247.037400556395 331.1759350139099 9.5 9.5 102.0 1947.0 60.84375
3485.0037975050136 37.0 1.0 1849.0 108.76470588235294 13248.037400556395 331.20093501390994 9.5 9.5 102.0 1947.0 60.84375
3486.004885589796 37.0 1.0 1849.0 108.76470588235294 13249.037400556395 331.2259350139099 9.5 9.5 102.0 1947.0 60.84375
3487.0037975050136 37.0 1.0 1850.0 108.8235294117647 13250.037400556395 331.2509350139099 9.5 9.5 102.0 1947.0 60.84375
3488.004885589796 37.0 1.0 1850.0 108.8235294117647 13251.037400556395 331.27593501390993 9.5 9.5 102.0 1947.0 60.84375
3489.0037975050136 37.0 1.0 1851.0 108.88235294117646 13252.037400556395 331.3009350139099 9.5 9.5 102.0 1947.0 60.84375
3490.004885589796 37.0 1.0 1851.0 108.88235294117646 13253.037400556395 331.32593501390994 9.5 9.5 102.0 1947.0 60.84375
3491.0037975050136 37.0 1.0 1852.0 108.94117647058822 13254.037400556395 331.3509350139099 9.5 9.5 102.0 1947.0 60.84375
3492.004885589796 37.0 1.0 1852.0 108.94117647058822 13255.037400556395 331.3759350139099 9.5 9.5 102.0 1947.0 60.84375
3493.0037975050136 37.0 1.0 1853.0 109.0 13256.037400556395 331.40093501390993 9.5 9.5 102.0 1947.0 60.84375
3494.004885589796 37.0 1.0 1853.0 109.0 13257.037400556395 331.4259350139099 9.5 9.5 102.0 1947.0 60.84375
3495.0037975050136 37.0 1.0 1854.0 109.05882352941178 13258.037400556395 331.45093501390994 9.5 9.5 102.0 1947.0 60.84375
3496.004885589796 37.0 1.0 1854.0 109.05882352941178 13259.037400556395 331.4759350139099 9.5 9.5 102.0 1947.0 60.84375
3497.0037975050136 37.0 1.0 1855.0 109.11764705882354 13260.037400556395 331.5009350139099 9.5 9.5 102.0 1947.0 60.84375
3498.004885589796 37.0 1.0 1855.0 109.11764705882354 13261.037400556395 331.52593501390993 9.5 9.5 102.0 1947.0 60.84375
3499.0037975050136 37.0 1.0 1856.0 109.1764705882353 13262.037400556395 331.5509350139099 9.475 9.475 102.0 1947.0 60.84375
3500.004885589796 37.0 1.0 1856.0 109.1764705882353 13263.037400556395 331.57593501390994 9.475 9.475 102.0 1947.0 60.84375
3501.0037975050136 37.0 1.0 1857.0 109.23529411764706 13264.037400556395 331.6009350139099 9.45 9.45 102.0 1947.0 60.84375
3502.004885589796 37.0 1.0 1857.0 109.23529411764706 13265.037400556395 331.6259350139099 9.45 9.45 102.0 1947.0 60.84375
3503.0037975050136 37.0 1.0 1858.0 109.29411764705883 13266.037400556395 331.65093501390993 9.45 9.45 102.0 1947.0 60.84375
3504.004885589796 37.0 1.0 1858.0 109.29411764705883 13267.037400556395 331.6759350139099 9.45 9.45 102.0 1947.0 60.84375
3505.0037975050136 37.0 1.0 1859.0 109.35294117647058 13268.037400556395 331.70093501390994 9.45 9.45 102.0 1947.0 60.84375
3506.004885589796 37.0 1.0 1859.0 109.35294117647058 13269.037400556395 331.7259350139099 9.45 9.45 102.0 1947.0 60.84375
3507.0037975050136 37.0 1.0 1860.0 109.41176470588238 13270.037400556395 331.7509350139099 9.45 9.45 102.0 1947.0 60.84375
3508.004885589796 37.0 1.0 1860.0 109.41176470588238 13271.037400556395 331.77593501390993 9.45 9.45 102.0 1947.0 60.84375
3509.0037975050136 37.0 1.0 1861.0 109.4705882352941 13272.037400556395 331.8009350139099 9.45 9.45 102.0 1947.0 60.84375
3510.004885589796 37.0 1.0 1861.0 109.4705882352941 13273.037400556395 331.82593501390994 9.45 9.45 102.0 1947.0 60.84375
3511.0037975050136 37.0 1.0 1862.0 109.5294117647059 13274.037400556395 331.8509350139099 9.45 9.45 102.0 1947.0 60.84375
3512.004885589796 37.0 1.0 1862.0 109.5294117647059 13275.037400556395 331.8759350139099 9.45 9.45 102.0 1947.0 60.84375
3513.0037975050136 37.0 1.0 1863.0 109.58823529411762 13276.037400556395 331.90093501390993 9.45 9.45 102.0 1947.0 60.84375
3514.004885589796 37.0 1.0 1863.0 109.58823529411762 13277.037400556395 331.9259350139099 9.45 9.45 102.0 1947.0 60.84375
3515.0037975050136 37.0 1.0 1864.0 109.64705882352942 13278.037400556395 331.95093501390994 9.45 9.45 102.0 1947.0 60.84375
3516.004885589796 37.0 1.0 1864.0 109.64705882352942 13279.037400556395 331.9759350139099 9.45 9.45 102.0 1947.0 60.84375
3517.0037975050136 37.0 1.0 1865.0 109.70588235294117 13280.037400556395 332.0009350139099 9.45 9.45 102.0 1947.0 60.84375
3518.004885589796 37.0 1.0 1865.0 109.70588235294117 13281.037400556395 332.02593501390993 9.45 9.45 102.0 1947.0 60.84375
3519.0037975050136 37.0 1.0 1866.0 109.76470588235294 13282.037400556395 332.0509350139099 9.45 9.45 102.0 1947.0 60.84375
3520.004885589796 37.0 1.0 1866.0 109.76470588235294 13283.037400556395 332.07593501390994 9.45 9.45 102.0 1947.0 60.84375
3521.0037975050136 37.0 1.0 1867.0 109.8235294117647 13284.037400556395 332.1009350139099 9.45 9.45 102.0 1947.0 60.84375
3522.004885589796 37.0 1.0 1867.0 109.8235294117647 13285.037400556395 332.1259350139099 9.45 9.45 102.0 1947.0 60.84375
3523.0037975050136 37.0 1.0 1868.0 109.88235294117646 13286.037400556395 332.15093501390993 9.45 9.45 102.0 1947.0 60.84375
3524.004885589796 37.0 1.0 1868.0 109.88235294117646 13287.037400556395 332.1759350139099 9.45 9.45 102.0 1947.0 60.84375
3525.0037975050136 37.0 1.0 1869.0 109.94117647058822 13288.037400556395 332.20093501390994 9.45 9.45 102.0 1947.0 60.84375
3526.004885589796 37.0 1.0 1869.0 109.94117647058822 13289.037400556395 332.2259350139099 9.45 9.45 102.0 1947.0 60.84375
3527.0037975050136 37.0 1.0 1870.0 110.0 13290.037400556395 332.2509350139099 9.45 9.45 102.0 1947.0 60.84375
3528.004885589796 37.0 1.0 1870.0 110.0 13291.037400556395 332.27593501390993 9.45 9.45 102.0 1947.0 60.84375
3529.0037975050136 37.0 1.0 1871.0 110.05882352941178 13292.037400556395 332.3009350139099 9.45 9.45 102.0 1947.0 60.84375
3530.004885589796 37.0 1.0 1871.0 110.05882352941178 13293.037400556395 332.32593501390994 9.45 9.45 102.0 1947.0 60.84375
3531.0037975050136 37.0 1.0 1872.0 110.11764705882354 13294.037400556395 332.3509350139099 9.45 9.45 102.0 1947.0 60.84375
3532.004885589796 37.0 1.0 1872.0 110.11764705882354 13295.037400556395 332.3759350139099 9.45 9.45 102.0 1947.0 60.84375
3533.0037975050136 37.0 1.0 1873.0 110.1764705882353 13296.037400556395 332.40093501390993 9.45 9.45 102.0 1947.0 60.84375
3534.004885589796 37.0 1.0 1873.0 110.1764705882353 13297.037400556395 332.4259350139099 9.45 9.45 102.0 1947.0 60.84375
3535.0037975050136 37.0 1.0 1874.0 110.23529411764706 13298.037400556395 332.45093501390994 9.425 9.425 102.0 1947.0 60.84375
3536.004885589796 37.0 1.0 1874.0 110.23529411764706 13299.037400556395 332.4759350139099 9.4 9.4 102.0 1947.0 60.84375
3537.0037975050136 37.0 1.0 1875.0 110.29411764705883 13300.037400556395 332.5009350139099 9.375 9.375 102.0 1947.0 60.84375
3538.004885589796 37.0 1.0 1875.0 110.29411764705883 13301.037400556395 332.52593501390993 9.35 9.35 102.0 1947.0 60.84375
3539.0037975050136 37.0 1.0 1876.0 110.35294117647058 13302.037400556395 332.5509350139099 9.35 9.35 102.0 1947.0 60.84375
3540.004885589796 37.0 1.0 1876.0 110.35294117647058 13303.037400556395 332.57593501390994 9.35 9.35 102.0 1947.0 60.84375
3541.0037975050136 37.0 1.0 1877.0 110.41176470588238 13304.037400556395 332.6009350139099 9.35 9.35 102.0 1947.0 60.84375
3542.004885589796 37.0 1.0 1877.0 110.41176470588238 13305.037400556395 332.6259350139099 9.35 9.35 102.0 1947.0 60.84375
3543.0037975050136 37.0 1.0 1878.0 110.4705882352941 13306.037400556395 332.65093501390993 9.35 9.35 102.0 1947.0 60.84375
3544.004885589796 37.0 1.0 1878.0 110.4705882352941 13307.037400556395 332.6759350139099 9.35 9.35 102.0 1947.0 60.84375
3545.0037975050136 37.0 1.0 1879.0 110.5294117647059 13308.037400556395 332.70093501390994 9.35 9.35 102.0 1947.0 60.84375
3546.004885589796 37.0 1.0 1879.0 110.5294117647059 13309.037400556395 332.7259350139099 9.35 9.35 102.0 1947.0 60.84375
3547.0037975050136 37.0 1.0 1880.0 110.58823529411762 13310.037400556395 332.7509350139099 9.35 9.35 102.0 1947.0 60.84375
3548.004885589796 37.0 1.0 1880.0 110.58823529411762 13311.037400556395 332.77593501390993 9.35 9.35 102.0 1947.0 60.84375
3549.0037975050136 37.0 1.0 1881.0 110.64705882352942 13312.037400556395 332.8009350139099 9.35 9.35 102.0 1947.0 60.84375
3550.004885589796 37.0 1.0 1881.0 110.64705882352942 13313.037400556395 332.82593501390994 9.35 9.35 102.0 1947.0 60.84375
3551.0037975050136 37.0 1.0 1882.0 110.70588235294117 13314.037400556395 332.8509350139099 9.35 9.35 102.0 1947.0 60.84375
3552.004885589796 37.0 1.0 1882.0 110.70588235294117 13315.037400556395 332.8759350139099 9.35 9.35 102.0 1947.0 60.84375
3553.0037975050136 37.0 1.0 1883.0 110.76470588235294 13316.037400556395 332.90093501390993 9.35 9.35 102.0 1947.0 60.84375
3554.004885589796 37.0 1.0 1883.0 110.76470588235294 13317.037400556395 332.9259350139099 9.35 9.35 102.0 1947.0 60.84375
3555.0037975050136 37.0 1.0 1884.0 110.8235294117647 13318.037400556395 332.95093501390994 9.35 9.35 102.0 1947.0 60.84375
3556.004885589796 37.0 1.0 1884.0 110.8235294117647 13319.037400556395 332.9759350139099 9.35 9.35 102.0 1947.0 60.84375
3557.0037975050136 37.0 1.0 1885.0 110.88235294117646 13320.037400556395 333.0009350139099 9.35 9.35 102.0 1947.0 60.84375
3558.004885589796 37.0 1.0 1885.0 110.88235294117646 13321.037400556395 333.02593501390993 9.35 9.35 102.0 1947.0 60.84375
3559.0037975050136 37.0 1.0 1886.0 110.94117647058822 13322.037400556395 333.0509350139099 9.35 9.35 102.0 1947.0 60.84375
3560.004885589796 37.0 1.0 1886.0 110.94117647058822 13323.037400556395 333.07593501390994 9.35 9.35 102.0 1947.0 60.84375
3561.0037975050136 37.0 1.0 1887.0 111.0 13324.037400556395 333.1009350139099 9.35 9.35 102.0 1947.0 60.84375
3562.004885589796 37.0 1.0 1887.0 111.0 13325.037400556395 333.1259350139099 9.35 9.35 102.0 1947.0 60.84375
3563.0037975050136 37.0 1.0 1888.0 111.05882352941178 13326.037400556395 333.15093501390993 9.35 9.35 102.0 1947.0 60.84375
3564.004885589796 37.0 1.0 1888.0 111.05882352941178 13327.037400556395 333.1759350139099 9.35 9.35 102.0 1947.0 60.84375
3565.0037975050136 37.0 1.0 1889.0 111.11764705882354 13328.037400556395 333.20093501390994 9.35 9.35 102.0 1947.0 60.84375
3566.004885589796 37.0 1.0 1889.0 111.11764705882354 13329.037400556395 333.2259350139099 9.35 9.35 102.0 1947.0 60.84375
3567.0037975050136 37.0 1.0 1890.0 111.1764705882353 13330.037400556395 333.2509350139099 9.35 9.35 102.0 1947.0 60.84375
3568.004885589796 37.0 1.0 1890.0 111.1764705882353 13331.037400556395 333.27593501390993 9.35 9.35 102.0 1947.0 60.84375
3569.0037975050136 37.0 1.0 1891.0 111.23529411764706 13332.037400556395 333.3009350139099 9.35 9.35 102.0 1947.0 60.84375
3570.004885589796 37.0 1.0 1891.0 111.23529411764706 13333.037400556395 333.32593501390994 9.35 9.35 102.0 1947.0 60.84375
3571.0037975050136 37.0 1.0 1892.0 111.29411764705883 13334.037400556395 333.3509350139099 9.35 9.35 102.0 1947.0 60.84375
3572.004885589796 37.0 1.0 1892.0 111.29411764705883 13335.037400556395 333.3759350139099 9.35 9.35 102.0 1947.0 60.84375
3573.0037975050136 37.0 1.0 1893.0 111.35294117647058 13336.037400556395 333.40093501390993 9.35 9.35 102.0 1947.0 60.84375
3574.004885589796 37.0 1.0 1893.0 111.35294117647058 13337.037400556395 333.4259350139099 9.35 9.35 102.0 1947.0 60.84375
3575.0037975050136 37.0 1.0 1894.0 111.41176470588238 13338.037400556395 333.45093501390994 9.35 9.35 102.0 1947.0 60.84375
3576.004885589796 37.0 1.0 1894.0 111.41176470588238 13339.037400556395 333.4759350139099 9.35 9.35 102.0 1947.0 60.84375
3577.0037975050136 37.0 1.0 1895.0 111.4705882352941 13339.577239962022 333.48943099905057 9.35 9.35 102.0 1948.0 60.875
3578.004885589796 37.0 1.0 1895.0 111.4705882352941 13340.577239962022 333.5144309990506 9.35 9.35 102.0 1948.0 60.875
3579.0037975050136 37.0 1.0 1896.0 111.5294117647059 13340.577454548402 333.5144363637101 9.35 9.35 102.0 1948.0 60.875
3580.004885589796 37.0 1.0 1896.0 111.5294117647059 13341.577454548402 333.5394363637101 9.35 9.35 102.0 1948.0 60.875
3581.0037975050136 37.0 1.0 1897.0 111.58823529411762 13342.577454548402 333.56443636371006 9.35 9.35 102.0 1948.0 60.875
3582.004885589796 37.0 1.0 1897.0 111.58823529411762 13343.577454548402 333.5894363637101 9.35 9.35 102.0 1948.0 60.875
3583.0037975050136 37.0 1.0 1898.0 111.64705882352942 13344.577454548402 333.61443636371007 9.35 9.35 102.0 1948.0 60.875
3584.004885589796 37.0 1.0 1898.0 111.64705882352942 13345.577454548402 333.6394363637101 9.35 9.35 102.0 1948.0 60.875
3585.0037975050136 37.0 1.0 1899.0 111.70588235294117 13346.577454548402 333.6644363637101 9.35 9.35 102.0 1948.0 60.875
3586.004885589796 37.0 1.0 1899.0 111.70588235294117 13347.577454548402 333.68943636371006 9.35 9.35 102.0 1948.0 60.875
3587.0037975050136 37.0 1.0 1900.0 111.76470588235294 13348.577454548402 333.7144363637101 9.35 9.35 102.0 1948.0 60.875
3588.004885589796 37.0 1.0 1900.0 111.76470588235294 13349.577454548402 333.73943636371007 9.35 9.35 102.0 1948.0 60.875
3589.0037975050136 37.0 1.0 1901.0 111.8235294117647 13350.577454548402 333.7644363637101 9.35 9.35 102.0 1948.0 60.875
3590.004885589796 37.0 1.0 1901.0 111.8235294117647 13351.577454548402 333.7894363637101 9.35 9.35 102.0 1948.0 60.875
3591.0037975050136 37.0 1.0 1902.0 111.88235294117646 13352.577454548402 333.81443636371006 9.35 9.35 102.0 1948.0 60.875
3592.004885589796 37.0 1.0 1902.0 111.88235294117646 13353.577454548402 333.8394363637101 9.35 9.35 102.0 1948.0 60.875
3593.0037975050136 37.0 1.0 1903.0 111.94117647058822 13354.577454548402 333.86443636371007 9.35 9.35 102.0 1948.0 60.875
3594.004885589796 37.0 1.0 1903.0 111.94117647058822 13355.577454548402 333.8894363637101 9.35 9.35 102.0 1948.0 60.875
3595.0037975050136 37.0 1.0 1904.0 112.0 13356.577454548402 333.9144363637101 9.35 9.35 102.0 1948.0 60.875
3596.004885589796 37.0 1.0 1904.0 112.0 13357.577454548402 333.93943636371006 9.35 9.35 102.0 1948.0 60.875
3597.0037975050136 37.0 1.0 1905.0 112.05882352941178 13358.577454548402 333.9644363637101 9.35 9.35 102.0 1948.0 60.875
3598.004885589796 37.0 1.0 1905.0 112.05882352941178 13359.577454548402 333.98943636371007 9.35 9.35 102.0 1948.0 60.875
3599.0037975050136 37.0 1.0 1906.0 112.11764705882354 13360.577454548402 334.0144363637101 9.35 9.35 102.0 1948.0 60.875
3600.004885589796 37.0 1.0 1906.0 112.11764705882354 13361.577454548402 334.0394363637101 9.35 9.35 102.0 1948.0 60.875
3601.0037975050136 37.0 1.0 1907.0 112.1764705882353 13362.577454548402 334.06443636371006 9.35 9.35 102.0 1948.0 60.875
3602.004885589796 37.0 1.0 1907.0 112.1764705882353 13363.577454548402 334.0894363637101 9.35 9.35 102.0 1948.0 60.875
3603.0037975050136 37.0 1.0 1908.0 112.23529411764706 13364.577454548402 334.11443636371007 9.35 9.35 102.0 1948.0 60.875
3604.004885589796 37.0 1.0 1908.0 112.23529411764706 13365.577454548402 334.1394363637101 9.35 9.35 102.0 1948.0 60.875
3605.0037975050136 37.0 1.0 1909.0 112.29411764705883 13366.577454548402 334.1644363637101 9.35 9.35 102.0 1948.0 60.875
3606.004885589796 37.0 1.0 1909.0 112.29411764705883 13367.577454548402 334.18943636371006 9.35 9.35 102.0 1948.0 60.875
3607.0037975050136 37.0 1.0 1910.0 112.35294117647058 13367.607607841237 334.190190196031 9.35 9.35 102.0 1949.0 60.90625
3608.004885589796 37.0 1.0 1910.0 112.35294117647058 13368.607607841237 334.21519019603096 9.35 9.35 102.0 1949.0 60.90625
3609.0037975050136 37.0 1.0 1911.0 112.41176470588238 13368.607754972823 334.2151938743206 9.35 9.35 102.0 1949.0 60.90625
3610.004885589796 37.0 1.0 1911.0 112.41176470588238 13369.607754972823 334.2401938743206 9.35 9.35 102.0 1949.0 60.90625
3611.0037975050136 37.0 1.0 1912.0 112.4705882352941 13370.607754972823 334.2651938743206 9.35 9.35 102.0 1949.0 60.90625
3612.004885589796 37.0 1.0 1912.0 112.4705882352941 13371.607754972823 334.2901938743206 9.35 9.35 102.0 1949.0 60.90625
3613.0037975050136 37.0 1.0 1913.0 112.5294117647059 13372.607754972823 334.3151938743206 9.35 9.35 102.0 1949.0 60.90625
3614.004885589796 37.0 1.0 1913.0 112.5294117647059 13373.607754972823 334.3401938743206 9.35 9.35 102.0 1949.0 60.90625
3615.0037975050136 37.0 1.0 1914.0 112.58823529411762 13374.607754972823 334.3651938743206 9.35 9.35 102.0 1949.0 60.90625
3616.004885589796 37.0 1.0 1914.0 112.58823529411762 13375.607754972823 334.3901938743206 9.35 9.35 102.0 1949.0 60.90625
3617.0037975050136 37.0 1.0 1915.0 112.64705882352942 13376.607754972823 334.4151938743206 9.35 9.35 102.0 1949.0 60.90625
3618.004885589796 37.0 1.0 1915.0 112.64705882352942 13377.607754972823 334.4401938743206 9.35 9.35 102.0 1949.0 60.90625
3619.0037975050136 37.0 1.0 1916.0 112.70588235294117 13378.607754972823 334.4651938743206 9.35 9.35 102.0 1949.0 60.90625
3620.004885589796 37.0 1.0 1916.0 112.70588235294117 13379.607754972823 334.4901938743206 9.35 9.35 102.0 1949.0 60.90625
3621.0037975050136 37.0 1.0 1917.0 112.76470588235294 13380.607754972823 334.5151938743206 9.35 9.35 102.0 1949.0 60.90625
3622.004885589796 37.0 1.0 1917.0 112.76470588235294 13381.607754972823 334.5401938743206 9.35 9.35 102.0 1949.0 60.90625
3623.0037975050136 37.0 1.0 1918.0 112.8235294117647 13382.607754972823 334.5651938743206 9.35 9.35 102.0 1949.0 60.90625
3624.004885589796 37.0 1.0 1918.0 112.8235294117647 13383.607754972823 334.5901938743206 9.35 9.35 102.0 1949.0 60.90625
3625.0037975050136 37.0 1.0 1919.0 112.88235294117646 13384.607754972823 334.6151938743206 9.35 9.35 102.0 1949.0 60.90625
3626.004885589796 37.0 1.0 1919.0 112.88235294117646 13385.607754972823 334.6401938743206 9.35 9.35 102.0 1949.0 60.90625
3627.0037975050136 37.0 1.0 1920.0 112.94117647058822 13386.607754972823 334.6651938743206 9.35 9.35 102.0 1949.0 60.90625
3628.004885589796 37.0 1.0 1920.0 112.94117647058822 13387.607754972823 334.6901938743206 9.35 9.35 102.0 1949.0 60.90625
3629.0037975050136 37.0 1.0 1921.0 113.0 13388.607754972823 334.7151938743206 9.35 9.35 102.0 1949.0 60.90625
3630.004885589796 37.0 1.0 1921.0 113.0 13389.607754972823 334.7401938743206 9.35 9.35 102.0 1949.0 60.90625
3631.0037975050136 37.0 1.0 1922.0 113.05882352941178 13390.607754972823 334.7651938743206 9.35 9.35 102.0 1949.0 60.90625
3632.004885589796 37.0 1.0 1922.0 113.05882352941178 13391.607754972823 334.7901938743206 9.35 9.35 102.0 1949.0 60.90625
3633.0037975050136 37.0 1.0 1923.0 113.11764705882354 13392.607754972823 334.8151938743206 9.35 9.35 102.0 1949.0 60.90625
3634.004885589796 37.0 1.0 1923.0 113.11764705882354 13393.607754972823 334.8401938743206 9.35 9.35 102.0 1949.0 60.90625
3635.0037975050136 37.0 1.0 1924.0 113.1764705882353 13394.607754972823 334.8651938743206 9.35 9.35 102.0 1949.0 60.90625
3636.004885589796 37.0 1.0 1924.0 113.1764705882353 13395.607754972823 334.8901938743206 9.35 9.35 102.0 1949.0 60.90625
3637.0037975050136 37.0 1.0 1925.0 113.23529411764706 13396.607754972823 334.9151938743206 9.35 9.35 102.0 1949.0 60.90625
3638.004885589796 37.0 1.0 1925.0 113.23529411764706 13397.607754972823 334.9401938743206 9.35 9.35 102.0 1949.0 60.90625
3639.0037975050136 37.0 1.0 1926.0 113.29411764705883 13398.607754972823 334.9651938743206 9.35 9.35 102.0 1949.0 60.90625
3640.004885589796 37.0 1.0 1926.0 113.29411764705883 13399.607754972823 334.9901938743206 9.35 9.35 102.0 1949.0 60.90625
3641.0037975050136 37.0 1.0 1927.0 113.35294117647058 13400.607754972823 335.0151938743206 9.35 9.35 102.0 1949.0 60.90625
3642.004885589796 37.0 1.0 1927.0 113.35294117647058 13401.607754972823 335.0401938743206 9.35 9.35 102.0 1949.0 60.90625
3643.0037975050136 37.0 1.0 1928.0 113.41176470588238 13402.607754972823 335.0651938743206 9.35 9.35 102.0 1949.0 60.90625
3644.004885589796 37.0 1.0 1928.0 113.41176470588238 13403.607754972823 335.0901938743206 9.35 9.35 102.0 1949.0 60.90625
3645.0037975050136 37.0 1.0 1929.0 113.4705882352941 13404.607754972823 335.1151938743206 9.35 9.35 102.0 1949.0 60.90625
3646.004885589796 37.0 1.0 1929.0 113.4705882352941 13405.607754972823 335.1401938743206 9.35 9.35 102.0 1949.0 60.90625
3647.0037975050136 37.0 1.0 1930.0 113.5294117647059 13406.607754972823 335.1651938743206 9.35 9.35 102.0 1949.0 60.90625
3648.004885589796 37.0 1.0 1930.0 113.5294117647059 13407.607754972823 335.1901938743206 9.35 9.35 102.0 1949.0 60.90625
3649.0037975050136 37.0 1.0 1931.0 113.58823529411762 13408.607754972823 335.2151938743206 9.35 9.35 102.0 1949.0 60.90625
3650.004885589796 37.0 1.0 1931.0 113.58823529411762 13409.607754972823 335.2401938743206 9.35 9.35 102.0 1949.0 60.90625
3651.0037975050136 37.0 1.0 1932.0 113.64705882352942 13410.607754972823 335.2651938743206 9.35 9.35 102.0 1949.0 60.90625
3652.004885589796 37.0 1.0 1932.0 113.64705882352942 13411.607754972823 335.2901938743206 9.35 9.35 102.0 1949.0 60.90625
3653.0037975050136 37.0 0.0 1932.0 113.64705882352942 13412.607754972823 335.3151938743206 9.35 9.35 102.0 1949.0 60.90625
3654.004885589796 37.0 0.0 1932.0 113.64705882352942 13413.607754972823 335.3401938743206 9.35 9.35 102.0 1949.0 60.90625
3655.0037975050136 37.0 0.0 1932.0 113.64705882352942 13415.607754972823 335.3901938743206 9.35 9.35 120.0 1949.0 60.90625
3656.004885589796 37.0 0.0 1932.0 113.64705882352942 13416.607754972823 335.4151938743206 9.35 9.35 120.0 1949.0 60.90625
3657.0037975050136 37.0 0.0 1932.0 113.64705882352942 13418.607754972823 335.4651938743206 9.35 9.35 120.0 1949.0 60.90625
3658.004885589796 37.0 0.0 1932.0 113.64705882352942 13419.607754972823 335.4901938743206 9.35 9.35 120.0 1949.0 60.90625
3659.0037975050136 37.0 0.0 1932.0 113.64705882352942 13421.607754972823 335.5401938743206 9.35 9.35 120.0 1949.0 60.90625
3660.004885589796 37.0 0.0 1932.0 113.64705882352942 13422.607754972823 335.5651938743206 9.35 9.35 120.0 1949.0 60.90625
3661.0037975050136 37.0 0.0 1932.0 113.64705882352942 13424.607754972823 335.6151938743206 9.35 9.35 120.0 1949.0 60.90625
3662.004885589796 37.0 0.0 1932.0 113.64705882352942 13425.607754972823 335.6401938743206 9.35 9.35 120.0 1949.0 60.90625
3663.0037975050136 37.0 0.0 1932.0 113.64705882352942 13427.607754972823 335.6901938743206 9.35 9.35 120.0 1949.0 60.90625
3664.004885589796 37.0 0.0 1932.0 113.64705882352942 13428.607754972823 335.7151938743206 9.35 9.35 120.0 1949.0 60.90625
3665.0037975050136 37.0 0.0 1932.0 113.64705882352942 13430.607754972823 335.7651938743206 9.35 9.35 120.0 1949.0 60.90625
3666.004885589796 37.0 0.0 1932.0 113.64705882352942 13431.607754972823 335.7901938743206 9.35 9.35 120.0 1949.0 60.90625
3667.0037975050136 37.0 0.0 1932.0 113.64705882352942 13433.607754972823 335.8401938743206 9.35 9.35 120.0 1949.0 60.90625
3668.004885589796 37.0 0.0 1932.0 113.64705882352942 13434.607754972823 335.8651938743206 9.35 9.35 120.0 1949.0 60.90625
3669.0037975050136 37.0 0.0 1932.0 113.64705882352942 13436.607754972823 335.9151938743206 9.35 9.35 120.0 1949.0 60.90625
3670.004885589796 37.0 0.0 1932.0 113.64705882352942 13437.607754972823 335.9401938743206 9.35 9.35 120.0 1949.0 60.90625
3671.0037975050136 37.0 0.0 1932.0 113.64705882352942 13439.607754972823 335.9901938743206 9.35 9.35 120.0 1949.0 60.90625
3672.004885589796 37.0 0.0 1932.0 113.64705882352942 13440.607754972823 336.0151938743206 9.35 9.35 120.0 1949.0 60.90625
3673.0037975050136 37.0 0.0 1932.0 113.64705882352942 13442.607754972823 336.0651938743206 9.35 9.35 120.0 1949.0 60.90625
3674.004885589796 37.0 0.0 1932.0 113.64705882352942 13443.607754972823 336.0901938743206 9.35 9.35 120.0 1949.0 60.90625
3675.0037975050136 37.0 0.0 1932.0 113.64705882352942 13445.607754972823 336.1401938743206 9.35 9.35 120.0 1949.0 60.90625
3676.004885589796 37.0 0.0 1932.0 113.64705882352942 13446.607754972823 336.1651938743206 9.35 9.35 120.0 1949.0 60.90625
3677.0037975050136 37.0 0.0 1932.0 113.64705882352942 13448.607754972823 336.2151938743206 9.35 9.35 120.0 1949.0 60.90625
3678.004885589796 37.0 0.0 1932.0 113.64705882352942 13449.607754972823 336.2401938743206 9.35 9.35 120.0 1949.0 60.90625
3679.0037975050136 37.0 0.0 1932.0 113.64705882352942 13451.607754972823 336.2901938743206 9.35 9.35 120.0 1949.0 60.90625
3680.004885589796 37.0 0.0 1932.0 113.64705882352942 13452.607754972823 336.3151938743206 9.35 9.35 120.0 1949.0 60.90625
3681.0037975050136 37.0 0.0 1932.0 113.64705882352942 13454.607754972823 336.3651938743206 9.35 9.35 120.0 1949.0 60.90625
3682.004885589796 37.0 0.0 1932.0 113.64705882352942 13455.607754972823 336.3901938743206 9.35 9.35 120.0 1949.0 60.90625
3683.0037975050136 37.0 0.0 1932.0 113.64705882352942 13457.607754972823 336.4401938743206 9.35 9.35 120.0 1949.0 60.90625
3684.004885589796 37.0 0.0 1932.0 113.64705882352942 13458.607754972823 336.4651938743206 9.35 9.35 120.0 1949.0 60.90625
3685.0037975050136 37.0 0.0 1932.0 113.64705882352942 13460.607754972823 336.5151938743206 9.35 9.35 120.0 1949.0 60.90625
3686.004885589796 37.0 0.0 1932.0 113.64705882352942 13461.607754972823 336.5401938743206 9.35 9.35 120.0 1949.0 60.90625
3687.0037975050136 37.0 0.0 1932.0 113.64705882352942 13463.607754972823 336.5901938743206 9.35 9.35 120.0 1949.0 60.90625
3688.004885589796 37.0 0.0 1932.0 113.64705882352942 13464.607754972823 336.6151938743206 9.35 9.35 120.0 1949.0 60.90625
3689.0037975050136 37.0 0.0 1932.0 113.64705882352942 13466.248069681757 336.6562017420439 9.35 9.35 120.0 1950.0 60.9375
3690.004885589796 37.0 0.0 1932.0 113.64705882352942 13467.248069681757 336.6812017420439 9.35 9.35 120.0 1950.0 60.9375
3691.0037975050136 37.0 0.0 1932.0 113.64705882352942 13468.24816469957 336.7062041174892 9.35 9.35 120.0 1950.0 60.9375
3692.004885589796 37.0 0.0 1932.0 113.64705882352942 13469.24816469957 336.7312041174892 9.35 9.35 120.0 1950.0 60.9375
3693.0037975050136 37.0 0.0 1932.0 113.64705882352942 13471.24816469957 336.7812041174892 9.35 9.35 120.0 1950.0 60.9375
3694.004885589796 37.0 0.0 1932.0 113.64705882352942 13472.24816469957 336.8062041174892 9.35 9.35 120.0 1950.0 60.9375
3695.0037975050136 37.0 0.0 1932.0 113.64705882352942 13474.24816469957 336.8562041174892 9.35 9.35 120.0 1950.0 60.9375
3696.004885589796 37.0 0.0 1932.0 113.64705882352942 13475.24816469957 336.88120411748923 9.35 9.35 120.0 1950.0 60.9375
3697.0037975050136 37.0 0.0 1932.0 113.64705882352942 13477.24816469957 336.9312041174892 9.35 9.35 120.0 1950.0 60.9375
3698.004885589796 37.0 0.0 1932.0 113.64705882352942 13478.24816469957 336.9562041174892 9.35 9.35 120.0 1950.0 60.9375
3699.0037975050136 37.0 0.0 1932.0 113.64705882352942 13480.24816469957 337.00620411748923 9.35 9.35 120.0 1950.0 60.9375
3700.004885589796 37.0 0.0 1932.0 113.64705882352942 13481.24816469957 337.0312041174892 9.35 9.35 120.0 1950.0 60.9375
3701.0037975050136 37.0 0.0 1932.0 113.64705882352942 13483.24816469957 337.0812041174892 9.35 9.35 120.0 1950.0 60.9375
3702.004885589796 37.0 0.0 1932.0 113.64705882352942 13484.24816469957 337.1062041174892 9.35 9.35 120.0 1950.0 60.9375
3703.0037975050136 37.0 0.0 1932.0 113.64705882352942 13486.24816469957 337.1562041174892 9.35 9.35 120.0 1950.0 60.9375
3704.004885589796 37.0 0.0 1932.0 113.64705882352942 13486.390791007623 337.1597697751905 9.35 9.35 120.0 1951.0 60.96875
3705.0037975050136 37.0 0.0 1932.0 113.64705882352942 13488.390791007623 337.2097697751905 9.35 9.35 120.0 1951.0 60.96875
3706.004885589796 37.0 0.0 1932.0 113.64705882352942 13488.390854819401 337.20977137048504 9.35 9.35 120.0 1951.0 60.96875
3707.0037975050136 37.0 0.0 1932.0 113.64705882352942 13490.390854819401 337.25977137048505 9.35 9.35 120.0 1951.0 60.96875
3708.004885589796 37.0 0.0 1932.0 113.64705882352942 13491.390854819401 337.28477137048503 9.35 9.35 120.0 1951.0 60.96875
3709.0037975050136 37.0 0.0 1932.0 113.64705882352942 13493.390854819401 337.33477137048504 9.35 9.35 120.0 1951.0 60.96875
3710.004885589796 37.0 0.0 1932.0 113.64705882352942 13494.390854819401 337.359771370485 9.35 9.35 120.0 1951.0 60.96875
3711.0037975050136 37.0 0.0 1932.0 113.64705882352942 13496.390854819401 337.40977137048503 9.35 9.35 120.0 1951.0 60.96875
3712.004885589796 37.0 0.0 1932.0 113.64705882352942 13497.390854819401 337.43477137048507 9.35 9.35 120.0 1951.0 60.96875
3713.0037975050136 37.0 0.0 1932.0 113.64705882352942 13499.390854819401 337.484771370485 9.35 9.35 120.0 1951.0 60.96875
3714.004885589796 37.0 0.0 1932.0 113.64705882352942 13500.390854819401 337.50977137048505 9.35 9.35 120.0 1951.0 60.96875
3715.0037975050136 37.0 0.0 1932.0 113.64705882352942 13502.390854819401 337.55977137048507 9.35 9.35 120.0 1951.0 60.96875
3716.004885589796 37.0 0.0 1932.0 113.64705882352942 13503.390854819401 337.58477137048504 9.35 9.35 120.0 1951.0 60.96875
3717.0037975050136 37.0 0.0 1932.0 113.64705882352942 13505.390854819401 337.63477137048505 9.35 9.35 120.0 1951.0 60.96875
3718.004885589796 37.0 0.0 1932.0 113.64705882352942 13506.390854819401 337.65977137048503 9.35 9.35 120.0 1951.0 60.96875
3719.0037975050136 37.0 0.0 1932.0 113.64705882352942 13508.390854819401 337.70977137048504 9.35 9.35 120.0 1951.0 60.96875
3720.004885589796 37.0 0.0 1932.0 113.64705882352942 13509.390854819401 337.734771370485 9.35 9.35 120.0 1951.0 60.96875
3721.0037975050136 37.0 0.0 1932.0 113.64705882352942 13511.390854819401 337.78477137048503 9.35 9.35 120.0 1951.0 60.96875
3722.004885589796 37.0 0.0 1932.0 113.64705882352942 13511.467746107111 337.78669365267774 9.35 9.35 120.0 1952.0 61.0
3723.0037975050136 37.0 0.0 1932.0 113.64705882352942 13513.467746107111 337.83669365267775 9.35 9.35 120.0 1952.0 61.0
3724.004885589796 37.0 0.0 1932.0 113.64705882352942 13513.467891088021 337.83669727720047 9.35 9.35 120.0 1952.0 61.0
3725.0037975050136 37.0 0.0 1932.0 113.64705882352942 13515.467891088021 337.8866972772005 9.35 9.35 120.0 1952.0 61.0
3726.004885589796 37.0 0.0 1932.0 113.64705882352942 13516.467891088021 337.91169727720046 9.35 9.35 120.0 1952.0 61.0
3727.0037975050136 37.0 0.0 1932.0 113.64705882352942 13518.467891088021 337.96169727720047 9.375 9.375 120.0 1952.0 61.0
3728.004885589796 37.0 0.0 1932.0 113.64705882352942 13519.467891088021 337.98669727720045 9.375 9.375 120.0 1952.0 61.0
3729.0037975050136 37.0 0.0 1932.0 113.64705882352942 13521.467891088021 338.03669727720046 9.4 9.4 120.0 1952.0 61.0
3730.004885589796 37.0 0.0 1932.0 113.64705882352942 13522.467891088021 338.0616972772005 9.4 9.4 120.0 1952.0 61.0
3731.0037975050136 37.0 0.0 1932.0 113.64705882352942 13524.467891088021 338.11169727720045 9.4 9.4 120.0 1952.0 61.0
3732.004885589796 37.0 0.0 1932.0 113.64705882352942 13525.467891088021 338.1366972772005 9.4 9.4 120.0 1952.0 61.0
3733.0037975050136 37.0 0.0 1932.0 113.64705882352942 13527.467891088021 338.1866972772005 9.4 9.4 120.0 1952.0 61.0
3734.004885589796 37.0 0.0 1932.0 113.64705882352942 13528.467891088021 338.21169727720047 9.4 9.4 120.0 1952.0 61.0
3735.0037975050136 37.0 0.0 1932.0 113.64705882352942 13530.467891088021 338.2616972772005 9.4 9.4 120.0 1952.0 61.0
3736.004885589796 37.0 0.0 1932.0 113.64705882352942 13531.467891088021 338.28669727720046 9.4 9.4 120.0 1952.0 61.0
3737.0037975050136 37.0 0.0 1932.0 113.64705882352942 13533.467891088021 338.33669727720047 9.4 9.4 120.0 1952.0 61.0
3738.004885589796 37.0 0.0 1932.0 113.64705882352942 13534.467891088021 338.36169727720045 9.4 9.4 120.0 1952.0 61.0
3739.0037975050136 37.0 0.0 1932.0 113.64705882352942 13536.296326942844 338.40740817357107 9.4 9.4 120.0 1953.0 61.03125
3740.004885589796 37.0 0.0 1932.0 113.64705882352942 13537.296326942844 338.43240817357105 9.4 9.4 120.0 1953.0 61.03125
3741.0037975050136 37.0 0.0 1932.0 113.64705882352942 13538.296358569252 338.4574089642313 9.4 9.4 120.0 1953.0 61.03125
3742.004885589796 37.0 0.0 1932.0 113.64705882352942 13539.296358569252 338.4824089642313 9.4 9.4 120.0 1953.0 61.03125
3743.0037975050136 37.0 0.0 1932.0 113.64705882352942 13541.296358569252 338.5324089642313 9.4 9.4 120.0 1953.0 61.03125
3744.004885589796 37.0 0.0 1932.0 113.64705882352942 13542.296358569252 338.5574089642313 9.4 9.4 120.0 1953.0 61.03125
3745.0037975050136 37.0 0.0 1932.0 113.64705882352942 13544.296358569252 338.6074089642313 9.4 9.4 120.0 1953.0 61.03125
3746.004885589796 37.0 0.0 1932.0 113.64705882352942 13545.296358569252 338.6324089642313 9.4 9.4 120.0 1953.0 61.03125
3747.0037975050136 37.0 0.0 1932.0 113.64705882352942 13547.296358569252 338.6824089642313 9.4 9.4 120.0 1953.0 61.03125
3748.004885589796 37.0 0.0 1932.0 113.64705882352942 13548.296358569252 338.7074089642313 9.425 9.425 120.0 1953.0 61.03125
3749.0037975050136 37.0 0.0 1932.0 113.64705882352942 13550.296358569252 338.7574089642313 9.425 9.425 120.0 1953.0 61.03125
3750.004885589796 37.0 0.0 1932.0 113.64705882352942 13550.296358569252 338.7574089642313 9.45 9.45 120.0 1953.0 61.03125
3751.0037975050136 37.0 0.0 1932.0 113.64705882352942 13552.296358569252 338.8074089642313 9.45 9.45 120.0 1953.0 61.03125
3752.004885589796 37.0 0.0 1932.0 113.64705882352942 13552.296358569252 338.8074089642313 9.475 9.475 120.0 1953.0 61.03125
3753.0037975050136 37.0 0.0 1932.0 113.64705882352942 13554.296358569252 338.8574089642313 9.5 9.5 120.0 1953.0 61.03125
3754.004885589796 37.0 0.0 1932.0 113.64705882352942 13554.296358569252 338.8574089642313 9.5 9.5 120.0 1953.0 61.03125
3755.0037975050136 37.0 0.0 1932.0 113.64705882352942 13556.296358569252 338.9074089642313 9.5 9.5 120.0 1953.0 61.03125
3756.004885589796 37.0 0.0 1932.0 113.64705882352942 13556.296358569252 338.9074089642313 9.5 9.5 120.0 1953.0 61.03125
3757.0037975050136 37.0 0.0 1932.0 113.64705882352942 13558.296358569252 338.9574089642313 9.5 9.5 120.0 1953.0 61.03125
3758.004885589796 37.0 0.0 1932.0 113.64705882352942 13558.296358569252 338.9574089642313 9.5 9.5 120.0 1953.0 61.03125
3759.0037975050136 37.0 0.0 1932.0 113.64705882352942 13560.296358569252 339.0074089642313 9.5 9.5 120.0 1953.0 61.03125
3760.004885589796 37.0 0.0 1932.0 113.64705882352942 13560.296358569252 339.0074089642313 9.5 9.5 120.0 1953.0 61.03125
3761.0037975050136 37.0 0.0 1932.0 113.64705882352942 13562.296358569252 339.0574089642313 9.5 9.5 120.0 1953.0 61.03125
3762.004885589796 37.0 0.0 1932.0 113.64705882352942 13562.296358569252 339.0574089642313 9.5 9.5 120.0 1953.0 61.03125
3763.0037975050136 37.0 0.0 1932.0 113.64705882352942 13564.296358569252 339.1074089642313 9.5 9.5 120.0 1953.0 61.03125
3764.004885589796 37.0 0.0 1932.0 113.64705882352942 13564.296358569252 339.1074089642313 9.5 9.5 120.0 1953.0 61.03125
3765.0037975050136 37.0 0.0 1932.0 113.64705882352942 13566.296358569252 339.1574089642313 9.5 9.5 120.0 1953.0 61.03125
3766.004885589796 37.0 0.0 1932.0 113.64705882352942 13566.296358569252 339.1574089642313 9.5 9.5 120.0 1953.0 61.03125
3767.0037975050136 37.0 0.0 1932.0 113.64705882352942 13568.296358569252 339.2074089642313 9.5 9.5 120.0 1953.0 61.03125
3768.004885589796 37.0 0.0 1932.0 113.64705882352942 13568.296358569252 339.2074089642313 9.5 9.5 120.0 1953.0 61.03125
3769.0037975050136 37.0 0.0 1932.0 113.64705882352942 13570.296358569252 339.2574089642313 9.5 9.5 120.0 1953.0 61.03125
3770.004885589796 37.0 0.0 1932.0 113.64705882352942 13570.296358569252 339.2574089642313 9.5 9.5 120.0 1953.0 61.03125
3771.0037975050136 37.0 0.0 1932.0 113.64705882352942 13572.296358569252 339.3074089642313 9.5 9.5 120.0 1953.0 61.03125
3772.004885589796 37.0 0.0 1932.0 113.64705882352942 13572.296358569252 339.3074089642313 9.5 9.5 120.0 1953.0 61.03125
3773.0037975050136 37.0 0.0 1932.0 113.64705882352942 13574.296358569252 339.3574089642313 9.5 9.5 120.0 1953.0 61.03125
3774.004885589796 37.0 0.0 1932.0 113.64705882352942 13574.296358569252 339.3574089642313 9.5 9.5 120.0 1953.0 61.03125
3775.0037975050136 37.0 0.0 1932.0 113.64705882352942 13576.296358569252 339.4074089642313 9.5 9.5 120.0 1953.0 61.03125
3776.004885589796 37.0 0.0 1932.0 113.64705882352942 13576.296358569252 339.4074089642313 9.5 9.5 120.0 1953.0 61.03125
3777.0037975050136 37.0 0.0 1932.0 113.64705882352942 13578.20960081864 339.45524002046596 9.525 9.525 120.0 1954.0 61.0625
3778.004885589796 37.0 0.0 1932.0 113.64705882352942 13578.20960081864 339.45524002046596 9.55 9.55 120.0 1954.0 61.0625
3779.0037975050136 37.0 0.0 1932.0 113.64705882352942 13578.209730651632 339.4552432662907 9.55 9.55 120.0 1954.0 61.0625
3780.004885589796 37.0 0.0 1932.0 113.64705882352942 13578.209730651632 339.4552432662907 9.55 9.55 120.0 1954.0 61.0625
3781.0037975050136 37.0 0.0 1932.0 113.64705882352942 13579.209730651632 339.48024326629076 9.55 9.55 120.0 1954.0 61.0625
3782.004885589796 37.0 0.0 1932.0 113.64705882352942 13579.209730651632 339.48024326629076 9.55 9.55 120.0 1954.0 61.0625
3783.0037975050136 37.0 0.0 1932.0 113.64705882352942 13580.209730651632 339.50524326629073 9.55 9.55 120.0 1954.0 61.0625
3784.004885589796 37.0 0.0 1932.0 113.64705882352942 13580.209730651632 339.50524326629073 9.55 9.55 120.0 1954.0 61.0625
3785.0037975050136 37.0 0.0 1932.0 113.64705882352942 13581.209730651632 339.53024326629077 9.55 9.55 120.0 1954.0 61.0625
3786.004885589796 37.0 0.0 1932.0 113.64705882352942 13581.209730651632 339.53024326629077 9.55 9.55 120.0 1954.0 61.0625
3787.0037975050136 37.0 0.0 1932.0 113.64705882352942 13582.209730651632 339.55524326629074 9.55 9.55 120.0 1954.0 61.0625
3788.004885589796 37.0 0.0 1932.0 113.64705882352942 13582.209730651632 339.55524326629074 9.55 9.55 120.0 1954.0 61.0625
3789.0037975050136 37.0 0.0 1932.0 113.64705882352942 13583.209730651632 339.5802432662907 9.55 9.55 120.0 1954.0 61.0625
3790.004885589796 37.0 0.0 1932.0 113.64705882352942 13583.209730651632 339.5802432662907 9.55 9.55 120.0 1954.0 61.0625
3791.0037975050136 37.0 0.0 1932.0 113.64705882352942 13584.209730651632 339.60524326629076 9.55 9.55 120.0 1954.0 61.0625
3792.004885589796 37.0 0.0 1932.0 113.64705882352942 13584.209730651632 339.60524326629076 9.55 9.55 120.0 1954.0 61.0625
3793.0037975050136 37.0 0.0 1932.0 113.64705882352942 13585.209730651632 339.63024326629073 9.55 9.55 120.0 1954.0 61.0625
3794.004885589796 37.0 0.0 1932.0 113.64705882352942 13585.209730651632 339.63024326629073 9.55 9.55 120.0 1954.0 61.0625
3795.0037975050136 37.0 0.0 1932.0 113.64705882352942 13586.209730651632 339.65524326629077 9.55 9.55 120.0 1954.0 61.0625
3796.004885589796 37.0 0.0 1932.0 113.64705882352942 13586.209730651632 339.65524326629077 9.55 9.55 120.0 1954.0 61.0625
3797.0037975050136 37.0 0.0 1932.0 113.64705882352942 13587.209730651632 339.68024326629074 9.55 9.55 120.0 1954.0 61.0625
3798.004885589796 37.0 0.0 1932.0 113.64705882352942 13587.209730651632 339.68024326629074 9.55 9.55 120.0 1954.0 61.0625
3799.0037975050136 37.0 0.0 1932.0 113.64705882352942 13588.209730651632 339.7052432662907 9.55 9.55 120.0 1954.0 61.0625
3800.004885589796 37.0 0.0 1932.0 113.64705882352942 13588.209730651632 339.7052432662907 9.55 9.55 120.0 1954.0 61.0625
3801.0037975050136 37.0 0.0 1932.0 113.64705882352942 13589.209730651632 339.73024326629076 9.55 9.55 120.0 1954.0 61.0625
3802.004885589796 37.0 0.0 1932.0 113.64705882352942 13589.209730651632 339.73024326629076 9.55 9.55 120.0 1954.0 61.0625
3803.0037975050136 37.0 0.0 1932.0 113.64705882352942 13590.209730651632 339.75524326629073 9.55 9.55 120.0 1954.0 61.0625
3804.004885589796 37.0 0.0 1932.0 113.64705882352942 13590.209730651632 339.75524326629073 9.55 9.55 120.0 1954.0 61.0625
3805.0037975050136 37.0 0.0 1932.0 113.64705882352942 13591.209730651632 339.78024326629077 9.55 9.55 120.0 1954.0 61.0625
3806.004885589796 37.0 0.0 1932.0 113.64705882352942 13591.209730651632 339.78024326629077 9.55 9.55 120.0 1954.0 61.0625
3807.0037975050136 37.0 0.0 1932.0 113.64705882352942 13592.209730651632 339.80524326629074 9.55 9.55 120.0 1954.0 61.0625
3808.004885589796 37.0 0.0 1932.0 113.64705882352942 13592.209730651632 339.80524326629074 9.55 9.55 120.0 1954.0 61.0625
3809.0037975050136 37.0 0.0 1932.0 113.64705882352942 13593.209730651632 339.8302432662907 9.55 9.55 120.0 1954.0 61.0625
3810.004885589796 37.0 0.0 1932.0 113.64705882352942 13593.209730651632 339.8302432662907 9.55 9.55 120.0 1954.0 61.0625
3811.0037975050136 37.0 0.0 1932.0 113.64705882352942 13594.209730651632 339.85524326629076 9.55 9.55 120.0 1954.0 61.0625
3812.004885589796 37.0 0.0 1932.0 113.64705882352942 13594.209730651632 339.85524326629076 9.55 9.55 120.0 1954.0 61.0625
3813.0037975050136 37.0 0.0 1932.0 113.64705882352942 13595.209730651632 339.88024326629073 9.55 9.55 120.0 1954.0 61.0625
3814.004885589796 37.0 0.0 1932.0 113.64705882352942 13595.209730651632 339.88024326629073 9.55 9.55 120.0 1954.0 61.0625
3815.0037975050136 37.0 0.0 1932.0 113.64705882352942 13595.68298771231 339.8920746928077 9.55 9.55 120.0 1955.0 61.09375
3816.004885589796 37.0 0.0 1932.0 113.64705882352942 13595.68298771231 339.8920746928077 9.55 9.55 120.0 1955.0 61.09375
3817.0037975050136 37.0 0.0 1932.0 113.64705882352942 13595.683165075456 339.89207912688636 9.55 9.55 120.0 1955.0 61.09375
3818.004885589796 37.0 0.0 1932.0 113.64705882352942 13595.683165075456 339.89207912688636 9.55 9.55 120.0 1955.0 61.09375
3819.0037975050136 37.0 0.0 1932.0 113.64705882352942 13596.683165075456 339.91707912688634 9.55 9.55 120.0 1955.0 61.09375
3820.004885589796 37.0 0.0 1932.0 113.64705882352942 13596.683165075456 339.91707912688634 9.55 9.55 120.0 1955.0 61.09375
3821.0037975050136 37.0 0.0 1932.0 113.64705882352942 13597.683165075456 339.94207912688637 9.55 9.55 120.0 1955.0 61.09375
3822.004885589796 37.0 0.0 1932.0 113.64705882352942 13597.683165075456 339.94207912688637 9.55 9.55 120.0 1955.0 61.09375
3823.0037975050136 37.0 0.0 1932.0 113.64705882352942 13598.683165075456 339.96707912688635 9.55 9.55 120.0 1955.0 61.09375
3824.004885589796 37.0 0.0 1932.0 113.64705882352942 13598.683165075456 339.96707912688635 9.55 9.55 120.0 1955.0 61.09375
3825.0037975050136 37.0 0.0 1932.0 113.64705882352942 13599.426162152507 339.98565405381265 9.55 9.55 120.0 1956.0 61.125
3826.004885589796 37.0 0.0 1932.0 113.64705882352942 13599.426162152507 339.98565405381265 9.55 9.55 120.0 1956.0 61.125
3827.0037975050136 37.0 0.0 1932.0 113.64705882352942 13599.426332158482 339.985658303962 9.55 9.55 120.0 1956.0 61.125
3828.004885589796 37.0 0.0 1932.0 113.64705882352942 13599.426332158482 339.985658303962 9.55 9.55 120.0 1956.0 61.125
3829.0037975050136 37.0 0.0 1932.0 113.64705882352942 13600.426332158482 340.01065830396203 9.55 9.55 120.0 1956.0 61.125
3830.004885589796 37.0 0.0 1932.0 113.64705882352942 13600.426332158482 340.01065830396203 9.55 9.55 120.0 1956.0 61.125
3831.0037975050136 37.0 0.0 1932.0 113.64705882352942 13601.426332158482 340.035658303962 9.55 9.55 120.0 1956.0 61.125
3832.004885589796 37.0 0.0 1932.0 113.64705882352942 13601.426332158482 340.035658303962 9.55 9.55 120.0 1956.0 61.125
3833.0037975050136 37.0 0.0 1932.0 113.64705882352942 13602.426332158482 340.060658303962 9.55 9.55 120.0 1956.0 61.125
3834.004885589796 37.0 0.0 1932.0 113.64705882352942 13602.426332158482 340.060658303962 9.55 9.55 120.0 1956.0 61.125
3835.0037975050136 37.0 0.0 1932.0 113.64705882352942 13603.426332158482 340.085658303962 9.55 9.55 120.0 1956.0 61.125
3836.004885589796 37.0 0.0 1932.0 113.64705882352942 13603.426332158482 340.085658303962 9.55 9.55 120.0 1956.0 61.125
3837.0037975050136 37.0 0.0 1932.0 113.64705882352942 13604.426332158482 340.110658303962 9.55 9.55 120.0 1956.0 61.125
3838.004885589796 37.0 0.0 1932.0 113.64705882352942 13604.426332158482 340.110658303962 9.55 9.55 120.0 1956.0 61.125
3839.0037975050136 37.0 0.0 1932.0 113.64705882352942 13605.426332158482 340.13565830396203 9.55 9.55 120.0 1956.0 61.125
3840.004885589796 37.0 0.0 1932.0 113.64705882352942 13605.426332158482 340.13565830396203 9.55 9.55 120.0 1956.0 61.125
3841.0037975050136 37.0 0.0 1932.0 113.64705882352942 13606.426332158482 340.160658303962 9.55 9.55 120.0 1956.0 61.125
3842.004885589796 37.0 0.0 1932.0 113.64705882352942 13606.426332158482 340.160658303962 9.55 9.55 120.0 1956.0 61.125
3843.0037975050136 37.0 0.0 1932.0 113.64705882352942 13607.426332158482 340.185658303962 9.55 9.55 120.0 1956.0 61.125
3844.004885589796 37.0 0.0 1932.0 113.64705882352942 13607.426332158482 340.185658303962 9.55 9.55 120.0 1956.0 61.125
3845.0037975050136 37.0 0.0 1932.0 113.64705882352942 13608.426332158482 340.210658303962 9.55 9.55 120.0 1956.0 61.125
3846.004885589796 37.0 0.0 1932.0 113.64705882352942 13608.426332158482 340.210658303962 9.55 9.55 120.0 1956.0 61.125
3847.0037975050136 37.0 0.0 1932.0 113.64705882352942 13609.426332158482 340.235658303962 9.55 9.55 120.0 1956.0 61.125
3848.004885589796 37.0 0.0 1932.0 113.64705882352942 13609.426332158482 340.235658303962 9.55 9.55 120.0 1956.0 61.125
3849.0037975050136 37.0 0.0 1932.0 113.64705882352942 13610.426332158482 340.26065830396203 9.55 9.55 120.0 1956.0 61.125
3850.004885589796 37.0 0.0 1932.0 113.64705882352942 13610.426332158482 340.26065830396203 9.55 9.55 120.0 1956.0 61.125
3851.0037975050136 37.0 0.0 1932.0 113.64705882352942 13611.426332158482 340.285658303962 9.55 9.55 120.0 1956.0 61.125
3852.004885589796 37.0 0.0 1932.0 113.64705882352942 13611.426332158482 340.285658303962 9.55 9.55 120.0 1956.0 61.125
3853.0037975050136 37.0 0.0 1932.0 113.64705882352942 13612.426332158482 340.310658303962 9.55 9.55 120.0 1956.0 61.125
3854.004885589796 37.0 0.0 1932.0 113.64705882352942 13612.426332158482 340.310658303962 9.55 9.55 120.0 1956.0 61.125
3855.0037975050136 37.0 0.0 1932.0 113.64705882352942 13613.426332158482 340.335658303962 9.55 9.55 120.0 1956.0 61.125
3856.004885589796 37.0 0.0 1932.0 113.64705882352942 13613.426332158482 340.335658303962 9.55 9.55 120.0 1956.0 61.125
3857.0037975050136 37.0 0.0 1932.0 113.64705882352942 13614.426332158482 340.360658303962 9.55 9.55 120.0 1956.0 61.125
3858.004885589796 37.0 0.0 1932.0 113.64705882352942 13614.426332158482 340.360658303962 9.55 9.55 120.0 1956.0 61.125
3859.0037975050136 37.0 0.0 1932.0 113.64705882352942 13615.426332158482 340.38565830396203 9.55 9.55 120.0 1956.0 61.125
3860.004885589796 37.0 0.0 1932.0 113.64705882352942 13615.426332158482 340.38565830396203 9.55 9.55 120.0 1956.0 61.125
3861.0037975050136 37.0 0.0 1932.0 113.64705882352942 13616.426332158482 340.410658303962 9.55 9.55 120.0 1956.0 61.125
3862.004885589796 37.0 0.0 1932.0 113.64705882352942 13616.426332158482 340.410658303962 9.55 9.55 120.0 1956.0 61.125
3863.0037975050136 37.0 0.0 1932.0 113.64705882352942 13617.426332158482 340.435658303962 9.55 9.55 120.0 1956.0 61.125
3864.004885589796 37.0 0.0 1932.0 113.64705882352942 13617.426332158482 340.435658303962 9.55 9.55 120.0 1956.0 61.125
3865.0037975050136 37.0 0.0 1932.0 113.64705882352942 13618.426332158482 340.460658303962 9.55 9.55 120.0 1956.0 61.125
3866.004885589796 37.0 0.0 1932.0 113.64705882352942 13618.426332158482 340.460658303962 9.55 9.55 120.0 1956.0 61.125
3867.0037975050136 37.0 0.0 1932.0 113.64705882352942 13619.426332158482 340.485658303962 9.55 9.55 120.0 1956.0 61.125
3868.004885589796 37.0 0.0 1932.0 113.64705882352942 13619.426332158482 340.485658303962 9.55 9.55 120.0 1956.0 61.125
3869.0037975050136 37.0 0.0 1932.0 113.64705882352942 13620.426332158482 340.51065830396203 9.55 9.55 120.0 1956.0 61.125
3870.004885589796 37.0 0.0 1932.0 113.64705882352942 13620.426332158482 340.51065830396203 9.55 9.55 120.0 1956.0 61.125
3871.0037975050136 37.0 0.0 1932.0 113.64705882352942 13621.426332158482 340.535658303962 9.55 9.55 120.0 1956.0 61.125
3872.004885589796 37.0 0.0 1932.0 113.64705882352942 13621.426332158482 340.535658303962 9.55 9.55 120.0 1956.0 61.125
3873.0037975050136 37.0 0.0 1932.0 113.64705882352942 13622.426332158482 340.560658303962 9.55 9.55 120.0 1956.0 61.125
3874.004885589796 37.0 0.0 1932.0 113.64705882352942 13622.426332158482 340.560658303962 9.55 9.55 120.0 1956.0 61.125
3875.0037975050136 37.0 0.0 1932.0 113.64705882352942 13623.426332158482 340.585658303962 9.55 9.55 120.0 1956.0 61.125
3876.004885589796 37.0 0.0 1932.0 113.64705882352942 13623.426332158482 340.585658303962 9.55 9.55 120.0 1956.0 61.125
3877.0037975050136 37.0 0.0 1932.0 113.64705882352942 13624.426332158482 340.610658303962 9.55 9.55 120.0 1956.0 61.125
3878.004885589796 37.0 0.0 1932.0 113.64705882352942 13624.426332158482 340.610658303962 9.55 9.55 120.0 1956.0 61.125
3879.0037975050136 37.0 0.0 1932.0 113.64705882352942 13625.426332158482 340.63565830396203 9.55 9.55 120.0 1956.0 61.125
3880.004885589796 37.0 0.0 1932.0 113.64705882352942 13625.426332158482 340.63565830396203 9.55 9.55 120.0 1956.0 61.125
3881.0037975050136 37.0 0.0 1932.0 113.64705882352942 13626.426332158482 340.660658303962 9.55 9.55 120.0 1956.0 61.125
3882.004885589796 37.0 0.0 1932.0 113.64705882352942 13626.426332158482 340.660658303962 9.55 9.55 120.0 1956.0 61.125
3883.0037975050136 37.0 0.0 1932.0 113.64705882352942 13627.426332158482 340.685658303962 9.55 9.55 120.0 1956.0 61.125
3884.004885589796 37.0 0.0 1932.0 113.64705882352942 13627.426332158482 340.685658303962 9.55 9.55 120.0 1956.0 61.125
3885.0037975050136 37.0 0.0 1932.0 113.64705882352942 13628.426332158482 340.710658303962 9.55 9.55 120.0 1956.0 61.125
3886.004885589796 37.0 0.0 1932.0 113.64705882352942 13628.426332158482 340.710658303962 9.55 9.55 120.0 1956.0 61.125
3887.0037975050136 37.0 0.0 1932.0 113.64705882352942 13629.426332158482 340.735658303962 9.55 9.55 120.0 1956.0 61.125
3888.004885589796 37.0 0.0 1932.0 113.64705882352942 13629.426332158482 340.735658303962 9.55 9.55 120.0 1956.0 61.125
3889.0037975050136 37.0 0.0 1932.0 113.64705882352942 13630.426332158482 340.76065830396203 9.55 9.55 120.0 1956.0 61.125
3890.004885589796 37.0 0.0 1932.0 113.64705882352942 13630.426332158482 340.76065830396203 9.55 9.55 120.0 1956.0 61.125
3891.0037975050136 37.0 0.0 1932.0 113.64705882352942 13631.426332158482 340.785658303962 9.55 9.55 120.0 1956.0 61.125
3892.004885589796 37.0 0.0 1932.0 113.64705882352942 13631.426332158482 340.785658303962 9.55 9.55 120.0 1956.0 61.125
3893.0037975050136 37.0 0.0 1932.0 113.64705882352942 13632.426332158482 340.810658303962 9.55 9.55 120.0 1956.0 61.125
3894.004885589796 37.0 0.0 1932.0 113.64705882352942 13632.426332158482 340.810658303962 9.55 9.55 120.0 1956.0 61.125
3895.0037975050136 37.0 0.0 1932.0 113.64705882352942 13633.426332158482 340.835658303962 9.55 9.55 120.0 1956.0 61.125
3896.004885589796 37.0 0.0 1932.0 113.64705882352942 13633.426332158482 340.835658303962 9.55 9.55 120.0 1956.0 61.125
3897.0037975050136 37.0 0.0 1932.0 113.64705882352942 13634.426332158482 340.860658303962 9.55 9.55 120.0 1956.0 61.125
3898.004885589796 37.0 0.0 1932.0 113.64705882352942 13634.426332158482 340.860658303962 9.55 9.55 120.0 1956.0 61.125
3899.0037975050136 37.0 0.0 1932.0 113.64705882352942 13635.426332158482 340.88565830396203 9.55 9.55 120.0 1956.0 61.125
3900.004885589796 37.0 0.0 1932.0 113.64705882352942 13635.426332158482 340.88565830396203 9.55 9.55 120.0 1956.0 61.125
3901.0037975050136 37.0 0.0 1932.0 113.64705882352942 13636.426332158482 340.910658303962 9.55 9.55 120.0 1956.0 61.125
3902.004885589796 37.0 0.0 1932.0 113.64705882352942 13636.426332158482 340.910658303962 9.55 9.55 120.0 1956.0 61.125
3903.0037975050136 37.0 0.0 1932.0 113.64705882352942 13637.426332158482 340.935658303962 9.55 9.55 120.0 1956.0 61.125
3904.004885589796 37.0 0.0 1932.0 113.64705882352942 13637.426332158482 340.935658303962 9.55 9.55 120.0 1956.0 61.125
3905.0037975050136 37.0 0.0 1932.0 113.64705882352942 13638.426332158482 340.960658303962 9.55 9.55 120.0 1956.0 61.125
3906.004885589796 37.0 0.0 1932.0 113.64705882352942 13638.426332158482 340.960658303962 9.55 9.55 120.0 1956.0 61.125
3907.0037975050136 37.0 0.0 1932.0 113.64705882352942 13639.426332158482 340.985658303962 9.55 9.55 120.0 1956.0 61.125
3908.004885589796 37.0 0.0 1932.0 113.64705882352942 13639.426332158482 340.985658303962 9.55 9.55 120.0 1956.0 61.125
3909.0037975050136 37.0 0.0 1932.0 113.64705882352942 13640.426332158482 341.01065830396203 9.55 9.55 120.0 1956.0 61.125
3910.004885589796 37.0 0.0 1932.0 113.64705882352942 13640.426332158482 341.01065830396203 9.55 9.55 120.0 1956.0 61.125
3911.0037975050136 37.0 0.0 1932.0 113.64705882352942 13641.426332158482 341.035658303962 9.55 9.55 120.0 1956.0 61.125
3912.004885589796 37.0 0.0 1932.0 113.64705882352942 13641.426332158482 341.035658303962 9.55 9.55 120.0 1956.0 61.125
3913.0037975050136 37.0 0.0 1932.0 113.64705882352942 13642.426332158482 341.060658303962 9.55 9.55 120.0 1956.0 61.125
3914.004885589796 37.0 0.0 1932.0 113.64705882352942 13642.426332158482 341.060658303962 9.55 9.55 120.0 1956.0 61.125
3915.0037975050136 37.0 0.0 1932.0 113.64705882352942 13642.941136824862 341.0735284206215 9.55 9.55 120.0 1957.0 61.15625
3916.004885589796 37.0 0.0 1932.0 113.64705882352942 13642.941136824862 341.0735284206215 9.55 9.55 120.0 1957.0 61.15625
3917.0037975050136 37.0 0.0 1932.0 113.64705882352942 13642.941431307188 341.0735357826797 9.55 9.55 120.0 1957.0 61.15625
3918.004885589796 37.0 0.0 1932.0 113.64705882352942 13642.941431307188 341.0735357826797 9.55 9.55 120.0 1957.0 61.15625
3919.0037975050136 37.0 0.0 1932.0 113.64705882352942 13643.941431307188 341.0985357826797 9.55 9.55 120.0 1957.0 61.15625
3920.004885589796 37.0 0.0 1932.0 113.64705882352942 13643.941431307188 341.0985357826797 9.55 9.55 120.0 1957.0 61.15625
3921.0037975050136 37.0 0.0 1932.0 113.64705882352942 13644.941431307188 341.1235357826797 9.55 9.55 120.0 1957.0 61.15625
3922.004885589796 37.0 0.0 1932.0 113.64705882352942 13644.941431307188 341.1235357826797 9.55 9.55 120.0 1957.0 61.15625
3923.0037975050136 37.0 0.0 1932.0 113.64705882352942 13645.941431307188 341.1485357826797 9.55 9.55 120.0 1957.0 61.15625
3924.004885589796 37.0 0.0 1932.0 113.64705882352942 13645.941431307188 341.1485357826797 9.55 9.55 120.0 1957.0 61.15625
3925.0037975050136 37.0 0.0 1932.0 113.64705882352942 13646.941431307188 341.1735357826797 9.55 9.55 120.0 1957.0 61.15625
3926.004885589796 37.0 0.0 1932.0 113.64705882352942 13646.941431307188 341.1735357826797 9.55 9.55 120.0 1957.0 61.15625
3927.0037975050136 37.0 0.0 1932.0 113.64705882352942 13647.941431307188 341.1985357826797 9.55 9.55 120.0 1957.0 61.15625
3928.004885589796 37.0 0.0 1932.0 113.64705882352942 13647.941431307188 341.1985357826797 9.55 9.55 120.0 1957.0 61.15625
3929.0037975050136 37.0 0.0 1932.0 113.64705882352942 13648.941431307188 341.2235357826797 9.55 9.55 120.0 1957.0 61.15625
3930.004885589796 37.0 0.0 1932.0 113.64705882352942 13648.941431307188 341.2235357826797 9.55 9.55 120.0 1957.0 61.15625
3931.0037975050136 37.0 0.0 1932.0 113.64705882352942 13649.941431307188 341.2485357826797 9.55 9.55 120.0 1957.0 61.15625
3932.004885589796 37.0 0.0 1932.0 113.64705882352942 13649.941431307188 341.2485357826797 9.55 9.55 120.0 1957.0 61.15625
3933.0037975050136 37.0 0.0 1932.0 113.64705882352942 13650.941431307188 341.2735357826797 9.55 9.55 120.0 1957.0 61.15625
3934.004885589796 37.0 0.0 1932.0 113.64705882352942 13650.941431307188 341.2735357826797 9.55 9.55 120.0 1957.0 61.15625
3935.0037975050136 37.0 0.0 1932.0 113.64705882352942 13651.941431307188 341.2985357826797 9.55 9.55 120.0 1957.0 61.15625
3936.004885589796 37.0 0.0 1932.0 113.64705882352942 13651.941431307188 341.2985357826797 9.55 9.55 120.0 1957.0 61.15625
3937.0037975050136 37.0 0.0 1932.0 113.64705882352942 13652.941431307188 341.3235357826797 9.55 9.55 120.0 1957.0 61.15625
3938.004885589796 37.0 0.0 1932.0 113.64705882352942 13652.941431307188 341.3235357826797 9.55 9.55 120.0 1957.0 61.15625
3939.0037975050136 37.0 0.0 1932.0 113.64705882352942 13653.941431307188 341.3485357826797 9.55 9.55 120.0 1957.0 61.15625
3940.004885589796 37.0 0.0 1932.0 113.64705882352942 13653.941431307188 341.3485357826797 9.55 9.55 120.0 1957.0 61.15625
3941.0037975050136 37.0 0.0 1932.0 113.64705882352942 13654.941431307188 341.3735357826797 9.55 9.55 120.0 1957.0 61.15625
3942.004885589796 37.0 0.0 1932.0 113.64705882352942 13654.941431307188 341.3735357826797 9.55 9.55 120.0 1957.0 61.15625
3943.0037975050136 37.0 0.0 1932.0 113.64705882352942 13655.941431307188 341.3985357826797 9.55 9.55 120.0 1957.0 61.15625
3944.004885589796 37.0 0.0 1932.0 113.64705882352942 13655.941431307188 341.3985357826797 9.55 9.55 120.0 1957.0 61.15625
3945.0037975050136 37.0 0.0 1932.0 113.64705882352942 13656.941431307188 341.4235357826797 9.55 9.55 120.0 1957.0 61.15625
3946.004885589796 37.0 0.0 1932.0 113.64705882352942 13656.941431307188 341.4235357826797 9.55 9.55 120.0 1957.0 61.15625
3947.0037975050136 37.0 0.0 1932.0 113.64705882352942 13657.941431307188 341.4485357826797 9.55 9.55 120.0 1957.0 61.15625
3948.004885589796 37.0 0.0 1932.0 113.64705882352942 13657.941431307188 341.4485357826797 9.55 9.55 120.0 1957.0 61.15625
3949.0037975050136 37.0 0.0 1932.0 113.64705882352942 13658.941431307188 341.4735357826797 9.55 9.55 120.0 1957.0 61.15625
3950.004885589796 37.0 0.0 1932.0 113.64705882352942 13658.941431307188 341.4735357826797 9.55 9.55 120.0 1957.0 61.15625
3951.0037975050136 37.0 0.0 1932.0 113.64705882352942 13659.941431307188 341.4985357826797 9.55 9.55 120.0 1957.0 61.15625
3952.004885589796 37.0 0.0 1932.0 113.64705882352942 13659.941431307188 341.4985357826797 9.55 9.55 120.0 1957.0 61.15625
3953.0037975050136 37.0 0.0 1932.0 113.64705882352942 13660.941431307188 341.5235357826797 9.55 9.55 120.0 1957.0 61.15625
3954.004885589796 37.0 0.0 1932.0 113.64705882352942 13660.941431307188 341.5235357826797 9.55 9.55 120.0 1957.0 61.15625
3955.0037975050136 37.0 0.0 1932.0 113.64705882352942 13661.941431307188 341.5485357826797 9.55 9.55 120.0 1957.0 61.15625
3956.004885589796 37.0 0.0 1932.0 113.64705882352942 13661.941431307188 341.5485357826797 9.55 9.55 120.0 1957.0 61.15625
3957.0037975050136 37.0 0.0 1932.0 113.64705882352942 13662.941431307188 341.5735357826797 9.55 9.55 120.0 1957.0 61.15625
3958.004885589796 37.0 0.0 1932.0 113.64705882352942 13662.941431307188 341.5735357826797 9.55 9.55 120.0 1957.0 61.15625
3959.0037975050136 37.0 0.0 1932.0 113.64705882352942 13663.941431307188 341.5985357826797 9.55 9.55 120.0 1957.0 61.15625
3960.004885589796 37.0 0.0 1932.0 113.64705882352942 13663.941431307188 341.5985357826797 9.55 9.55 120.0 1957.0 61.15625
3961.0037975050136 37.0 0.0 1932.0 113.64705882352942 13664.941431307188 341.6235357826797 9.55 9.55 120.0 1957.0 61.15625
3962.004885589796 37.0 0.0 1932.0 113.64705882352942 13664.941431307188 341.6235357826797 9.55 9.55 120.0 1957.0 61.15625
3963.0037975050136 37.0 0.0 1932.0 113.64705882352942 13665.941431307188 341.6485357826797 9.55 9.55 120.0 1957.0 61.15625
3964.004885589796 37.0 0.0 1932.0 113.64705882352942 13665.941431307188 341.6485357826797 9.55 9.55 120.0 1957.0 61.15625
3965.0037975050136 37.0 0.0 1932.0 113.64705882352942 13666.941431307188 341.6735357826797 9.55 9.55 120.0 1957.0 61.15625
3966.004885589796 37.0 0.0 1932.0 113.64705882352942 13666.941431307188 341.6735357826797 9.55 9.55 120.0 1957.0 61.15625
3967.0037975050136 37.0 0.0 1932.0 113.64705882352942 13667.941431307188 341.6985357826797 9.55 9.55 120.0 1957.0 61.15625
3968.004885589796 37.0 0.0 1932.0 113.64705882352942 13667.941431307188 341.6985357826797 9.55 9.55 120.0 1957.0 61.15625
3969.0037975050136 37.0 0.0 1932.0 113.64705882352942 13668.941431307188 341.7235357826797 9.55 9.55 120.0 1957.0 61.15625
3970.004885589796 37.0 0.0 1932.0 113.64705882352942 13668.941431307188 341.7235357826797 9.55 9.55 120.0 1957.0 61.15625
3971.0037975050136 37.0 0.0 1932.0 113.64705882352942 13669.941431307188 341.7485357826797 9.55 9.55 120.0 1957.0 61.15625
3972.004885589796 37.0 0.0 1932.0 113.64705882352942 13669.941431307188 341.7485357826797 9.55 9.55 120.0 1957.0 61.15625
3973.0037975050136 37.0 0.0 1932.0 113.64705882352942 13670.941431307188 341.7735357826797 9.55 9.55 120.0 1957.0 61.15625
3974.004885589796 37.0 0.0 1932.0 113.64705882352942 13670.941431307188 341.7735357826797 9.55 9.55 120.0 1957.0 61.15625
3975.0037975050136 37.0 0.0 1932.0 113.64705882352942 13671.417795468182 341.7854448867045 9.55 9.55 120.0 1958.0 61.1875
3976.004885589796 37.0 0.0 1932.0 113.64705882352942 13671.417795468182 341.7854448867045 9.55 9.55 120.0 1958.0 61.1875
3977.0037975050136 37.0 0.0 1932.0 113.64705882352942 13671.418093894677 341.7854523473669 9.55 9.55 120.0 1958.0 61.1875
3978.004885589796 37.0 0.0 1932.0 113.64705882352942 13671.418093894677 341.7854523473669 9.55 9.55 120.0 1958.0 61.1875
3979.0037975050136 37.0 0.0 1932.0 113.64705882352942 13672.418093894677 341.8104523473669 9.55 9.55 120.0 1958.0 61.1875
3980.004885589796 37.0 0.0 1932.0 113.64705882352942 13672.418093894677 341.8104523473669 9.55 9.55 120.0 1958.0 61.1875
3981.0037975050136 37.0 0.0 1932.0 113.64705882352942 13673.418093894677 341.83545234736687 9.55 9.55 120.0 1958.0 61.1875
3982.004885589796 37.0 0.0 1932.0 113.64705882352942 13673.418093894677 341.83545234736687 9.55 9.55 120.0 1958.0 61.1875
3983.0037975050136 37.0 0.0 1932.0 113.64705882352942 13674.418093894677 341.8604523473669 9.55 9.55 120.0 1958.0 61.1875
3984.004885589796 37.0 0.0 1932.0 113.64705882352942 13674.418093894677 341.8604523473669 9.55 9.55 120.0 1958.0 61.1875
3985.0037975050136 37.0 0.0 1932.0 113.64705882352942 13675.418093894677 341.8854523473669 9.55 9.55 120.0 1958.0 61.1875
3986.004885589796 37.0 0.0 1932.0 113.64705882352942 13675.418093894677 341.8854523473669 9.55 9.55 120.0 1958.0 61.1875
3987.0037975050136 37.0 0.0 1932.0 113.64705882352942 13676.418093894677 341.9104523473669 9.55 9.55 120.0 1958.0 61.1875
3988.004885589796 37.0 0.0 1932.0 113.64705882352942 13676.418093894677 341.9104523473669 9.55 9.55 120.0 1958.0 61.1875
3989.0037975050136 37.0 0.0 1932.0 113.64705882352942 13677.418093894677 341.9354523473669 9.55 9.55 120.0 1958.0 61.1875
3990.004885589796 37.0 0.0 1932.0 113.64705882352942 13677.418093894677 341.9354523473669 9.55 9.55 120.0 1958.0 61.1875
3991.0037975050136 37.0 0.0 1932.0 113.64705882352942 13678.418093894677 341.96045234736687 9.55 9.55 120.0 1958.0 61.1875
3992.004885589796 37.0 0.0 1932.0 113.64705882352942 13678.418093894677 341.96045234736687 9.55 9.55 120.0 1958.0 61.1875
3993.0037975050136 37.0 0.0 1932.0 113.64705882352942 13679.418093894677 341.9854523473669 9.55 9.55 120.0 1958.0 61.1875
3994.004885589796 37.0 0.0 1932.0 113.64705882352942 13679.418093894677 341.9854523473669 9.55 9.55 120.0 1958.0 61.1875
3995.0037975050136 37.0 0.0 1932.0 113.64705882352942 13680.418093894677 342.0104523473669 9.55 9.55 120.0 1958.0 61.1875
3996.004885589796 37.0 0.0 1932.0 113.64705882352942 13680.418093894677 342.0104523473669 9.55 9.55 120.0 1958.0 61.1875
3997.0037975050136 37.0 0.0 1932.0 113.64705882352942 13681.418093894677 342.0354523473669 9.55 9.55 120.0 1958.0 61.1875
3998.004885589796 37.0 0.0 1932.0 113.64705882352942 13681.418093894677 342.0354523473669 9.55 9.55 120.0 1958.0 61.1875
3999.0037975050136 37.0 0.0 1932.0 113.64705882352942 13682.418093894677 342.0604523473669 9.55 9.55 120.0 1958.0 61.1875
4000.004885589796 37.0 0.0 1932.0 113.64705882352942 13682.418093894677 342.0604523473669 9.55 9.55 120.0 1958.0 61.1875
4001.0037975050136 37.0 0.0 1932.0 113.64705882352942 13683.418093894677 342.08545234736687 9.55 9.55 120.0 1958.0 61.1875
4002.004885589796 37.0 0.0 1932.0 113.64705882352942 13683.418093894677 342.08545234736687 9.55 9.55 120.0 1958.0 61.1875
4003.0037975050136 37.0 0.0 1932.0 113.64705882352942 13684.418093894677 342.1104523473669 9.55 9.55 120.0 1958.0 61.1875
4004.004885589796 37.0 0.0 1932.0 113.64705882352942 13684.418093894677 342.1104523473669 9.55 9.55 120.0 1958.0 61.1875
4005.0037975050136 37.0 0.0 1932.0 113.64705882352942 13685.418093894677 342.1354523473669 9.55 9.55 120.0 1958.0 61.1875
4006.004885589796 37.0 0.0 1932.0 113.64705882352942 13685.418093894677 342.1354523473669 9.55 9.55 120.0 1958.0 61.1875
4007.0037975050136 37.0 0.0 1932.0 113.64705882352942 13686.418093894677 342.1604523473669 9.55 9.55 120.0 1958.0 61.1875
4008.004885589796 37.0 0.0 1932.0 113.64705882352942 13686.418093894677 342.1604523473669 9.55 9.55 120.0 1958.0 61.1875
4009.0037975050136 37.0 0.0 1932.0 113.64705882352942 13687.418093894677 342.1854523473669 9.55 9.55 120.0 1958.0 61.1875
4010.004885589796 37.0 0.0 1932.0 113.64705882352942 13687.418093894677 342.1854523473669 9.55 9.55 120.0 1958.0 61.1875
4011.0037975050136 37.0 0.0 1932.0 113.64705882352942 13688.418093894677 342.21045234736687 9.55 9.55 120.0 1958.0 61.1875
4012.004885589796 37.0 0.0 1932.0 113.64705882352942 13688.418093894677 342.21045234736687 9.55 9.55 120.0 1958.0 61.1875
4013.0037975050136 37.0 0.0 1932.0 113.64705882352942 13689.418093894677 342.2354523473669 9.55 9.55 120.0 1958.0 61.1875
4014.004885589796 37.0 0.0 1932.0 113.64705882352942 13689.418093894677 342.2354523473669 9.55 9.55 120.0 1958.0 61.1875
4015.0037975050136 37.0 0.0 1932.0 113.64705882352942 13690.418093894677 342.2604523473669 9.55 9.55 120.0 1958.0 61.1875
4016.004885589796 37.0 0.0 1932.0 113.64705882352942 13690.418093894677 342.2604523473669 9.55 9.55 120.0 1958.0 61.1875
4017.0037975050136 37.0 0.0 1932.0 113.64705882352942 13691.418093894677 342.2854523473669 9.55 9.55 120.0 1958.0 61.1875
4018.004885589796 37.0 0.0 1932.0 113.64705882352942 13691.418093894677 342.2854523473669 9.55 9.55 120.0 1958.0 61.1875
4019.0037975050136 37.0 0.0 1932.0 113.64705882352942 13692.418093894677 342.3104523473669 9.55 9.55 120.0 1958.0 61.1875
4020.004885589796 37.0 0.0 1932.0 113.64705882352942 13692.418093894677 342.3104523473669 9.55 9.55 120.0 1958.0 61.1875
4021.0037975050136 37.0 0.0 1932.0 113.64705882352942 13693.418093894677 342.33545234736687 9.55 9.55 120.0 1958.0 61.1875
4022.004885589796 37.0 0.0 1932.0 113.64705882352942 13693.418093894677 342.33545234736687 9.525 9.525 120.0 1958.0 61.1875
4023.0037975050136 37.0 0.0 1932.0 113.64705882352942 13694.418093894677 342.3604523473669 9.5 9.5 120.0 1958.0 61.1875
4024.004885589796 37.0 0.0 1932.0 113.64705882352942 13694.418093894677 342.3604523473669 9.5 9.5 120.0 1958.0 61.1875
4025.0037975050136 37.0 0.0 1932.0 113.64705882352942 13695.418093894677 342.3854523473669 9.5 9.5 120.0 1958.0 61.1875
4026.004885589796 37.0 0.0 1932.0 113.64705882352942 13695.418093894677 342.3854523473669 9.5 9.5 120.0 1958.0 61.1875
4027.0037975050136 37.0 0.0 1932.0 113.64705882352942 13696.418093894677 342.4104523473669 9.5 9.5 120.0 1958.0 61.1875
4028.004885589796 37.0 0.0 1932.0 113.64705882352942 13696.418093894677 342.4104523473669 9.5 9.5 120.0 1958.0 61.1875
4029.0037975050136 37.0 0.0 1932.0 113.64705882352942 13697.418093894677 342.4354523473669 9.5 9.5 120.0 1958.0 61.1875
4030.004885589796 37.0 0.0 1932.0 113.64705882352942 13697.418093894677 342.4354523473669 9.5 9.5 120.0 1958.0 61.1875
4031.0037975050136 37.0 0.0 1932.0 113.64705882352942 13698.418093894677 342.46045234736687 9.475 9.475 120.0 1958.0 61.1875
4032.004885589796 37.0 0.0 1932.0 113.64705882352942 13698.418093894677 342.46045234736687 9.475 9.475 120.0 1958.0 61.1875
4033.0037975050136 37.0 0.0 1932.0 113.64705882352942 13699.418093894677 342.4854523473669 9.45 9.45 120.0 1958.0 61.1875
4034.004885589796 37.0 0.0 1932.0 113.64705882352942 13699.418093894677 342.4854523473669 9.45 9.45 120.0 1958.0 61.1875
4035.0037975050136 37.0 0.0 1932.0 113.64705882352942 13700.418093894677 342.5104523473669 9.45 9.45 120.0 1958.0 61.1875
4036.004885589796 37.0 0.0 1932.0 113.64705882352942 13700.418093894677 342.5104523473669 9.45 9.45 120.0 1958.0 61.1875
4037.0037975050136 37.0 0.0 1932.0 113.64705882352942 13701.418093894677 342.5354523473669 9.45 9.45 120.0 1958.0 61.1875
4038.004885589796 37.0 0.0 1932.0 113.64705882352942 13701.418093894677 342.5354523473669 9.45 9.45 120.0 1958.0 61.1875
4039.0037975050136 37.0 0.0 1932.0 113.64705882352942 13702.418093894677 342.5604523473669 9.45 9.45 120.0 1958.0 61.1875
4040.004885589796 37.0 0.0 1932.0 113.64705882352942 13702.418093894677 342.5604523473669 9.45 9.45 120.0 1958.0 61.1875
4041.0037975050136 37.0 0.0 1932.0 113.64705882352942 13703.418093894677 342.58545234736687 9.45 9.45 120.0 1958.0 61.1875
4042.004885589796 37.0 0.0 1932.0 113.64705882352942 13703.418093894677 342.58545234736687 9.45 9.45 120.0 1958.0 61.1875
4043.0037975050136 37.0 0.0 1932.0 113.64705882352942 13704.418093894677 342.6104523473669 9.45 9.45 120.0 1958.0 61.1875
4044.004885589796 37.0 0.0 1932.0 113.64705882352942 13704.418093894677 342.6104523473669 9.45 9.45 120.0 1958.0 61.1875
4045.0037975050136 37.0 0.0 1932.0 113.64705882352942 13705.418093894677 342.6354523473669 9.45 9.45 120.0 1958.0 61.1875
4046.004885589796 37.0 0.0 1932.0 113.64705882352942 13705.418093894677 342.6354523473669 9.45 9.45 120.0 1958.0 61.1875
4047.0037975050136 37.0 0.0 1932.0 113.64705882352942 13705.751663430645 342.64379158576605 9.45 9.45 120.0 1959.0 61.21875
4048.004885589796 37.0 0.0 1932.0 113.64705882352942 13705.751663430645 342.64379158576605 9.45 9.45 120.0 1959.0 61.21875
4049.0037975050136 37.0 0.0 1932.0 113.64705882352942 13705.751668690473 342.6437917172618 9.45 9.45 120.0 1959.0 61.21875
4050.004885589796 37.0 0.0 1932.0 113.64705882352942 13705.751668690473 342.6437917172618 9.45 9.45 120.0 1959.0 61.21875
4051.0037975050136 37.0 0.0 1932.0 113.64705882352942 13706.751668690473 342.6687917172618 9.45 9.45 120.0 1959.0 61.21875
4052.004885589796 37.0 0.0 1932.0 113.64705882352942 13706.751668690473 342.6687917172618 9.45 9.45 120.0 1959.0 61.21875
4053.0037975050136 37.0 0.0 1932.0 113.64705882352942 13707.751668690473 342.6937917172618 9.45 9.45 120.0 1959.0 61.21875
4054.004885589796 37.0 0.0 1932.0 113.64705882352942 13707.751668690473 342.6937917172618 9.45 9.45 120.0 1959.0 61.21875
4055.0037975050136 37.0 0.0 1932.0 113.64705882352942 13708.751668690473 342.7187917172618 9.45 9.45 120.0 1959.0 61.21875
4056.004885589796 37.0 0.0 1932.0 113.64705882352942 13708.751668690473 342.7187917172618 9.45 9.45 120.0 1959.0 61.21875
4057.0037975050136 37.0 0.0 1932.0 113.64705882352942 13709.751668690473 342.7437917172618 9.45 9.45 120.0 1959.0 61.21875
4058.004885589796 37.0 0.0 1932.0 113.64705882352942 13709.751668690473 342.7437917172618 9.45 9.45 120.0 1959.0 61.21875
4059.0037975050136 37.0 0.0 1932.0 113.64705882352942 13710.751668690473 342.7687917172618 9.45 9.45 120.0 1959.0 61.21875
4060.004885589796 37.0 0.0 1932.0 113.64705882352942 13710.751668690473 342.7687917172618 9.45 9.45 120.0 1959.0 61.21875
4061.0037975050136 37.0 0.0 1932.0 113.64705882352942 13711.751668690473 342.7937917172618 9.45 9.45 120.0 1959.0 61.21875
4062.004885589796 37.0 0.0 1932.0 113.64705882352942 13711.751668690473 342.7937917172618 9.45 9.45 120.0 1959.0 61.21875
4063.0037975050136 37.0 0.0 1932.0 113.64705882352942 13712.751668690473 342.8187917172618 9.45 9.45 120.0 1959.0 61.21875
4064.004885589796 37.0 0.0 1932.0 113.64705882352942 13712.751668690473 342.8187917172618 9.45 9.45 120.0 1959.0 61.21875
4065.0037975050136 37.0 0.0 1932.0 113.64705882352942 13713.751668690473 342.8437917172618 9.45 9.45 120.0 1959.0 61.21875
4066.004885589796 37.0 0.0 1932.0 113.64705882352942 13713.751668690473 342.8437917172618 9.45 9.45 120.0 1959.0 61.21875
4067.0037975050136 37.0 0.0 1932.0 113.64705882352942 13714.751668690473 342.8687917172618 9.45 9.45 120.0 1959.0 61.21875
4068.004885589796 37.0 0.0 1932.0 113.64705882352942 13714.751668690473 342.8687917172618 9.45 9.45 120.0 1959.0 61.21875
4069.0037975050136 37.0 0.0 1932.0 113.64705882352942 13715.751668690473 342.8937917172618 9.45 9.45 120.0 1959.0 61.21875
4070.004885589796 37.0 0.0 1932.0 113.64705882352942 13715.751668690473 342.8937917172618 9.45 9.45 120.0 1959.0 61.21875
4071.0037975050136 37.0 0.0 1932.0 113.64705882352942 13716.751668690473 342.9187917172618 9.45 9.45 120.0 1959.0 61.21875
4072.004885589796 37.0 0.0 1932.0 113.64705882352942 13716.751668690473 342.9187917172618 9.45 9.45 120.0 1959.0 61.21875
4073.0037975050136 37.0 0.0 1932.0 113.64705882352942 13717.751668690473 342.9437917172618 9.45 9.45 120.0 1959.0 61.21875
4074.004885589796 37.0 0.0 1932.0 113.64705882352942 13717.751668690473 342.9437917172618 9.45 9.45 120.0 1959.0 61.21875
4075.0037975050136 37.0 0.0 1932.0 113.64705882352942 13718.751668690473 342.9687917172618 9.45 9.45 120.0 1959.0 61.21875
4076.004885589796 37.0 0.0 1932.0 113.64705882352942 13718.751668690473 342.9687917172618 9.45 9.45 120.0 1959.0 61.21875
4077.0037975050136 37.0 0.0 1932.0 113.64705882352942 13719.751668690473 342.9937917172618 9.45 9.45 120.0 1959.0 61.21875
4078.004885589796 37.0 0.0 1932.0 113.64705882352942 13719.751668690473 342.9937917172618 9.45 9.45 120.0 1959.0 61.21875
4079.0037975050136 37.0 0.0 1932.0 113.64705882352942 13720.751668690473 343.0187917172618 9.45 9.45 120.0 1959.0 61.21875
4080.004885589796 37.0 0.0 1932.0 113.64705882352942 13720.751668690473 343.0187917172618 9.45 9.45 120.0 1959.0 61.21875
4081.0037975050136 37.0 0.0 1932.0 113.64705882352942 13721.751668690473 343.0437917172618 9.45 9.45 120.0 1959.0 61.21875
4082.004885589796 37.0 0.0 1932.0 113.64705882352942 13721.751668690473 343.0437917172618 9.45 9.45 120.0 1959.0 61.21875
4083.0037975050136 37.0 0.0 1932.0 113.64705882352942 13722.751668690473 343.0687917172618 9.45 9.45 120.0 1959.0 61.21875
4084.004885589796 37.0 0.0 1932.0 113.64705882352942 13722.751668690473 343.0687917172618 9.45 9.45 120.0 1959.0 61.21875
4085.0037975050136 37.0 0.0 1932.0 113.64705882352942 13722.812501356171 343.07031253390426 9.45 9.45 120.0 1960.0 61.25
4086.004885589796 37.0 0.0 1932.0 113.64705882352942 13722.812501356171 343.07031253390426 9.45 9.45 120.0 1960.0 61.25
4087.0037975050136 37.0 0.0 1932.0 113.64705882352942 13722.812638800566 343.0703159700141 9.45 9.45 120.0 1960.0 61.25
4088.004885589796 37.0 0.0 1932.0 113.64705882352942 13722.812638800566 343.0703159700141 9.45 9.45 120.0 1960.0 61.25
4089.0037975050136 37.0 0.0 1932.0 113.64705882352942 13723.812638800566 343.0953159700141 9.45 9.45 120.0 1960.0 61.25
4090.004885589796 37.0 0.0 1932.0 113.64705882352942 13723.812638800566 343.0953159700141 9.45 9.45 120.0 1960.0 61.25
4091.0037975050136 37.0 0.0 1932.0 113.64705882352942 13724.812638800566 343.1203159700141 9.45 9.45 120.0 1960.0 61.25
4092.004885589796 37.0 0.0 1932.0 113.64705882352942 13724.812638800566 343.1203159700141 9.45 9.45 120.0 1960.0 61.25
4093.0037975050136 37.0 0.0 1932.0 113.64705882352942 13725.812638800566 343.1453159700141 9.45 9.45 120.0 1960.0 61.25
4094.004885589796 37.0 0.0 1932.0 113.64705882352942 13725.812638800566 343.1453159700141 9.45 9.45 120.0 1960.0 61.25
4095.0037975050136 37.0 0.0 1932.0 113.64705882352942 13726.812638800566 343.1703159700141 9.45 9.45 120.0 1960.0 61.25
4096.004885589796 37.0 0.0 1932.0 113.64705882352942 13726.812638800566 343.1703159700141 9.45 9.45 120.0 1960.0 61.25
4097.003797505014 37.0 0.0 1932.0 113.64705882352942 13727.812638800566 343.1953159700141 9.45 9.45 120.0 1960.0 61.25
4098.004885589796 37.0 0.0 1932.0 113.64705882352942 13727.812638800566 343.1953159700141 9.45 9.45 120.0 1960.0 61.25
4099.003797505014 37.0 0.0 1932.0 113.64705882352942 13728.812638800566 343.2203159700141 9.45 9.45 120.0 1960.0 61.25
4100.004885589796 37.0 0.0 1932.0 113.64705882352942 13728.812638800566 343.2203159700141 9.45 9.45 120.0 1960.0 61.25
4101.003797505014 37.0 0.0 1932.0 113.64705882352942 13729.812638800566 343.2453159700141 9.45 9.45 120.0 1960.0 61.25
4102.004885589796 37.0 0.0 1932.0 113.64705882352942 13729.812638800566 343.2453159700141 9.45 9.45 120.0 1960.0 61.25
4103.003797505014 37.0 0.0 1932.0 113.64705882352942 13730.812638800566 343.2703159700141 9.45 9.45 120.0 1960.0 61.25
4104.004885589796 37.0 0.0 1932.0 113.64705882352942 13730.812638800566 343.2703159700141 9.45 9.45 120.0 1960.0 61.25
4105.003797505014 37.0 0.0 1932.0 113.64705882352942 13731.812638800566 343.2953159700141 9.45 9.45 120.0 1960.0 61.25
4106.004885589796 37.0 0.0 1932.0 113.64705882352942 13731.812638800566 343.2953159700141 9.45 9.45 120.0 1960.0 61.25
4107.003797505014 37.0 0.0 1932.0 113.64705882352942 13732.812638800566 343.3203159700141 9.45 9.45 120.0 1960.0 61.25
4108.004885589796 37.0 0.0 1932.0 113.64705882352942 13732.812638800566 343.3203159700141 9.45 9.45 120.0 1960.0 61.25
4109.003797505014 37.0 0.0 1932.0 113.64705882352942 13733.812638800566 343.3453159700141 9.45 9.45 120.0 1960.0 61.25
4110.004885589796 37.0 0.0 1932.0 113.64705882352942 13733.812638800566 343.3453159700141 9.45 9.45 120.0 1960.0 61.25
4111.003797505014 37.0 0.0 1932.0 113.64705882352942 13734.812638800566 343.3703159700141 9.45 9.45 120.0 1960.0 61.25
4112.004885589796 37.0 0.0 1932.0 113.64705882352942 13734.812638800566 343.3703159700141 9.45 9.45 120.0 1960.0 61.25
4113.003797505014 37.0 0.0 1932.0 113.64705882352942 13735.812638800566 343.3953159700141 9.45 9.45 120.0 1960.0 61.25
4114.004885589796 37.0 0.0 1932.0 113.64705882352942 13735.812638800566 343.3953159700141 9.45 9.45 120.0 1960.0 61.25
4115.003797505014 37.0 0.0 1932.0 113.64705882352942 13736.467311696812 343.41168279242027 9.45 9.45 120.0 1961.0 61.28125
4116.004885589796 37.0 0.0 1932.0 113.64705882352942 13736.467311696812 343.41168279242027 9.45 9.45 120.0 1961.0 61.28125
4117.003797505014 37.0 0.0 1932.0 113.64705882352942 13736.467556061507 343.4116889015377 9.45 9.45 120.0 1961.0 61.28125
4118.004885589796 37.0 0.0 1932.0 113.64705882352942 13736.467556061507 343.4116889015377 9.45 9.45 120.0 1961.0 61.28125
4119.003797505014 37.0 0.0 1932.0 113.64705882352942 13737.467556061507 343.43668890153765 9.45 9.45 120.0 1961.0 61.28125
4120.004885589796 37.0 0.0 1932.0 113.64705882352942 13737.467556061507 343.43668890153765 9.45 9.45 120.0 1961.0 61.28125
4121.003797505014 37.0 0.0 1932.0 113.64705882352942 13738.467556061507 343.4616889015377 9.45 9.45 120.0 1961.0 61.28125
4122.004885589796 37.0 0.0 1932.0 113.64705882352942 13738.467556061507 343.4616889015377 9.45 9.45 120.0 1961.0 61.28125
4123.003797505014 37.0 0.0 1932.0 113.64705882352942 13739.467556061507 343.48668890153766 9.45 9.45 120.0 1961.0 61.28125
4124.004885589796 37.0 0.0 1932.0 113.64705882352942 13739.467556061507 343.48668890153766 9.45 9.45 120.0 1961.0 61.28125
4125.003797505014 37.0 0.0 1932.0 113.64705882352942 13740.467556061507 343.51168890153764 9.45 9.45 120.0 1961.0 61.28125
4126.004885589796 37.0 0.0 1932.0 113.64705882352942 13740.467556061507 343.51168890153764 9.45 9.45 120.0 1961.0 61.28125
4127.003797505014 37.0 0.0 1932.0 113.64705882352942 13741.467556061507 343.5366889015377 9.45 9.45 120.0 1961.0 61.28125
4128.004885589796 37.0 0.0 1932.0 113.64705882352942 13741.467556061507 343.5366889015377 9.45 9.45 120.0 1961.0 61.28125
4129.003797505014 37.0 0.0 1932.0 113.64705882352942 13742.467556061507 343.56168890153765 9.45 9.45 120.0 1961.0 61.28125
4130.004885589796 37.0 0.0 1932.0 113.64705882352942 13742.467556061507 343.56168890153765 9.45 9.45 120.0 1961.0 61.28125
4131.003797505014 37.0 0.0 1932.0 113.64705882352942 13743.467556061507 343.5866889015377 9.45 9.45 120.0 1961.0 61.28125
4132.004885589796 37.0 0.0 1932.0 113.64705882352942 13743.467556061507 343.5866889015377 9.45 9.45 120.0 1961.0 61.28125
4133.003797505014 37.0 0.0 1932.0 113.64705882352942 13744.467556061507 343.61168890153766 9.45 9.45 120.0 1961.0 61.28125
4134.004885589796 37.0 0.0 1932.0 113.64705882352942 13744.467556061507 343.61168890153766 9.45 9.45 120.0 1961.0 61.28125
4135.003797505014 37.0 0.0 1932.0 113.64705882352942 13745.467556061507 343.63668890153764 9.45 9.45 120.0 1961.0 61.28125
4136.004885589796 37.0 0.0 1932.0 113.64705882352942 13745.467556061507 343.63668890153764 9.45 9.45 120.0 1961.0 61.28125
4137.003797505014 37.0 0.0 1932.0 113.64705882352942 13746.467556061507 343.6616889015377 9.45 9.45 120.0 1961.0 61.28125
4138.004885589796 37.0 0.0 1932.0 113.64705882352942 13746.467556061507 343.6616889015377 9.45 9.45 120.0 1961.0 61.28125
4139.003797505014 37.0 0.0 1932.0 113.64705882352942 13747.467556061507 343.68668890153765 9.45 9.45 120.0 1961.0 61.28125
4140.004885589796 37.0 0.0 1932.0 113.64705882352942 13747.467556061507 343.68668890153765 9.45 9.45 120.0 1961.0 61.28125
4141.003797505014 37.0 0.0 1932.0 113.64705882352942 13748.467556061507 343.7116889015377 9.45 9.45 120.0 1961.0 61.28125
4142.004885589796 37.0 0.0 1932.0 113.64705882352942 13748.467556061507 343.7116889015377 9.45 9.45 120.0 1961.0 61.28125
4143.003797505014 37.0 0.0 1932.0 113.64705882352942 13749.467556061507 343.73668890153766 9.45 9.45 120.0 1961.0 61.28125
4144.004885589796 37.0 0.0 1932.0 113.64705882352942 13749.467556061507 343.73668890153766 9.45 9.45 120.0 1961.0 61.28125
4145.003797505014 37.0 0.0 1932.0 113.64705882352942 13750.467556061507 343.76168890153764 9.45 9.45 120.0 1961.0 61.28125
4146.004885589796 37.0 0.0 1932.0 113.64705882352942 13750.467556061507 343.76168890153764 9.45 9.45 120.0 1961.0 61.28125
4147.003797505014 37.0 0.0 1932.0 113.64705882352942 13751.467556061507 343.7866889015377 9.45 9.45 120.0 1961.0 61.28125
4148.004885589796 37.0 0.0 1932.0 113.64705882352942 13751.467556061507 343.7866889015377 9.45 9.45 120.0 1961.0 61.28125
4149.003797505014 37.0 0.0 1932.0 113.64705882352942 13752.467556061507 343.81168890153765 9.45 9.45 120.0 1961.0 61.28125
4150.004885589796 37.0 0.0 1932.0 113.64705882352942 13752.467556061507 343.81168890153765 9.45 9.45 120.0 1961.0 61.28125
4151.003797505014 37.0 0.0 1932.0 113.64705882352942 13753.467556061507 343.8366889015377 9.45 9.45 120.0 1961.0 61.28125
4152.004885589796 37.0 0.0 1932.0 113.64705882352942 13753.467556061507 343.8366889015377 9.45 9.45 120.0 1961.0 61.28125
4153.003797505014 37.0 0.0 1932.0 113.64705882352942 13754.467556061507 343.86168890153766 9.45 9.45 120.0 1961.0 61.28125
4154.004885589796 37.0 0.0 1932.0 113.64705882352942 13754.467556061507 343.86168890153766 9.45 9.45 120.0 1961.0 61.28125
4155.003797505014 37.0 0.0 1932.0 113.64705882352942 13755.467556061507 343.88668890153764 9.45 9.45 120.0 1961.0 61.28125
4156.004885589796 37.0 0.0 1932.0 113.64705882352942 13755.467556061507 343.88668890153764 9.45 9.45 120.0 1961.0 61.28125
4157.003797505014 37.0 0.0 1932.0 113.64705882352942 13756.467556061507 343.9116889015377 9.45 9.45 120.0 1961.0 61.28125
4158.004885589796 37.0 0.0 1932.0 113.64705882352942 13756.467556061507 343.9116889015377 9.45 9.45 120.0 1961.0 61.28125
4159.003797505014 37.0 0.0 1932.0 113.64705882352942 13757.467556061507 343.93668890153765 9.45 9.45 120.0 1961.0 61.28125
4160.004885589796 37.0 0.0 1932.0 113.64705882352942 13757.467556061507 343.93668890153765 9.45 9.45 120.0 1961.0 61.28125
4161.003797505014 37.0 0.0 1932.0 113.64705882352942 13758.467556061507 343.9616889015377 9.45 9.45 120.0 1961.0 61.28125
4162.004885589796 37.0 0.0 1932.0 113.64705882352942 13758.467556061507 343.9616889015377 9.45 9.45 120.0 1961.0 61.28125
4163.003797505014 37.0 0.0 1932.0 113.64705882352942 13759.467556061507 343.98668890153766 9.45 9.45 120.0 1961.0 61.28125
4164.004885589796 37.0 0.0 1932.0 113.64705882352942 13759.467556061507 343.98668890153766 9.45 9.45 120.0 1961.0 61.28125
4165.003797505014 37.0 0.0 1932.0 113.64705882352942 13760.467556061507 344.01168890153764 9.45 9.45 120.0 1961.0 61.28125
4166.004885589796 37.0 0.0 1932.0 113.64705882352942 13760.467556061507 344.01168890153764 9.45 9.45 120.0 1961.0 61.28125
4167.003797505014 37.0 0.0 1932.0 113.64705882352942 13761.467556061507 344.0366889015377 9.45 9.45 120.0 1961.0 61.28125
4168.004885589796 37.0 0.0 1932.0 113.64705882352942 13761.467556061507 344.0366889015377 9.45 9.45 120.0 1961.0 61.28125
4169.003797505014 37.0 0.0 1932.0 113.64705882352942 13762.467556061507 344.06168890153765 9.45 9.45 120.0 1961.0 61.28125
4170.004885589796 37.0 0.0 1932.0 113.64705882352942 13762.467556061507 344.06168890153765 9.45 9.45 120.0 1961.0 61.28125
4171.003797505014 37.0 0.0 1932.0 113.64705882352942 13763.467556061507 344.0866889015376 9.45 9.45 120.0 1961.0 61.28125
4172.004885589796 37.0 0.0 1932.0 113.64705882352942 13763.467556061507 344.0866889015376 9.45 9.45 120.0 1961.0 61.28125
4173.003797505014 37.0 0.0 1932.0 113.64705882352942 13764.467556061507 344.11168890153766 9.45 9.45 120.0 1961.0 61.28125
4174.004885589796 37.0 0.0 1932.0 113.64705882352942 13764.467556061507 344.11168890153766 9.45 9.45 120.0 1961.0 61.28125
4175.003797505014 37.0 0.0 1932.0 113.64705882352942 13765.467556061507 344.13668890153764 9.45 9.45 120.0 1961.0 61.28125
4176.004885589796 37.0 0.0 1932.0 113.64705882352942 13765.467556061507 344.13668890153764 9.45 9.45 120.0 1961.0 61.28125
4177.003797505014 37.0 0.0 1932.0 113.64705882352942 13766.467556061507 344.1616889015377 9.45 9.45 120.0 1961.0 61.28125
4178.004885589796 37.0 0.0 1932.0 113.64705882352942 13766.467556061507 344.1616889015377 9.45 9.45 120.0 1961.0 61.28125
4179.003797505014 37.0 0.0 1932.0 113.64705882352942 13767.16695140272 344.179173785068 9.45 9.45 120.0 1962.0 61.3125
4180.004885589796 37.0 0.0 1932.0 113.64705882352942 13767.16695140272 344.179173785068 9.45 9.45 120.0 1962.0 61.3125
4181.003797505014 37.0 0.0 1932.0 113.64705882352942 13767.167140731864 344.17917851829657 9.45 9.45 120.0 1962.0 61.3125
4182.004885589796 37.0 0.0 1932.0 113.64705882352942 13767.167140731864 344.17917851829657 9.45 9.45 120.0 1962.0 61.3125
4183.003797505014 37.0 0.0 1932.0 113.64705882352942 13768.167140731864 344.2041785182966 9.45 9.45 120.0 1962.0 61.3125
4184.004885589796 37.0 0.0 1932.0 113.64705882352942 13768.167140731864 344.2041785182966 9.45 9.45 120.0 1962.0 61.3125
4185.003797505014 37.0 0.0 1932.0 113.64705882352942 13769.167140731864 344.2291785182966 9.45 9.45 120.0 1962.0 61.3125
4186.004885589796 37.0 0.0 1932.0 113.64705882352942 13769.167140731864 344.2291785182966 9.45 9.45 120.0 1962.0 61.3125
4187.003797505014 37.0 0.0 1932.0 113.64705882352942 13770.167140731864 344.2541785182966 9.45 9.45 120.0 1962.0 61.3125
4188.004885589796 37.0 0.0 1932.0 113.64705882352942 13770.167140731864 344.2541785182966 9.45 9.45 120.0 1962.0 61.3125
4189.003797505014 37.0 0.0 1932.0 113.64705882352942 13771.167140731864 344.2791785182966 9.45 9.45 120.0 1962.0 61.3125
4190.004885589796 37.0 0.0 1932.0 113.64705882352942 13771.167140731864 344.2791785182966 9.45 9.45 120.0 1962.0 61.3125
4191.003797505014 37.0 0.0 1932.0 113.64705882352942 13772.167140731864 344.30417851829657 9.45 9.45 120.0 1962.0 61.3125
4192.004885589796 37.0 0.0 1932.0 113.64705882352942 13772.167140731864 344.30417851829657 9.45 9.45 120.0 1962.0 61.3125
4193.003797505014 37.0 0.0 1932.0 113.64705882352942 13773.167140731864 344.3291785182966 9.45 9.45 120.0 1962.0 61.3125
4194.004885589796 37.0 0.0 1932.0 113.64705882352942 13773.167140731864 344.3291785182966 9.45 9.45 120.0 1962.0 61.3125
4195.003797505014 37.0 0.0 1932.0 113.64705882352942 13774.167140731864 344.3541785182966 9.45 9.45 120.0 1962.0 61.3125
4196.004885589796 37.0 0.0 1932.0 113.64705882352942 13774.167140731864 344.3541785182966 9.45 9.45 120.0 1962.0 61.3125
4197.003797505014 37.0 0.0 1932.0 113.64705882352942 13775.167140731864 344.3791785182966 9.45 9.45 120.0 1962.0 61.3125
4198.004885589796 37.0 0.0 1932.0 113.64705882352942 13775.167140731864 344.3791785182966 9.45 9.45 120.0 1962.0 61.3125
4199.003797505014 37.0 0.0 1932.0 113.64705882352942 13776.167140731864 344.4041785182966 9.45 9.45 120.0 1962.0 61.3125
4200.004885589796 37.0 0.0 1932.0 113.64705882352942 13776.167140731864 344.4041785182966 9.45 9.45 120.0 1962.0 61.3125
4201.003797505014 37.0 0.0 1932.0 113.64705882352942 13777.167140731864 344.42917851829657 9.45 9.45 120.0 1962.0 61.3125
4202.004885589796 37.0 0.0 1932.0 113.64705882352942 13777.167140731864 344.42917851829657 9.45 9.45 120.0 1962.0 61.3125
4203.003797505014 37.0 0.0 1932.0 113.64705882352942 13778.167140731864 344.4541785182966 9.45 9.45 120.0 1962.0 61.3125
4204.004885589796 37.0 0.0 1932.0 113.64705882352942 13778.167140731864 344.4541785182966 9.45 9.45 120.0 1962.0 61.3125
4205.003797505014 37.0 0.0 1932.0 113.64705882352942 13779.167140731864 344.4791785182966 9.45 9.45 120.0 1962.0 61.3125
4206.004885589796 37.0 0.0 1932.0 113.64705882352942 13779.167140731864 344.4791785182966 9.45 9.45 120.0 1962.0 61.3125
4207.003797505014 37.0 0.0 1932.0 113.64705882352942 13780.167140731864 344.5041785182966 9.45 9.45 120.0 1962.0 61.3125
4208.004885589796 37.0 0.0 1932.0 113.64705882352942 13780.167140731864 344.5041785182966 9.45 9.45 120.0 1962.0 61.3125
4209.003797505014 37.0 0.0 1932.0 113.64705882352942 13781.167140731864 344.5291785182966 9.45 9.45 120.0 1962.0 61.3125
4210.004885589796 37.0 0.0 1932.0 113.64705882352942 13781.167140731864 344.5291785182966 9.45 9.45 120.0 1962.0 61.3125
4211.003797505014 37.0 0.0 1932.0 113.64705882352942 13782.167140731864 344.55417851829657 9.45 9.45 120.0 1962.0 61.3125
4212.004885589796 37.0 0.0 1932.0 113.64705882352942 13782.167140731864 344.55417851829657 9.45 9.45 120.0 1962.0 61.3125
4213.003797505014 37.0 0.0 1932.0 113.64705882352942 13783.167140731864 344.5791785182966 9.45 9.45 120.0 1962.0 61.3125
4214.004885589796 37.0 0.0 1932.0 113.64705882352942 13783.167140731864 344.5791785182966 9.45 9.45 120.0 1962.0 61.3125
4215.003797505014 37.0 0.0 1932.0 113.64705882352942 13784.167140731864 344.6041785182966 9.45 9.45 120.0 1962.0 61.3125
4216.004885589796 37.0 0.0 1932.0 113.64705882352942 13784.167140731864 344.6041785182966 9.45 9.45 120.0 1962.0 61.3125
4217.003797505014 37.0 0.0 1932.0 113.64705882352942 13785.167140731864 344.6291785182966 9.45 9.45 120.0 1962.0 61.3125
4218.004885589796 37.0 0.0 1932.0 113.64705882352942 13785.167140731864 344.6291785182966 9.45 9.45 120.0 1962.0 61.3125
4219.003797505014 37.0 0.0 1932.0 113.64705882352942 13786.167140731864 344.6541785182966 9.45 9.45 120.0 1962.0 61.3125
4220.004885589796 37.0 0.0 1932.0 113.64705882352942 13786.167140731864 344.6541785182966 9.45 9.45 120.0 1962.0 61.3125
4221.003797505014 37.0 0.0 1932.0 113.64705882352942 13787.167140731864 344.67917851829657 9.45 9.45 120.0 1962.0 61.3125
4222.004885589796 37.0 0.0 1932.0 113.64705882352942 13787.167140731864 344.67917851829657 9.45 9.45 120.0 1962.0 61.3125
4223.003797505014 37.0 0.0 1932.0 113.64705882352942 13788.167140731864 344.7041785182966 9.45 9.45 120.0 1962.0 61.3125
4224.004885589796 37.0 0.0 1932.0 113.64705882352942 13788.167140731864 344.7041785182966 9.45 9.45 120.0 1962.0 61.3125
4225.003797505014 37.0 0.0 1932.0 113.64705882352942 13789.167140731864 344.7291785182966 9.45 9.45 120.0 1962.0 61.3125
4226.004885589796 37.0 0.0 1932.0 113.64705882352942 13789.167140731864 344.7291785182966 9.45 9.45 120.0 1962.0 61.3125
4227.003797505014 37.0 0.0 1932.0 113.64705882352942 13790.167140731864 344.7541785182966 9.45 9.45 120.0 1962.0 61.3125
4228.004885589796 37.0 0.0 1932.0 113.64705882352942 13790.167140731864 344.7541785182966 9.45 9.45 120.0 1962.0 61.3125
4229.003797505014 37.0 0.0 1932.0 113.64705882352942 13791.167140731864 344.7791785182966 9.45 9.45 120.0 1962.0 61.3125
4230.004885589796 37.0 0.0 1932.0 113.64705882352942 13791.167140731864 344.7791785182966 9.45 9.45 120.0 1962.0 61.3125
4231.003797505014 37.0 0.0 1932.0 113.64705882352942 13792.167140731864 344.80417851829657 9.45 9.45 120.0 1962.0 61.3125
4232.004885589796 37.0 0.0 1932.0 113.64705882352942 13792.167140731864 344.80417851829657 9.45 9.45 120.0 1962.0 61.3125
4233.003797505014 37.0 0.0 1932.0 113.64705882352942 13792.718856961881 344.817971424047 9.45 9.45 120.0 1963.0 61.34375
4234.004885589796 37.0 0.0 1932.0 113.64705882352942 13792.718856961881 344.817971424047 9.45 9.45 120.0 1963.0 61.34375
4235.003797505014 37.0 0.0 1932.0 113.64705882352942 13792.719175002021 344.81797937505047 9.45 9.45 120.0 1963.0 61.34375
4236.004885589796 37.0 0.0 1932.0 113.64705882352942 13792.719175002021 344.81797937505047 9.45 9.45 120.0 1963.0 61.34375
4237.003797505014 37.0 0.0 1932.0 113.64705882352942 13793.719175002021 344.84297937505045 9.45 9.45 120.0 1963.0 61.34375
4238.004885589796 37.0 0.0 1932.0 113.64705882352942 13793.719175002021 344.84297937505045 9.45 9.45 120.0 1963.0 61.34375
4239.003797505014 37.0 0.0 1932.0 113.64705882352942 13794.719175002021 344.8679793750505 9.45 9.45 120.0 1963.0 61.34375
4240.004885589796 37.0 0.0 1932.0 113.64705882352942 13794.719175002021 344.8679793750505 9.45 9.45 120.0 1963.0 61.34375
4241.003797505014 37.0 0.0 1932.0 113.64705882352942 13795.719175002021 344.89297937505046 9.45 9.45 120.0 1963.0 61.34375
4242.004885589796 37.0 0.0 1932.0 113.64705882352942 13795.719175002021 344.89297937505046 9.45 9.45 120.0 1963.0 61.34375
4243.003797505014 37.0 0.0 1932.0 113.64705882352942 13796.719175002021 344.9179793750505 9.45 9.45 120.0 1963.0 61.34375
4244.004885589796 37.0 0.0 1932.0 113.64705882352942 13796.719175002021 344.9179793750505 9.45 9.45 120.0 1963.0 61.34375
4245.003797505014 37.0 0.0 1932.0 113.64705882352942 13797.719175002021 344.94297937505047 9.45 9.45 120.0 1963.0 61.34375
4246.004885589796 37.0 0.0 1932.0 113.64705882352942 13797.719175002021 344.94297937505047 9.45 9.45 120.0 1963.0 61.34375
4247.003797505014 37.0 0.0 1932.0 113.64705882352942 13798.719175002021 344.96797937505045 9.45 9.45 120.0 1963.0 61.34375
4248.004885589796 37.0 0.0 1932.0 113.64705882352942 13798.719175002021 344.96797937505045 9.45 9.45 120.0 1963.0 61.34375
4249.003797505014 37.0 0.0 1932.0 113.64705882352942 13799.719175002021 344.9929793750505 9.45 9.45 120.0 1963.0 61.34375
4250.004885589796 37.0 0.0 1932.0 113.64705882352942 13799.719175002021 344.9929793750505 9.45 9.45 120.0 1963.0 61.34375
4251.003797505014 37.0 0.0 1932.0 113.64705882352942 13800.719175002021 345.01797937505046 9.45 9.45 120.0 1963.0 61.34375
4252.004885589796 37.0 0.0 1932.0 113.64705882352942 13800.719175002021 345.01797937505046 9.45 9.45 120.0 1963.0 61.34375
4253.003797505014 37.0 0.0 1932.0 113.64705882352942 13801.719175002021 345.0429793750505 9.45 9.45 120.0 1963.0 61.34375
4254.004885589796 37.0 0.0 1932.0 113.64705882352942 13801.719175002021 345.0429793750505 9.45 9.45 120.0 1963.0 61.34375
4255.003797505014 37.0 0.0 1932.0 113.64705882352942 13802.719175002021 345.06797937505047 9.45 9.45 120.0 1963.0 61.34375
4256.004885589796 37.0 0.0 1932.0 113.64705882352942 13802.719175002021 345.06797937505047 9.45 9.45 120.0 1963.0 61.34375
4257.003797505014 37.0 0.0 1932.0 113.64705882352942 13803.719175002021 345.09297937505045 9.45 9.45 120.0 1963.0 61.34375
4258.004885589796 37.0 0.0 1932.0 113.64705882352942 13803.719175002021 345.09297937505045 9.45 9.45 120.0 1963.0 61.34375
4259.003797505014 37.0 0.0 1932.0 113.64705882352942 13804.719175002021 345.1179793750505 9.45 9.45 120.0 1963.0 61.34375
4260.004885589796 37.0 0.0 1932.0 113.64705882352942 13804.719175002021 345.1179793750505 9.45 9.45 120.0 1963.0 61.34375
4261.003797505014 37.0 0.0 1932.0 113.64705882352942 13805.719175002021 345.14297937505046 9.45 9.45 120.0 1963.0 61.34375
4262.004885589796 37.0 0.0 1932.0 113.64705882352942 13805.719175002021 345.14297937505046 9.45 9.45 120.0 1963.0 61.34375
4263.003797505014 37.0 0.0 1932.0 113.64705882352942 13806.719175002021 345.1679793750505 9.45 9.45 120.0 1963.0 61.34375
4264.004885589796 37.0 0.0 1932.0 113.64705882352942 13806.719175002021 345.1679793750505 9.45 9.45 120.0 1963.0 61.34375
4265.003797505014 37.0 0.0 1932.0 113.64705882352942 13807.719175002021 345.19297937505047 9.45 9.45 120.0 1963.0 61.34375
4266.004885589796 37.0 0.0 1932.0 113.64705882352942 13807.719175002021 345.19297937505047 9.45 9.45 120.0 1963.0 61.34375
4267.003797505014 37.0 0.0 1932.0 113.64705882352942 13808.719175002021 345.21797937505045 9.45 9.45 120.0 1963.0 61.34375
4268.004885589796 37.0 0.0 1932.0 113.64705882352942 13808.719175002021 345.21797937505045 9.45 9.45 120.0 1963.0 61.34375
4269.003797505014 37.0 0.0 1932.0 113.64705882352942 13809.719175002021 345.2429793750505 9.45 9.45 120.0 1963.0 61.34375
4270.004885589796 37.0 0.0 1932.0 113.64705882352942 13809.719175002021 345.2429793750505 9.45 9.45 120.0 1963.0 61.34375
4271.003797505014 37.0 0.0 1932.0 113.64705882352942 13810.719175002021 345.26797937505046 9.45 9.45 120.0 1963.0 61.34375
4272.004885589796 37.0 0.0 1932.0 113.64705882352942 13810.719175002021 345.26797937505046 9.45 9.45 120.0 1963.0 61.34375
4273.003797505014 37.0 0.0 1932.0 113.64705882352942 13811.719175002021 345.2929793750505 9.45 9.45 120.0 1963.0 61.34375
4274.004885589796 37.0 0.0 1932.0 113.64705882352942 13811.719175002021 345.2929793750505 9.45 9.45 120.0 1963.0 61.34375
4275.003797505014 37.0 0.0 1932.0 113.64705882352942 13812.719175002021 345.31797937505047 9.45 9.45 120.0 1963.0 61.34375
4276.004885589796 37.0 0.0 1932.0 113.64705882352942 13812.719175002021 345.31797937505047 9.45 9.45 120.0 1963.0 61.34375
4277.003797505014 37.0 0.0 1932.0 113.64705882352942 13813.719175002021 345.34297937505045 9.45 9.45 120.0 1963.0 61.34375
4278.004885589796 37.0 0.0 1932.0 113.64705882352942 13813.719175002021 345.34297937505045 9.45 9.45 120.0 1963.0 61.34375
4279.003797505014 37.0 0.0 1932.0 113.64705882352942 13814.719175002021 345.3679793750505 9.45 9.45 120.0 1963.0 61.34375
4280.004885589796 37.0 0.0 1932.0 113.64705882352942 13814.719175002021 345.3679793750505 9.45 9.45 120.0 1963.0 61.34375
4281.003797505014 37.0 0.0 1932.0 113.64705882352942 13815.719175002021 345.39297937505046 9.45 9.45 120.0 1963.0 61.34375
4282.004885589796 37.0 0.0 1932.0 113.64705882352942 13815.719175002021 345.39297937505046 9.45 9.45 120.0 1963.0 61.34375
4283.003797505014 37.0 0.0 1932.0 113.64705882352942 13816.719175002021 345.4179793750505 9.45 9.45 120.0 1963.0 61.34375
4284.004885589796 37.0 0.0 1932.0 113.64705882352942 13816.719175002021 345.4179793750505 9.45 9.45 120.0 1963.0 61.34375
4285.003797505014 37.0 0.0 1932.0 113.64705882352942 13817.719175002021 345.44297937505047 9.45 9.45 120.0 1963.0 61.34375
4286.004885589796 37.0 0.0 1932.0 113.64705882352942 13817.719175002021 345.44297937505047 9.45 9.45 120.0 1963.0 61.34375
4287.003797505014 37.0 0.0 1932.0 113.64705882352942 13818.719175002021 345.46797937505045 9.45 9.45 120.0 1963.0 61.34375
4288.004885589796 37.0 0.0 1932.0 113.64705882352942 13818.719175002021 345.46797937505045 9.45 9.45 120.0 1963.0 61.34375
4289.003797505014 37.0 0.0 1932.0 113.64705882352942 13819.719175002021 345.4929793750505 9.45 9.45 120.0 1963.0 61.34375
4290.004885589796 37.0 0.0 1932.0 113.64705882352942 13819.719175002021 345.4929793750505 9.45 9.45 120.0 1963.0 61.34375
4291.003797505014 37.0 0.0 1932.0 113.64705882352942 13820.719175002021 345.51797937505046 9.45 9.45 120.0 1963.0 61.34375
4292.004885589796 37.0 0.0 1932.0 113.64705882352942 13820.719175002021 345.51797937505046 9.45 9.45 120.0 1963.0 61.34375
4293.003797505014 37.0 0.0 1932.0 113.64705882352942 13821.719175002021 345.5429793750505 9.45 9.45 120.0 1963.0 61.34375
4294.004885589796 37.0 0.0 1932.0 113.64705882352942 13821.719175002021 345.5429793750505 9.45 9.45 120.0 1963.0 61.34375
4295.003797505014 37.0 0.0 1932.0 113.64705882352942 13822.719175002021 345.56797937505047 9.45 9.45 120.0 1963.0 61.34375
4296.004885589796 37.0 0.0 1932.0 113.64705882352942 13822.719175002021 345.56797937505047 9.45 9.45 120.0 1963.0 61.34375
4297.003797505014 37.0 0.0 1932.0 113.64705882352942 13823.719175002021 345.59297937505045 9.45 9.45 120.0 1963.0 61.34375
4298.004885589796 37.0 0.0 1932.0 113.64705882352942 13823.719175002021 345.59297937505045 9.45 9.45 120.0 1963.0 61.34375
4299.003797505014 37.0 0.0 1932.0 113.64705882352942 13824.084203528899 345.60210508822246 9.45 9.45 120.0 1964.0 61.375
4300.004885589796 37.0 0.0 1932.0 113.64705882352942 13824.084203528899 345.60210508822246 9.45 9.45 120.0 1964.0 61.375
4301.003797505014 37.0 0.0 1932.0 113.64705882352942 13824.084529819564 345.602113245489 9.45 9.45 120.0 1964.0 61.375
4302.004885589796 37.0 0.0 1932.0 113.64705882352942 13824.084529819564 345.602113245489 9.45 9.45 120.0 1964.0 61.375
4303.003797505014 37.0 0.0 1932.0 113.64705882352942 13825.084529819564 345.62711324548906 9.45 9.45 120.0 1964.0 61.375
4304.004885589796 37.0 0.0 1932.0 113.64705882352942 13825.084529819564 345.62711324548906 9.45 9.45 120.0 1964.0 61.375
4305.003797505014 37.0 0.0 1932.0 113.64705882352942 13826.084529819564 345.65211324548903 9.45 9.45 120.0 1964.0 61.375
4306.004885589796 37.0 0.0 1932.0 113.64705882352942 13826.084529819564 345.65211324548903 9.45 9.45 120.0 1964.0 61.375
4307.003797505014 37.0 0.0 1932.0 113.64705882352942 13827.084529819564 345.677113245489 9.45 9.45 120.0 1964.0 61.375
4308.004885589796 37.0 0.0 1932.0 113.64705882352942 13827.084529819564 345.677113245489 9.45 9.45 120.0 1964.0 61.375
4309.003797505014 37.0 0.0 1932.0 113.64705882352942 13828.084529819564 345.70211324548904 9.45 9.45 120.0 1964.0 61.375
4310.004885589796 37.0 0.0 1932.0 113.64705882352942 13828.084529819564 345.70211324548904 9.45 9.45 120.0 1964.0 61.375
4311.003797505014 37.0 0.0 1932.0 113.64705882352942 13829.084529819564 345.727113245489 9.45 9.45 120.0 1964.0 61.375
4312.004885589796 37.0 0.0 1932.0 113.64705882352942 13829.084529819564 345.727113245489 9.45 9.45 120.0 1964.0 61.375
4313.003797505014 37.0 0.0 1932.0 113.64705882352942 13830.084529819564 345.75211324548906 9.45 9.45 120.0 1964.0 61.375
4314.004885589796 37.0 0.0 1932.0 113.64705882352942 13830.084529819564 345.75211324548906 9.45 9.45 120.0 1964.0 61.375
4315.003797505014 37.0 0.0 1932.0 113.64705882352942 13831.084529819564 345.77711324548903 9.45 9.45 120.0 1964.0 61.375
4316.004885589796 37.0 0.0 1932.0 113.64705882352942 13831.084529819564 345.77711324548903 9.45 9.45 120.0 1964.0 61.375
4317.003797505014 37.0 0.0 1932.0 113.64705882352942 13832.084529819564 345.802113245489 9.45 9.45 120.0 1964.0 61.375
4318.004885589796 37.0 0.0 1932.0 113.64705882352942 13832.084529819564 345.802113245489 9.45 9.45 120.0 1964.0 61.375
4319.003797505014 37.0 0.0 1932.0 113.64705882352942 13833.084529819564 345.82711324548904 9.45 9.45 120.0 1964.0 61.375
4320.004885589796 37.0 0.0 1932.0 113.64705882352942 13833.084529819564 345.82711324548904 9.45 9.45 120.0 1964.0 61.375
4321.003797505014 37.0 0.0 1932.0 113.64705882352942 13834.084529819564 345.852113245489 9.45 9.45 120.0 1964.0 61.375
4322.004885589796 37.0 0.0 1932.0 113.64705882352942 13834.084529819564 345.852113245489 9.45 9.45 120.0 1964.0 61.375
4323.003797505014 37.0 0.0 1932.0 113.64705882352942 13835.084529819564 345.87711324548906 9.45 9.45 120.0 1964.0 61.375
4324.004885589796 37.0 0.0 1932.0 113.64705882352942 13835.084529819564 345.87711324548906 9.45 9.45 120.0 1964.0 61.375
4325.003797505014 37.0 0.0 1932.0 113.64705882352942 13836.084529819564 345.90211324548903 9.45 9.45 120.0 1964.0 61.375
4326.004885589796 37.0 0.0 1932.0 113.64705882352942 13836.084529819564 345.90211324548903 9.45 9.45 120.0 1964.0 61.375
4327.003797505014 37.0 0.0 1932.0 113.64705882352942 13837.084529819564 345.927113245489 9.45 9.45 120.0 1964.0 61.375
4328.004885589796 37.0 0.0 1932.0 113.64705882352942 13837.084529819564 345.927113245489 9.45 9.45 120.0 1964.0 61.375
4329.003797505014 37.0 0.0 1932.0 113.64705882352942 13838.084529819564 345.95211324548904 9.45 9.45 120.0 1964.0 61.375
4330.004885589796 37.0 0.0 1932.0 113.64705882352942 13838.084529819564 345.95211324548904 9.45 9.45 120.0 1964.0 61.375
4331.003797505014 37.0 0.0 1932.0 113.64705882352942 13839.084529819564 345.977113245489 9.45 9.45 120.0 1964.0 61.375
4332.004885589796 37.0 0.0 1932.0 113.64705882352942 13839.084529819564 345.977113245489 9.45 9.45 120.0 1964.0 61.375
4333.003797505014 37.0 0.0 1932.0 113.64705882352942 13840.084529819564 346.00211324548906 9.45 9.45 120.0 1964.0 61.375
4334.004885589796 37.0 0.0 1932.0 113.64705882352942 13840.084529819564 346.00211324548906 9.45 9.45 120.0 1964.0 61.375
4335.003797505014 37.0 0.0 1932.0 113.64705882352942 13841.084529819564 346.02711324548903 9.45 9.45 120.0 1964.0 61.375
4336.004885589796 37.0 0.0 1932.0 113.64705882352942 13841.084529819564 346.02711324548903 9.45 9.45 120.0 1964.0 61.375
4337.003797505014 37.0 0.0 1932.0 113.64705882352942 13842.084529819564 346.052113245489 9.45 9.45 120.0 1964.0 61.375
4338.004885589796 37.0 0.0 1932.0 113.64705882352942 13842.084529819564 346.052113245489 9.45 9.45 120.0 1964.0 61.375
4339.003797505014 37.0 0.0 1932.0 113.64705882352942 13843.084529819564 346.07711324548904 9.45 9.45 120.0 1964.0 61.375
4340.004885589796 37.0 0.0 1932.0 113.64705882352942 13843.084529819564 346.07711324548904 9.45 9.45 120.0 1964.0 61.375
4341.003797505014 37.0 0.0 1932.0 113.64705882352942 13844.084529819564 346.102113245489 9.45 9.45 120.0 1964.0 61.375
4342.004885589796 37.0 0.0 1932.0 113.64705882352942 13844.084529819564 346.102113245489 9.45 9.45 120.0 1964.0 61.375
4343.003797505014 37.0 0.0 1932.0 113.64705882352942 13845.084529819564 346.12711324548906 9.45 9.45 120.0 1964.0 61.375
4344.004885589796 37.0 0.0 1932.0 113.64705882352942 13845.084529819564 346.12711324548906 9.45 9.45 120.0 1964.0 61.375
4345.003797505014 37.0 0.0 1932.0 113.64705882352942 13846.084529819564 346.15211324548903 9.45 9.45 120.0 1964.0 61.375
4346.004885589796 37.0 0.0 1932.0 113.64705882352942 13846.084529819564 346.15211324548903 9.45 9.45 120.0 1964.0 61.375
4347.003797505014 37.0 0.0 1932.0 113.64705882352942 13847.084529819564 346.177113245489 9.45 9.45 120.0 1964.0 61.375
4348.004885589796 37.0 0.0 1932.0 113.64705882352942 13847.084529819564 346.177113245489 9.45 9.45 120.0 1964.0 61.375
4349.003797505014 37.0 0.0 1932.0 113.64705882352942 13848.084529819564 346.20211324548904 9.45 9.45 120.0 1964.0 61.375
4350.004885589796 37.0 0.0 1932.0 113.64705882352942 13848.084529819564 346.20211324548904 9.45 9.45 120.0 1964.0 61.375
4351.003797505014 37.0 0.0 1932.0 113.64705882352942 13848.644603520483 346.21611508801203 9.45 9.45 120.0 1965.0 61.40625
4352.004885589796 37.0 0.0 1932.0 113.64705882352942 13848.644603520483 346.21611508801203 9.45 9.45 120.0 1965.0 61.40625
4353.003797505014 37.0 0.0 1932.0 113.64705882352942 13848.644808014555 346.21612020036383 9.45 9.45 120.0 1965.0 61.40625
4354.004885589796 37.0 0.0 1932.0 113.64705882352942 13848.644808014555 346.21612020036383 9.45 9.45 120.0 1965.0 61.40625
4355.003797505014 37.0 0.0 1932.0 113.64705882352942 13849.644808014555 346.2411202003638 9.45 9.45 120.0 1965.0 61.40625
4356.004885589796 37.0 0.0 1932.0 113.64705882352942 13849.644808014555 346.2411202003638 9.45 9.45 120.0 1965.0 61.40625
4357.003797505014 37.0 0.0 1932.0 113.64705882352942 13850.644808014555 346.26612020036384 9.45 9.45 120.0 1965.0 61.40625
4358.004885589796 37.0 0.0 1932.0 113.64705882352942 13850.644808014555 346.26612020036384 9.45 9.45 120.0 1965.0 61.40625
4359.003797505014 37.0 0.0 1932.0 113.64705882352942 13851.644808014555 346.2911202003638 9.45 9.45 120.0 1965.0 61.40625
4360.004885589796 37.0 0.0 1932.0 113.64705882352942 13851.644808014555 346.2911202003638 9.45 9.45 120.0 1965.0 61.40625
4361.003797505014 37.0 0.0 1932.0 113.64705882352942 13852.644808014555 346.3161202003638 9.45 9.45 120.0 1965.0 61.40625
4362.004885589796 37.0 0.0 1932.0 113.64705882352942 13852.644808014555 346.3161202003638 9.45 9.45 120.0 1965.0 61.40625
4363.003797505014 37.0 0.0 1932.0 113.64705882352942 13853.644808014555 346.34112020036383 9.45 9.45 120.0 1965.0 61.40625
4364.004885589796 37.0 0.0 1932.0 113.64705882352942 13853.644808014555 346.34112020036383 9.45 9.45 120.0 1965.0 61.40625
4365.003797505014 37.0 0.0 1932.0 113.64705882352942 13854.644808014555 346.3661202003638 9.45 9.45 120.0 1965.0 61.40625
4366.004885589796 37.0 0.0 1932.0 113.64705882352942 13854.644808014555 346.3661202003638 9.45 9.45 120.0 1965.0 61.40625
4367.003797505014 37.0 0.0 1932.0 113.64705882352942 13855.644808014555 346.39112020036384 9.45 9.45 120.0 1965.0 61.40625
4368.004885589796 37.0 0.0 1932.0 113.64705882352942 13855.644808014555 346.39112020036384 9.45 9.45 120.0 1965.0 61.40625
4369.003797505014 37.0 0.0 1932.0 113.64705882352942 13856.644808014555 346.4161202003638 9.45 9.45 120.0 1965.0 61.40625
4370.004885589796 37.0 0.0 1932.0 113.64705882352942 13856.644808014555 346.4161202003638 9.45 9.45 120.0 1965.0 61.40625
4371.003797505014 37.0 0.0 1932.0 113.64705882352942 13857.644808014555 346.4411202003638 9.45 9.45 120.0 1965.0 61.40625
4372.004885589796 37.0 0.0 1932.0 113.64705882352942 13857.644808014555 346.4411202003638 9.45 9.45 120.0 1965.0 61.40625
4373.003797505014 37.0 0.0 1932.0 113.64705882352942 13858.644808014555 346.46612020036383 9.45 9.45 120.0 1965.0 61.40625
4374.004885589796 37.0 0.0 1932.0 113.64705882352942 13858.644808014555 346.46612020036383 9.45 9.45 120.0 1965.0 61.40625
4375.003797505014 37.0 0.0 1932.0 113.64705882352942 13859.644808014555 346.4911202003638 9.45 9.45 120.0 1965.0 61.40625
4376.004885589796 37.0 0.0 1932.0 113.64705882352942 13859.644808014555 346.4911202003638 9.45 9.45 120.0 1965.0 61.40625
4377.003797505014 37.0 0.0 1932.0 113.64705882352942 13860.644808014555 346.51612020036384 9.45 9.45 120.0 1965.0 61.40625
4378.004885589796 37.0 0.0 1932.0 113.64705882352942 13860.644808014555 346.51612020036384 9.45 9.45 120.0 1965.0 61.40625
4379.003797505014 37.0 0.0 1932.0 113.64705882352942 13861.644808014555 346.5411202003638 9.45 9.45 120.0 1965.0 61.40625
4380.004885589796 37.0 0.0 1932.0 113.64705882352942 13861.644808014555 346.5411202003638 9.45 9.45 120.0 1965.0 61.40625
4381.003797505014 37.0 0.0 1932.0 113.64705882352942 13862.644808014555 346.5661202003638 9.45 9.45 120.0 1965.0 61.40625
4382.004885589796 37.0 0.0 1932.0 113.64705882352942 13862.644808014555 346.5661202003638 9.45 9.45 120.0 1965.0 61.40625
4383.003797505014 37.0 0.0 1932.0 113.64705882352942 13863.644808014555 346.59112020036383 9.45 9.45 120.0 1965.0 61.40625
4384.004885589796 37.0 0.0 1932.0 113.64705882352942 13863.644808014555 346.59112020036383 9.45 9.45 120.0 1965.0 61.40625
4385.003797505014 37.0 0.0 1932.0 113.64705882352942 13864.644808014555 346.6161202003638 9.45 9.45 120.0 1965.0 61.40625
4386.004885589796 37.0 0.0 1932.0 113.64705882352942 13864.644808014555 346.6161202003638 9.45 9.45 120.0 1965.0 61.40625
4387.003797505014 37.0 0.0 1932.0 113.64705882352942 13865.644808014555 346.64112020036384 9.45 9.45 120.0 1965.0 61.40625
4388.004885589796 37.0 0.0 1932.0 113.64705882352942 13865.644808014555 346.64112020036384 9.45 9.45 120.0 1965.0 61.40625
4389.003797505014 37.0 0.0 1932.0 113.64705882352942 13866.644808014555 346.6661202003638 9.45 9.45 120.0 1965.0 61.40625
4390.004885589796 37.0 0.0 1932.0 113.64705882352942 13866.644808014555 346.6661202003638 9.45 9.45 120.0 1965.0 61.40625
4391.003797505014 37.0 0.0 1932.0 113.64705882352942 13867.644808014555 346.6911202003638 9.45 9.45 120.0 1965.0 61.40625
4392.004885589796 37.0 0.0 1932.0 113.64705882352942 13867.644808014555 346.6911202003638 9.45 9.45 120.0 1965.0 61.40625
4393.003797505014 37.0 0.0 1932.0 113.64705882352942 13868.644808014555 346.71612020036383 9.45 9.45 120.0 1965.0 61.40625
4394.004885589796 37.0 0.0 1932.0 113.64705882352942 13868.644808014555 346.71612020036383 9.45 9.45 120.0 1965.0 61.40625
4395.003797505014 37.0 0.0 1932.0 113.64705882352942 13869.644808014555 346.7411202003638 9.45 9.45 120.0 1965.0 61.40625
4396.004885589796 37.0 0.0 1932.0 113.64705882352942 13869.644808014555 346.7411202003638 9.45 9.45 120.0 1965.0 61.40625
4397.003797505014 37.0 0.0 1932.0 113.64705882352942 13870.644808014555 346.76612020036384 9.45 9.45 120.0 1965.0 61.40625
4398.004885589796 37.0 0.0 1932.0 113.64705882352942 13870.644808014555 346.76612020036384 9.45 9.45 120.0 1965.0 61.40625
4399.003797505014 37.0 0.0 1932.0 113.64705882352942 13871.644808014555 346.7911202003638 9.45 9.45 120.0 1965.0 61.40625
4400.004885589796 37.0 0.0 1932.0 113.64705882352942 13871.644808014555 346.7911202003638 9.45 9.45 120.0 1965.0 61.40625
4401.003797505014 37.0 0.0 1932.0 113.64705882352942 13872.644808014555 346.8161202003638 9.45 9.45 120.0 1965.0 61.40625
4402.004885589796 37.0 0.0 1932.0 113.64705882352942 13872.644808014555 346.8161202003638 9.45 9.45 120.0 1965.0 61.40625
4403.003797505014 37.0 0.0 1932.0 113.64705882352942 13873.644808014555 346.84112020036383 9.45 9.45 120.0 1965.0 61.40625
4404.004885589796 37.0 0.0 1932.0 113.64705882352942 13873.644808014555 346.84112020036383 9.45 9.45 120.0 1965.0 61.40625
4405.003797505014 37.0 0.0 1932.0 113.64705882352942 13874.644808014555 346.8661202003638 9.45 9.45 120.0 1965.0 61.40625
4406.004885589796 37.0 0.0 1932.0 113.64705882352942 13874.644808014555 346.8661202003638 9.45 9.45 120.0 1965.0 61.40625
4407.003797505014 37.0 0.0 1932.0 113.64705882352942 13875.644808014555 346.89112020036384 9.45 9.45 120.0 1965.0 61.40625
4408.004885589796 37.0 0.0 1932.0 113.64705882352942 13875.644808014555 346.89112020036384 9.45 9.45 120.0 1965.0 61.40625
4409.003797505014 37.0 0.0 1932.0 113.64705882352942 13875.698746425658 346.8924686606414 9.45 9.45 120.0 1966.0 61.4375
4410.004885589796 37.0 0.0 1932.0 113.64705882352942 13875.698746425658 346.8924686606414 9.45 9.45 120.0 1966.0 61.4375
4411.003797505014 37.0 0.0 1932.0 113.64705882352942 13875.698916364381 346.89247290910953 9.45 9.45 120.0 1966.0 61.4375
4412.004885589796 37.0 0.0 1932.0 113.64705882352942 13875.698916364381 346.89247290910953 9.45 9.45 120.0 1966.0 61.4375
4413.003797505014 37.0 0.0 1932.0 113.64705882352942 13876.698916364381 346.9174729091095 9.45 9.45 120.0 1966.0 61.4375
4414.004885589796 37.0 0.0 1932.0 113.64705882352942 13876.698916364381 346.9174729091095 9.45 9.45 120.0 1966.0 61.4375
4415.003797505014 37.0 0.0 1932.0 113.64705882352942 13877.698916364381 346.9424729091095 9.45 9.45 120.0 1966.0 61.4375
4416.004885589796 37.0 0.0 1932.0 113.64705882352942 13877.698916364381 346.9424729091095 9.45 9.45 120.0 1966.0 61.4375
4417.003797505014 37.0 0.0 1932.0 113.64705882352942 13878.698916364381 346.9674729091095 9.45 9.45 120.0 1966.0 61.4375
4418.004885589796 37.0 0.0 1932.0 113.64705882352942 13878.698916364381 346.9674729091095 9.45 9.45 120.0 1966.0 61.4375
4419.003797505014 37.0 0.0 1932.0 113.64705882352942 13879.698916364381 346.9924729091095 9.45 9.45 120.0 1966.0 61.4375
4420.004885589796 37.0 0.0 1932.0 113.64705882352942 13879.698916364381 346.9924729091095 9.45 9.45 120.0 1966.0 61.4375
4421.003797505014 37.0 0.0 1932.0 113.64705882352942 13880.698916364381 347.01747290910953 9.45 9.45 120.0 1966.0 61.4375
4422.004885589796 37.0 0.0 1932.0 113.64705882352942 13880.698916364381 347.01747290910953 9.45 9.45 120.0 1966.0 61.4375
4423.003797505014 37.0 0.0 1932.0 113.64705882352942 13881.698916364381 347.0424729091095 9.45 9.45 120.0 1966.0 61.4375
4424.004885589796 37.0 0.0 1932.0 113.64705882352942 13881.698916364381 347.0424729091095 9.45 9.45 120.0 1966.0 61.4375
4425.003797505014 37.0 0.0 1932.0 113.64705882352942 13882.698916364381 347.0674729091095 9.45 9.45 120.0 1966.0 61.4375
4426.004885589796 37.0 0.0 1932.0 113.64705882352942 13882.698916364381 347.0674729091095 9.45 9.45 120.0 1966.0 61.4375
4427.003797505014 37.0 0.0 1932.0 113.64705882352942 13883.698916364381 347.0924729091095 9.45 9.45 120.0 1966.0 61.4375
4428.004885589796 37.0 0.0 1932.0 113.64705882352942 13883.698916364381 347.0924729091095 9.45 9.45 120.0 1966.0 61.4375
4429.003797505014 37.0 0.0 1932.0 113.64705882352942 13884.698916364381 347.1174729091095 9.45 9.45 120.0 1966.0 61.4375
4430.004885589796 37.0 0.0 1932.0 113.64705882352942 13884.698916364381 347.1174729091095 9.45 9.45 120.0 1966.0 61.4375
4431.003797505014 37.0 0.0 1932.0 113.64705882352942 13885.698916364381 347.14247290910953 9.45 9.45 120.0 1966.0 61.4375
4432.004885589796 37.0 0.0 1932.0 113.64705882352942 13885.698916364381 347.14247290910953 9.45 9.45 120.0 1966.0 61.4375
4433.003797505014 37.0 0.0 1932.0 113.64705882352942 13886.698916364381 347.1674729091095 9.45 9.45 120.0 1966.0 61.4375
4434.004885589796 37.0 0.0 1932.0 113.64705882352942 13886.698916364381 347.1674729091095 9.45 9.45 120.0 1966.0 61.4375
4435.003797505014 37.0 0.0 1932.0 113.64705882352942 13887.698916364381 347.1924729091095 9.45 9.45 120.0 1966.0 61.4375
4436.004885589796 37.0 0.0 1932.0 113.64705882352942 13887.698916364381 347.1924729091095 9.45 9.45 120.0 1966.0 61.4375
4437.003797505014 37.0 0.0 1932.0 113.64705882352942 13888.698916364381 347.2174729091095 9.45 9.45 120.0 1966.0 61.4375
4438.004885589796 37.0 0.0 1932.0 113.64705882352942 13888.698916364381 347.2174729091095 9.45 9.45 120.0 1966.0 61.4375
4439.003797505014 37.0 0.0 1932.0 113.64705882352942 13889.698916364381 347.2424729091095 9.45 9.45 120.0 1966.0 61.4375
4440.004885589796 37.0 0.0 1932.0 113.64705882352942 13889.698916364381 347.2424729091095 9.45 9.45 120.0 1966.0 61.4375
4441.003797505014 37.0 0.0 1932.0 113.64705882352942 13890.698916364381 347.26747290910953 9.45 9.45 120.0 1966.0 61.4375
4442.004885589796 37.0 0.0 1932.0 113.64705882352942 13890.698916364381 347.26747290910953 9.45 9.45 120.0 1966.0 61.4375
4443.003797505014 37.0 0.0 1932.0 113.64705882352942 13891.698916364381 347.2924729091095 9.45 9.45 120.0 1966.0 61.4375
4444.004885589796 37.0 0.0 1932.0 113.64705882352942 13891.698916364381 347.2924729091095 9.45 9.45 120.0 1966.0 61.4375
4445.003797505014 37.0 0.0 1932.0 113.64705882352942 13892.698916364381 347.3174729091095 9.45 9.45 120.0 1966.0 61.4375
4446.004885589796 37.0 0.0 1932.0 113.64705882352942 13892.698916364381 347.3174729091095 9.45 9.45 120.0 1966.0 61.4375
4447.003797505014 37.0 0.0 1932.0 113.64705882352942 13893.456979594752 347.33642448986876 9.45 9.45 120.0 1967.0 61.46875
4448.004885589796 37.0 0.0 1932.0 113.64705882352942 13893.456979594752 347.33642448986876 9.45 9.45 120.0 1967.0 61.46875
4449.003797505014 37.0 0.0 1932.0 113.64705882352942 13893.457170100804 347.3364292525201 9.45 9.45 120.0 1967.0 61.46875
4450.004885589796 37.0 0.0 1932.0 113.64705882352942 13893.457170100804 347.3364292525201 9.45 9.45 120.0 1967.0 61.46875
4451.003797505014 37.0 0.0 1932.0 113.64705882352942 13894.457170100804 347.36142925252005 9.45 9.45 120.0 1967.0 61.46875
4452.004885589796 37.0 0.0 1932.0 113.64705882352942 13894.457170100804 347.36142925252005 9.45 9.45 120.0 1967.0 61.46875
4453.003797505014 37.0 0.0 1932.0 113.64705882352942 13895.457170100804 347.3864292525201 9.45 9.45 120.0 1967.0 61.46875
4454.004885589796 37.0 0.0 1932.0 113.64705882352942 13895.457170100804 347.3864292525201 9.45 9.45 120.0 1967.0 61.46875
4455.003797505014 37.0 0.0 1932.0 113.64705882352942 13896.457170100804 347.41142925252007 9.45 9.45 120.0 1967.0 61.46875
4456.004885589796 37.0 0.0 1932.0 113.64705882352942 13896.457170100804 347.41142925252007 9.45 9.45 120.0 1967.0 61.46875
4457.003797505014 37.0 0.0 1932.0 113.64705882352942 13897.457170100804 347.43642925252004 9.45 9.45 120.0 1967.0 61.46875
4458.004885589796 37.0 0.0 1932.0 113.64705882352942 13897.457170100804 347.43642925252004 9.45 9.45 120.0 1967.0 61.46875
4459.003797505014 37.0 0.0 1932.0 113.64705882352942 13898.457170100804 347.4614292525201 9.45 9.45 120.0 1967.0 61.46875
4460.004885589796 37.0 0.0 1932.0 113.64705882352942 13898.457170100804 347.4614292525201 9.45 9.45 120.0 1967.0 61.46875
4461.003797505014 37.0 0.0 1932.0 113.64705882352942 13899.457170100804 347.48642925252005 9.45 9.45 120.0 1967.0 61.46875
4462.004885589796 37.0 0.0 1932.0 113.64705882352942 13899.457170100804 347.48642925252005 9.45 9.45 120.0 1967.0 61.46875
4463.003797505014 37.0 0.0 1932.0 113.64705882352942 13900.457170100804 347.5114292525201 9.45 9.45 120.0 1967.0 61.46875
4464.004885589796 37.0 0.0 1932.0 113.64705882352942 13900.457170100804 347.5114292525201 9.45 9.45 120.0 1967.0 61.46875
4465.003797505014 37.0 0.0 1932.0 113.64705882352942 13901.457170100804 347.53642925252007 9.45 9.45 120.0 1967.0 61.46875
4466.004885589796 37.0 0.0 1932.0 113.64705882352942 13901.457170100804 347.53642925252007 9.45 9.45 120.0 1967.0 61.46875
4467.003797505014 37.0 0.0 1932.0 113.64705882352942 13902.457170100804 347.56142925252004 9.45 9.45 120.0 1967.0 61.46875
4468.004885589796 37.0 0.0 1932.0 113.64705882352942 13902.457170100804 347.56142925252004 9.45 9.45 120.0 1967.0 61.46875
4469.003797505014 37.0 0.0 1932.0 113.64705882352942 13903.189415817847 347.57973539544616 9.45 9.45 120.0 1968.0 61.5
4470.004885589796 37.0 0.0 1932.0 113.64705882352942 13903.189415817847 347.57973539544616 9.45 9.45 120.0 1968.0 61.5
4471.003797505014 37.0 0.0 1932.0 113.64705882352942 13903.189540892658 347.5797385223164 9.45 9.45 120.0 1968.0 61.5
4472.004885589796 37.0 0.0 1932.0 113.64705882352942 13903.189540892658 347.5797385223164 9.45 9.45 120.0 1968.0 61.5
4473.003797505014 37.0 0.0 1932.0 113.64705882352942 13904.189540892658 347.60473852231644 9.45 9.45 120.0 1968.0 61.5
4474.004885589796 37.0 0.0 1932.0 113.64705882352942 13904.189540892658 347.60473852231644 9.45 9.45 120.0 1968.0 61.5
4475.003797505014 37.0 0.0 1932.0 113.64705882352942 13905.189540892658 347.6297385223164 9.45 9.45 120.0 1968.0 61.5
4476.004885589796 37.0 0.0 1932.0 113.64705882352942 13905.189540892658 347.6297385223164 9.45 9.45 120.0 1968.0 61.5
4477.003797505014 37.0 0.0 1932.0 113.64705882352942 13906.189540892658 347.6547385223164 9.45 9.45 120.0 1968.0 61.5
4478.004885589796 37.0 0.0 1932.0 113.64705882352942 13906.189540892658 347.6547385223164 9.45 9.45 120.0 1968.0 61.5
4479.003797505014 37.0 0.0 1932.0 113.64705882352942 13907.189540892658 347.67973852231637 9.45 9.45 120.0 1968.0 61.5
4480.004885589796 37.0 0.0 1932.0 113.64705882352942 13907.189540892658 347.67973852231637 9.45 9.45 120.0 1968.0 61.5
4481.003797505014 37.0 0.0 1932.0 113.64705882352942 13908.189540892658 347.7047385223164 9.45 9.45 120.0 1968.0 61.5
4482.004885589796 37.0 0.0 1932.0 113.64705882352942 13908.189540892658 347.7047385223164 9.45 9.45 120.0 1968.0 61.5
4483.003797505014 37.0 0.0 1932.0 113.64705882352942 13909.189540892658 347.72973852231644 9.45 9.45 120.0 1968.0 61.5
4484.004885589796 37.0 0.0 1932.0 113.64705882352942 13909.189540892658 347.72973852231644 9.45 9.45 120.0 1968.0 61.5
4485.003797505014 37.0 0.0 1932.0 113.64705882352942 13910.189540892658 347.7547385223164 9.45 9.45 120.0 1968.0 61.5
4486.004885589796 37.0 0.0 1932.0 113.64705882352942 13910.189540892658 347.7547385223164 9.45 9.45 120.0 1968.0 61.5
4487.003797505014 37.0 0.0 1932.0 113.64705882352942 13911.189540892658 347.7797385223164 9.45 9.45 120.0 1968.0 61.5
4488.004885589796 37.0 0.0 1932.0 113.64705882352942 13911.189540892658 347.7797385223164 9.45 9.45 120.0 1968.0 61.5
4489.003797505014 37.0 0.0 1932.0 113.64705882352942 13912.189540892658 347.80473852231637 9.45 9.45 120.0 1968.0 61.5
4490.004885589796 37.0 0.0 1932.0 113.64705882352942 13912.189540892658 347.80473852231637 9.45 9.45 120.0 1968.0 61.5
4491.003797505014 37.0 0.0 1932.0 113.64705882352942 13913.189540892658 347.8297385223164 9.45 9.45 120.0 1968.0 61.5
4492.004885589796 37.0 0.0 1932.0 113.64705882352942 13913.189540892658 347.8297385223164 9.45 9.45 120.0 1968.0 61.5
4493.003797505014 37.0 0.0 1932.0 113.64705882352942 13914.189540892658 347.85473852231644 9.45 9.45 120.0 1968.0 61.5
4494.004885589796 37.0 0.0 1932.0 113.64705882352942 13914.189540892658 347.85473852231644 9.45 9.45 120.0 1968.0 61.5
4495.003797505014 37.0 0.0 1932.0 113.64705882352942 13915.189540892658 347.8797385223164 9.45 9.45 120.0 1968.0 61.5
4496.004885589796 37.0 0.0 1932.0 113.64705882352942 13915.189540892658 347.8797385223164 9.45 9.45 120.0 1968.0 61.5
4497.003797505014 37.0 0.0 1932.0 113.64705882352942 13916.189540892658 347.9047385223164 9.45 9.45 120.0 1968.0 61.5
4498.004885589796 37.0 0.0 1932.0 113.64705882352942 13916.189540892658 347.9047385223164 9.45 9.45 120.0 1968.0 61.5
4499.003797505014 37.0 0.0 1932.0 113.64705882352942 13917.189540892658 347.92973852231637 9.45 9.45 120.0 1968.0 61.5
4500.004885589796 37.0 0.0 1932.0 113.64705882352942 13917.189540892658 347.92973852231637 9.45 9.45 120.0 1968.0 61.5
4501.003797505014 37.0 0.0 1932.0 113.64705882352942 13918.189540892658 347.9547385223164 9.45 9.45 120.0 1968.0 61.5
4502.004885589796 37.0 0.0 1932.0 113.64705882352942 13918.189540892658 347.9547385223164 9.45 9.45 120.0 1968.0 61.5
4503.003797505014 37.0 0.0 1932.0 113.64705882352942 13919.189540892658 347.97973852231644 9.45 9.45 120.0 1968.0 61.5
4504.004885589796 37.0 0.0 1932.0 113.64705882352942 13919.189540892658 347.97973852231644 9.45 9.45 120.0 1968.0 61.5
4505.003797505014 37.0 0.0 1932.0 113.64705882352942 13920.189540892658 348.0047385223164 9.45 9.45 120.0 1968.0 61.5
4506.004885589796 37.0 0.0 1932.0 113.64705882352942 13920.189540892658 348.0047385223164 9.45 9.45 120.0 1968.0 61.5
4507.003797505014 37.0 0.0 1932.0 113.64705882352942 13921.189540892658 348.0297385223164 9.45 9.45 120.0 1968.0 61.5
4508.004885589796 37.0 0.0 1932.0 113.64705882352942 13921.189540892658 348.0297385223164 9.45 9.45 120.0 1968.0 61.5
4509.003797505014 37.0 0.0 1932.0 113.64705882352942 13922.189540892658 348.05473852231637 9.45 9.45 120.0 1968.0 61.5
4510.004885589796 37.0 0.0 1932.0 113.64705882352942 13922.189540892658 348.05473852231637 9.45 9.45 120.0 1968.0 61.5
4511.003797505014 37.0 0.0 1932.0 113.64705882352942 13923.189540892658 348.0797385223164 9.45 9.45 120.0 1968.0 61.5
4512.004885589796 37.0 0.0 1932.0 113.64705882352942 13923.189540892658 348.0797385223164 9.45 9.45 120.0 1968.0 61.5
4513.003797505014 37.0 0.0 1932.0 113.64705882352942 13924.189540892658 348.10473852231644 9.45 9.45 120.0 1968.0 61.5
4514.004885589796 37.0 0.0 1932.0 113.64705882352942 13924.189540892658 348.10473852231644 9.45 9.45 120.0 1968.0 61.5
4515.003797505014 37.0 0.0 1932.0 113.64705882352942 13925.189540892658 348.1297385223164 9.45 9.45 120.0 1968.0 61.5
4516.004885589796 37.0 0.0 1932.0 113.64705882352942 13925.189540892658 348.1297385223164 9.45 9.45 120.0 1968.0 61.5
4517.003797505014 37.0 0.0 1932.0 113.64705882352942 13926.189540892658 348.1547385223164 9.45 9.45 120.0 1968.0 61.5
4518.004885589796 37.0 0.0 1932.0 113.64705882352942 13926.189540892658 348.1547385223164 9.45 9.45 120.0 1968.0 61.5
4519.003797505014 37.0 0.0 1932.0 113.64705882352942 13927.189540892658 348.17973852231637 9.45 9.45 120.0 1968.0 61.5
4520.004885589796 37.0 0.0 1932.0 113.64705882352942 13927.189540892658 348.17973852231637 9.45 9.45 120.0 1968.0 61.5
4521.003797505014 37.0 0.0 1932.0 113.64705882352942 13928.189540892658 348.2047385223164 9.45 9.45 120.0 1968.0 61.5
4522.004885589796 37.0 0.0 1932.0 113.64705882352942 13928.189540892658 348.2047385223164 9.45 9.45 120.0 1968.0 61.5
4523.003797505014 37.0 0.0 1932.0 113.64705882352942 13929.189540892658 348.22973852231644 9.45 9.45 120.0 1968.0 61.5
4524.004885589796 37.0 0.0 1932.0 113.64705882352942 13929.189540892658 348.22973852231644 9.45 9.45 120.0 1968.0 61.5
4525.003797505014 37.0 0.0 1932.0 113.64705882352942 13930.189540892658 348.2547385223164 9.45 9.45 120.0 1968.0 61.5
4526.004885589796 37.0 0.0 1932.0 113.64705882352942 13930.189540892658 348.2547385223164 9.45 9.45 120.0 1968.0 61.5
4527.003797505014 37.0 0.0 1932.0 113.64705882352942 13931.189540892658 348.2797385223164 9.45 9.45 120.0 1968.0 61.5
4528.004885589796 37.0 0.0 1932.0 113.64705882352942 13931.189540892658 348.2797385223164 9.45 9.45 120.0 1968.0 61.5
4529.003797505014 37.0 0.0 1932.0 113.64705882352942 13932.189540892658 348.30473852231637 9.45 9.45 120.0 1968.0 61.5
4530.004885589796 37.0 0.0 1932.0 113.64705882352942 13932.189540892658 348.30473852231637 9.45 9.45 120.0 1968.0 61.5
4531.003797505014 37.0 0.0 1932.0 113.64705882352942 13933.189540892658 348.3297385223164 9.45 9.45 120.0 1968.0 61.5
4532.004885589796 37.0 0.0 1932.0 113.64705882352942 13933.189540892658 348.3297385223164 9.45 9.45 120.0 1968.0 61.5
4533.003797505014 37.0 0.0 1932.0 113.64705882352942 13934.189540892658 348.35473852231644 9.45 9.45 120.0 1968.0 61.5
4534.004885589796 37.0 0.0 1932.0 113.64705882352942 13934.189540892658 348.35473852231644 9.45 9.45 120.0 1968.0 61.5
4535.003797505014 37.0 0.0 1932.0 113.64705882352942 13935.189540892658 348.3797385223164 9.45 9.45 120.0 1968.0 61.5
4536.004885589796 37.0 0.0 1932.0 113.64705882352942 13935.189540892658 348.3797385223164 9.45 9.45 120.0 1968.0 61.5
4537.003797505014 37.0 0.0 1932.0 113.64705882352942 13936.189540892658 348.4047385223164 9.45 9.45 120.0 1968.0 61.5
4538.004885589796 37.0 0.0 1932.0 113.64705882352942 13936.189540892658 348.4047385223164 9.45 9.45 120.0 1968.0 61.5
4539.003797505014 37.0 0.0 1932.0 113.64705882352942 13937.189540892658 348.42973852231637 9.45 9.45 120.0 1968.0 61.5
4540.004885589796 37.0 0.0 1932.0 113.64705882352942 13937.189540892658 348.42973852231637 9.45 9.45 120.0 1968.0 61.5
4541.003797505014 37.0 0.0 1932.0 113.64705882352942 13938.189540892658 348.4547385223164 9.45 9.45 120.0 1968.0 61.5
4542.004885589796 37.0 0.0 1932.0 113.64705882352942 13938.189540892658 348.4547385223164 9.45 9.45 120.0 1968.0 61.5
4543.003797505014 37.0 0.0 1932.0 113.64705882352942 13939.189540892658 348.47973852231644 9.45 9.45 120.0 1968.0 61.5
4544.004885589796 37.0 0.0 1932.0 113.64705882352942 13939.189540892658 348.47973852231644 9.45 9.45 120.0 1968.0 61.5
4545.003797505014 37.0 0.0 1932.0 113.64705882352942 13940.189540892658 348.5047385223164 9.45 9.45 120.0 1968.0 61.5
4546.004885589796 37.0 0.0 1932.0 113.64705882352942 13940.189540892658 348.5047385223164 9.45 9.45 120.0 1968.0 61.5
4547.003797505014 37.0 0.0 1932.0 113.64705882352942 13941.189540892658 348.5297385223164 9.45 9.45 120.0 1968.0 61.5
4548.004885589796 37.0 0.0 1932.0 113.64705882352942 13941.189540892658 348.5297385223164 9.45 9.45 120.0 1968.0 61.5
4549.003797505014 37.0 0.0 1932.0 113.64705882352942 13942.189540892658 348.5547385223164 9.45 9.45 120.0 1968.0 61.5
4550.004885589796 37.0 0.0 1932.0 113.64705882352942 13942.189540892658 348.5547385223164 9.45 9.45 120.0 1968.0 61.5
4551.003797505014 37.0 0.0 1932.0 113.64705882352942 13943.189540892658 348.5797385223164 9.45 9.45 120.0 1968.0 61.5
4552.004885589796 37.0 0.0 1932.0 113.64705882352942 13943.189540892658 348.5797385223164 9.45 9.45 120.0 1968.0 61.5
4553.003797505014 37.0 0.0 1932.0 113.64705882352942 13944.189540892658 348.60473852231644 9.45 9.45 120.0 1968.0 61.5
4554.004885589796 37.0 0.0 1932.0 113.64705882352942 13944.189540892658 348.60473852231644 9.45 9.45 120.0 1968.0 61.5
4555.003797505014 37.0 0.0 1932.0 113.64705882352942 13945.189540892658 348.6297385223164 9.45 9.45 120.0 1968.0 61.5
4556.004885589796 37.0 0.0 1932.0 113.64705882352942 13945.189540892658 348.6297385223164 9.45 9.45 120.0 1968.0 61.5
4557.003797505014 37.0 0.0 1932.0 113.64705882352942 13946.189540892658 348.6547385223164 9.45 9.45 120.0 1968.0 61.5
4558.004885589796 37.0 0.0 1932.0 113.64705882352942 13946.189540892658 348.6547385223164 9.45 9.45 120.0 1968.0 61.5
4559.003797505014 37.0 0.0 1932.0 113.64705882352942 13947.189540892658 348.6797385223164 9.45 9.45 120.0 1968.0 61.5
4560.004885589796 37.0 0.0 1932.0 113.64705882352942 13947.189540892658 348.6797385223164 9.45 9.45 120.0 1968.0 61.5
4561.003797505014 37.0 0.0 1932.0 113.64705882352942 13948.189540892658 348.7047385223164 9.45 9.45 120.0 1968.0 61.5
4562.004885589796 37.0 0.0 1932.0 113.64705882352942 13948.189540892658 348.7047385223164 9.45 9.45 120.0 1968.0 61.5
4563.003797505014 37.0 0.0 1932.0 113.64705882352942 13949.189540892658 348.72973852231644 9.45 9.45 120.0 1968.0 61.5
4564.004885589796 37.0 0.0 1932.0 113.64705882352942 13949.189540892658 348.72973852231644 9.45 9.45 120.0 1968.0 61.5
4565.003797505014 37.0 0.0 1932.0 113.64705882352942 13950.189540892658 348.7547385223164 9.45 9.45 120.0 1968.0 61.5
4566.004885589796 37.0 0.0 1932.0 113.64705882352942 13950.189540892658 348.7547385223164 9.45 9.45 120.0 1968.0 61.5
4567.003797505014 37.0 0.0 1932.0 113.64705882352942 13951.189540892658 348.7797385223164 9.45 9.45 120.0 1968.0 61.5
4568.004885589796 37.0 0.0 1932.0 113.64705882352942 13951.189540892658 348.7797385223164 9.45 9.45 120.0 1968.0 61.5
4569.003797505014 37.0 0.0 1932.0 113.64705882352942 13952.189540892658 348.8047385223164 9.45 9.45 120.0 1968.0 61.5
4570.004885589796 37.0 0.0 1932.0 113.64705882352942 13952.189540892658 348.8047385223164 9.45 9.45 120.0 1968.0 61.5
4571.003797505014 37.0 0.0 1932.0 113.64705882352942 13953.189540892658 348.8297385223164 9.45 9.45 120.0 1968.0 61.5
4572.004885589796 37.0 0.0 1932.0 113.64705882352942 13953.189540892658 348.8297385223164 9.45 9.45 120.0 1968.0 61.5
4573.003797505014 37.0 0.0 1932.0 113.64705882352942 13954.189540892658 348.85473852231644 9.45 9.45 120.0 1968.0 61.5
4574.004885589796 37.0 0.0 1932.0 113.64705882352942 13954.189540892658 348.85473852231644 9.45 9.45 120.0 1968.0 61.5
4575.003797505014 37.0 0.0 1932.0 113.64705882352942 13955.189540892658 348.8797385223164 9.45 9.45 120.0 1968.0 61.5
4576.004885589796 37.0 0.0 1932.0 113.64705882352942 13955.189540892658 348.8797385223164 9.45 9.45 120.0 1968.0 61.5
4577.003797505014 37.0 0.0 1932.0 113.64705882352942 13956.189540892658 348.9047385223164 9.45 9.45 120.0 1968.0 61.5
4578.004885589796 37.0 0.0 1932.0 113.64705882352942 13956.189540892658 348.9047385223164 9.45 9.45 120.0 1968.0 61.5
4579.003797505014 37.0 0.0 1932.0 113.64705882352942 13957.189540892658 348.9297385223164 9.45 9.45 120.0 1968.0 61.5
4580.004885589796 37.0 0.0 1932.0 113.64705882352942 13957.189540892658 348.9297385223164 9.45 9.45 120.0 1968.0 61.5
4581.003797505014 37.0 0.0 1932.0 113.64705882352942 13958.189540892658 348.9547385223164 9.45 9.45 120.0 1968.0 61.5
4582.004885589796 37.0 0.0 1932.0 113.64705882352942 13958.189540892658 348.9547385223164 9.45 9.45 120.0 1968.0 61.5
4583.003797505014 37.0 0.0 1932.0 113.64705882352942 13959.189540892658 348.97973852231644 9.45 9.45 120.0 1968.0 61.5
4584.004885589796 37.0 0.0 1932.0 113.64705882352942 13959.189540892658 348.97973852231644 9.45 9.45 120.0 1968.0 61.5
4585.003797505014 37.0 0.0 1932.0 113.64705882352942 13960.189540892658 349.0047385223164 9.45 9.45 120.0 1968.0 61.5
4586.004885589796 37.0 0.0 1932.0 113.64705882352942 13960.189540892658 349.0047385223164 9.45 9.45 120.0 1968.0 61.5
4587.003797505014 37.0 0.0 1932.0 113.64705882352942 13961.189540892658 349.0297385223164 9.45 9.45 120.0 1968.0 61.5
4588.004885589796 37.0 0.0 1932.0 113.64705882352942 13961.189540892658 349.0297385223164 9.45 9.45 120.0 1968.0 61.5
4589.003797505014 37.0 0.0 1932.0 113.64705882352942 13962.189540892658 349.0547385223164 9.45 9.45 120.0 1968.0 61.5
4590.004885589796 37.0 0.0 1932.0 113.64705882352942 13962.189540892658 349.0547385223164 9.45 9.45 120.0 1968.0 61.5
4591.003797505014 37.0 0.0 1932.0 113.64705882352942 13963.189540892658 349.0797385223164 9.45 9.45 120.0 1968.0 61.5
4592.004885589796 37.0 0.0 1932.0 113.64705882352942 13963.189540892658 349.0797385223164 9.45 9.45 120.0 1968.0 61.5
4593.003797505014 37.0 0.0 1932.0 113.64705882352942 13964.189540892658 349.10473852231644 9.475 9.475 120.0 1968.0 61.5
4594.004885589796 37.0 0.0 1932.0 113.64705882352942 13964.189540892658 349.10473852231644 9.475 9.475 120.0 1968.0 61.5
4595.003797505014 37.0 0.0 1932.0 113.64705882352942 13966.189540892658 349.1547385223164 9.5 9.5 114.0 1968.0 61.5
4596.004885589796 37.0 0.0 1932.0 113.64705882352942 13967.189540892658 349.1797385223164 9.5 9.5 107.0 1968.0 61.5
4597.003797505014 37.0 1.0 1933.0 113.70588235294117 13969.189540892658 349.22973852231644 9.5 9.5 107.0 1968.0 61.5
4598.004885589796 37.0 1.0 1933.0 113.70588235294117 13971.189540892658 349.2797385223164 9.5 9.5 107.0 1968.0 61.5
4599.003797505014 37.0 1.0 1934.0 113.76470588235294 13973.189540892658 349.3297385223164 9.5 9.5 107.0 1968.0 61.5
4600.004885589796 37.0 1.0 1934.0 113.76470588235294 13978.189540892658 349.4547385223164 9.525 9.525 107.0 1968.0 61.5
4601.003797505014 37.0 1.0 1935.0 113.8235294117647 13984.189540892656 349.6047385223164 9.525 9.525 107.0 1968.0 61.5
4602.004885589796 37.0 1.0 1935.0 113.8235294117647 13989.189540892656 349.7297385223164 9.525 9.525 107.0 1968.0 61.5
4603.003797505014 37.0 1.0 1936.0 113.88235294117646 13994.189540892656 349.8547385223164 9.525 9.525 107.0 1968.0 61.5
4604.004885589796 37.0 1.0 1936.0 113.88235294117646 13996.189540892656 349.9047385223164 9.525 9.525 107.0 1968.0 61.5
4605.003797505014 37.0 1.0 1937.0 113.94117647058822 14001.189540892656 350.0297385223164 9.525 9.525 107.0 1968.0 61.5
4606.004885589796 37.0 1.0 1937.0 113.94117647058822 14003.189540892656 350.0797385223164 9.525 9.525 107.0 1968.0 61.5
4607.003797505014 37.0 1.0 1938.0 114.0 14007.189540892656 350.1797385223164 9.525 9.525 107.0 1968.0 61.5
4608.004885589796 37.0 1.0 1938.0 114.0 14008.189540892656 350.2047385223164 9.525 9.525 107.0 1968.0 61.5
4609.003797505014 37.0 1.0 1939.0 114.05882352941178 14009.189540892656 350.2297385223164 9.525 9.525 107.0 1968.0 61.5
4610.004885589796 37.0 1.0 1939.0 114.05882352941178 14010.189540892656 350.2547385223164 9.525 9.525 107.0 1968.0 61.5
4611.003797505014 37.0 1.0 1940.0 114.11764705882354 14010.189540892656 350.2547385223164 9.525 9.525 107.0 1968.0 61.5
4612.004885589796 37.0 1.0 1940.0 114.11764705882354 14010.189540892656 350.2547385223164 9.525 9.525 107.0 1968.0 61.5
4613.003797505014 37.0 1.0 1941.0 114.1764705882353 14010.189540892656 350.2547385223164 9.525 9.525 107.0 1968.0 61.5
4614.004885589796 37.0 1.0 1941.0 114.1764705882353 14010.189540892656 350.2547385223164 9.525 9.525 107.0 1968.0 61.5
4615.003797505014 37.0 1.0 1942.0 114.23529411764706 14010.189540892656 350.2547385223164 9.525 9.525 107.0 1968.0 61.5
4616.004885589796 37.0 1.0 1942.0 114.23529411764706 14010.189540892656 350.2547385223164 9.525 9.525 107.0 1968.0 61.5
4617.003797505014 37.0 1.0 1943.0 114.29411764705884 14010.189540892656 350.2547385223164 9.525 9.525 107.0 1968.0 61.5
4618.004885589796 37.0 1.0 1943.0 114.29411764705884 14010.189540892656 350.2547385223164 9.525 9.525 107.0 1968.0 61.5
4619.003797505014 37.0 1.0 1944.0 114.35294117647058 14010.189540892656 350.2547385223164 9.525 9.525 107.0 1968.0 61.5
4620.004885589796 37.0 1.0 1944.0 114.35294117647058 14010.189540892656 350.2547385223164 9.525 9.525 107.0 1968.0 61.5
4621.003797505014 37.0 1.0 1945.0 114.41176470588238 14010.189540892656 350.2547385223164 9.525 9.525 107.0 1968.0 61.5
4622.004885589796 37.0 1.0 1945.0 114.41176470588238 14010.189540892656 350.2547385223164 9.525 9.525 107.0 1968.0 61.5
4623.003797505014 37.0 1.0 1946.0 114.4705882352941 14010.189540892656 350.2547385223164 9.525 9.525 107.0 1968.0 61.5
4624.004885589796 37.0 1.0 1946.0 114.4705882352941 14010.189540892656 350.2547385223164 9.525 9.525 107.0 1968.0 61.5
4625.003797505014 37.0 1.0 1947.0 114.5294117647059 14010.189540892656 350.2547385223164 9.525 9.525 107.0 1968.0 61.5
4626.004885589796 37.0 1.0 1947.0 114.5294117647059 14010.189540892656 350.2547385223164 9.525 9.525 107.0 1968.0 61.5
4627.003797505014 37.0 1.0 1948.0 114.58823529411762 14010.189540892656 350.2547385223164 9.525 9.525 107.0 1968.0 61.5
4628.004885589796 37.0 1.0 1948.0 114.58823529411762 14010.189540892656 350.2547385223164 9.525 9.525 107.0 1968.0 61.5
4629.003797505014 37.0 1.0 1949.0 114.64705882352942 14010.189540892656 350.2547385223164 9.525 9.525 107.0 1968.0 61.5
4630.004885589796 37.0 1.0 1949.0 114.64705882352942 14010.189540892656 350.2547385223164 9.525 9.525 107.0 1968.0 61.5
4631.003797505014 37.0 1.0 1950.0 114.70588235294116 14010.189540892656 350.2547385223164 9.525 9.525 107.0 1968.0 61.5
4632.004885589796 37.0 1.0 1950.0 114.70588235294116 14010.189540892656 350.2547385223164 9.525 9.525 107.0 1968.0 61.5
4633.003797505014 37.0 1.0 1951.0 114.76470588235294 14010.189540892656 350.2547385223164 9.525 9.525 107.0 1968.0 61.5
4634.004885589796 37.0 1.0 1951.0 114.76470588235294 14010.189540892656 350.2547385223164 9.525 9.525 107.0 1968.0 61.5
4635.003797505014 37.0 1.0 1952.0 114.8235294117647 14010.189540892656 350.2547385223164 9.525 9.525 107.0 1968.0 61.5
4636.004885589796 37.0 1.0 1952.0 114.8235294117647 14010.189540892656 350.2547385223164 9.525 9.525 107.0 1968.0 61.5
4637.003797505014 37.0 1.0 1953.0 114.88235294117646 14010.189540892656 350.2547385223164 9.525 9.525 107.0 1968.0 61.5
4638.004885589796 37.0 1.0 1953.0 114.88235294117646 14010.189540892656 350.2547385223164 9.525 9.525 107.0 1968.0 61.5
4639.003797505014 37.0 1.0 1954.0 114.94117647058822 14010.189540892656 350.2547385223164 9.525 9.525 107.0 1968.0 61.5
4640.004885589796 37.0 1.0 1954.0 114.94117647058822 14010.189540892656 350.2547385223164 9.525 9.525 107.0 1968.0 61.5
4641.003797505014 37.0 1.0 1955.0 115.0 14010.189540892656 350.2547385223164 9.525 9.525 107.0 1968.0 61.5
4642.004885589796 37.0 1.0 1955.0 115.0 14010.189540892656 350.2547385223164 9.525 9.525 107.0 1968.0 61.5
4643.003797505014 37.0 1.0 1956.0 115.05882352941178 14010.189540892656 350.2547385223164 9.525 9.525 107.0 1968.0 61.5
4644.004885589796 37.0 1.0 1956.0 115.05882352941178 14010.189540892656 350.2547385223164 9.525 9.525 107.0 1968.0 61.5
4645.003797505014 37.0 1.0 1957.0 115.11764705882354 14010.189540892656 350.2547385223164 9.525 9.525 107.0 1968.0 61.5
4646.004885589796 37.0 1.0 1957.0 115.11764705882354 14010.189540892656 350.2547385223164 9.525 9.525 107.0 1968.0 61.5
4647.003797505014 37.0 1.0 1958.0 115.1764705882353 14010.189540892656 350.2547385223164 9.525 9.525 107.0 1968.0 61.5
4648.004885589796 37.0 1.0 1958.0 115.1764705882353 14010.189540892656 350.2547385223164 9.525 9.525 107.0 1968.0 61.5
4649.003797505014 37.0 1.0 1959.0 115.23529411764706 14010.189540892656 350.2547385223164 9.525 9.525 107.0 1968.0 61.5
4650.004885589796 37.0 1.0 1959.0 115.23529411764706 14010.189540892656 350.2547385223164 9.525 9.525 107.0 1968.0 61.5
4651.003797505014 37.0 1.0 1960.0 115.29411764705884 14010.189540892656 350.2547385223164 9.525 9.525 107.0 1968.0 61.5
4652.004885589796 37.0 1.0 1960.0 115.29411764705884 14010.189540892656 350.2547385223164 9.525 9.525 107.0 1968.0 61.5
4653.003797505014 37.0 1.0 1961.0 115.35294117647058 14010.189540892656 350.2547385223164 9.525 9.525 107.0 1968.0 61.5
4654.004885589796 37.0 1.0 1961.0 115.35294117647058 14010.189540892656 350.2547385223164 9.525 9.525 107.0 1968.0 61.5
4655.003797505014 37.0 1.0 1962.0 115.41176470588238 14010.189540892656 350.2547385223164 9.525 9.525 107.0 1968.0 61.5
4656.004885589796 37.0 1.0 1962.0 115.41176470588238 14010.189540892656 350.2547385223164 9.525 9.525 107.0 1968.0 61.5
4657.003797505014 37.0 1.0 1963.0 115.4705882352941 14010.189540892656 350.2547385223164 9.525 9.525 107.0 1968.0 61.5
4658.004885589796 37.0 1.0 1963.0 115.4705882352941 14010.189540892656 350.2547385223164 9.525 9.525 107.0 1968.0 61.5
4659.003797505014 37.0 1.0 1964.0 115.5294117647059 14010.189540892656 350.2547385223164 9.525 9.525 107.0 1968.0 61.5
4660.004885589796 37.0 1.0 1964.0 115.5294117647059 14010.189540892656 350.2547385223164 9.525 9.525 107.0 1968.0 61.5
4661.003797505014 37.0 1.0 1965.0 115.58823529411762 14010.189540892656 350.2547385223164 9.525 9.525 107.0 1968.0 61.5
4662.004885589796 37.0 1.0 1965.0 115.58823529411762 14010.189540892656 350.2547385223164 9.525 9.525 107.0 1968.0 61.5
4663.003797505014 37.0 1.0 1966.0 115.64705882352942 14010.189540892656 350.2547385223164 9.525 9.525 107.0 1968.0 61.5
4664.004885589796 37.0 1.0 1966.0 115.64705882352942 14010.189540892656 350.2547385223164 9.525 9.525 107.0 1968.0 61.5
4665.003797505014 37.0 1.0 1967.0 115.70588235294116 14010.189540892656 350.2547385223164 9.525 9.525 107.0 1968.0 61.5
4666.004885589796 37.0 1.0 1967.0 115.70588235294116 14010.189540892656 350.2547385223164 9.525 9.525 107.0 1968.0 61.5
4667.003797505014 37.0 1.0 1968.0 115.76470588235294 14010.189540892656 350.2547385223164 9.525 9.525 107.0 1968.0 61.5
4668.004885589796 37.0 1.0 1968.0 115.76470588235294 14010.189540892656 350.2547385223164 9.525 9.525 107.0 1968.0 61.5
4669.003797505014 37.0 1.0 1969.0 115.8235294117647 14010.189540892656 350.2547385223164 9.525 9.525 107.0 1968.0 61.5
4670.004885589796 37.0 1.0 1969.0 115.8235294117647 14010.189540892656 350.2547385223164 9.525 9.525 107.0 1968.0 61.5
4671.003797505014 37.0 1.0 1970.0 115.88235294117646 14010.189540892656 350.2547385223164 9.525 9.525 107.0 1968.0 61.5
4672.004885589796 37.0 1.0 1970.0 115.88235294117646 14010.189540892656 350.2547385223164 9.525 9.525 107.0 1968.0 61.5
4673.003797505014 37.0 1.0 1971.0 115.94117647058822 14010.189540892656 350.2547385223164 9.525 9.525 107.0 1968.0 61.5
4674.004885589796 37.0 1.0 1971.0 115.94117647058822 14010.189540892656 350.2547385223164 9.525 9.525 107.0 1968.0 61.5
4675.003797505014 37.0 1.0 1972.0 116.0 14010.189540892656 350.2547385223164 9.525 9.525 107.0 1968.0 61.5
4676.004885589796 37.0 1.0 1972.0 116.0 14010.189540892656 350.2547385223164 9.525 9.525 107.0 1968.0 61.5
4677.003797505014 37.0 1.0 1973.0 116.05882352941178 14010.189540892656 350.2547385223164 9.525 9.525 107.0 1968.0 61.5
4678.004885589796 37.0 1.0 1973.0 116.05882352941178 14010.189540892656 350.2547385223164 9.525 9.525 107.0 1968.0 61.5
4679.003797505014 37.0 1.0 1974.0 116.11764705882354 14010.189540892656 350.2547385223164 9.525 9.525 107.0 1968.0 61.5
4680.004885589796 37.0 1.0 1974.0 116.11764705882354 14010.189540892656 350.2547385223164 9.525 9.525 107.0 1968.0 61.5
4681.003797505014 37.0 1.0 1975.0 116.1764705882353 14010.189540892656 350.2547385223164 9.525 9.525 107.0 1968.0 61.5
4682.004885589796 37.0 1.0 1975.0 116.1764705882353 14010.189540892656 350.2547385223164 9.525 9.525 107.0 1968.0 61.5
4683.003797505014 37.0 1.0 1976.0 116.23529411764706 14010.189540892656 350.2547385223164 9.525 9.525 107.0 1968.0 61.5
4684.004885589796 37.0 1.0 1976.0 116.23529411764706 14010.189540892656 350.2547385223164 9.525 9.525 107.0 1968.0 61.5
4685.003797505014 37.0 1.0 1977.0 116.29411764705884 14010.189540892656 350.2547385223164 9.525 9.525 107.0 1968.0 61.5
4686.004885589796 37.0 1.0 1977.0 116.29411764705884 14010.189540892656 350.2547385223164 9.525 9.525 107.0 1968.0 61.5
4687.003797505014 37.0 1.0 1978.0 116.35294117647058 14010.189540892656 350.2547385223164 9.525 9.525 107.0 1968.0 61.5
4688.004885589796 37.0 1.0 1978.0 116.35294117647058 14010.189540892656 350.2547385223164 9.525 9.525 107.0 1968.0 61.5
4689.003797505014 37.0 1.0 1979.0 116.41176470588238 14010.189540892656 350.2547385223164 9.525 9.525 107.0 1968.0 61.5
4690.004885589796 37.0 1.0 1979.0 116.41176470588238 14010.189540892656 350.2547385223164 9.525 9.525 107.0 1968.0 61.5
4691.003797505014 37.0 1.0 1980.0 116.4705882352941 14010.189540892656 350.2547385223164 9.525 9.525 107.0 1968.0 61.5
4692.004885589796 37.0 1.0 1980.0 116.4705882352941 14010.189540892656 350.2547385223164 9.525 9.525 107.0 1968.0 61.5
4693.003797505014 37.0 1.0 1981.0 116.5294117647059 14010.189540892656 350.2547385223164 9.525 9.525 107.0 1968.0 61.5
4694.004885589796 37.0 1.0 1981.0 116.5294117647059 14010.189540892656 350.2547385223164 9.525 9.525 107.0 1968.0 61.5
4695.003797505014 37.0 1.0 1982.0 116.58823529411762 14010.189540892656 350.2547385223164 9.525 9.525 107.0 1968.0 61.5
4696.004885589796 37.0 1.0 1982.0 116.58823529411762 14010.189540892656 350.2547385223164 9.525 9.525 107.0 1968.0 61.5
4697.003797505014 37.0 1.0 1983.0 116.64705882352942 14010.189540892656 350.2547385223164 9.525 9.525 107.0 1968.0 61.5
4698.004885589796 37.0 1.0 1983.0 116.64705882352942 14010.189540892656 350.2547385223164 9.525 9.525 107.0 1968.0 61.5
4699.003797505014 37.0 1.0 1984.0 116.70588235294116 14010.189540892656 350.2547385223164 9.525 9.525 107.0 1968.0 61.5
4700.004885589796 37.0 1.0 1984.0 116.70588235294116 14010.189540892656 350.2547385223164 9.525 9.525 107.0 1968.0 61.5
4701.003797505014 37.0 1.0 1985.0 116.76470588235294 14010.189540892656 350.2547385223164 9.525 9.525 107.0 1968.0 61.5
4702.004885589796 37.0 1.0 1985.0 116.76470588235294 14010.189540892656 350.2547385223164 9.525 9.525 107.0 1968.0 61.5
4703.003797505014 37.0 1.0 1986.0 116.8235294117647 14010.189540892656 350.2547385223164 9.525 9.525 107.0 1968.0 61.5
4704.004885589796 37.0 1.0 1986.0 116.8235294117647 14010.189540892656 350.2547385223164 9.525 9.525 107.0 1968.0 61.5
4705.003797505014 37.0 1.0 1987.0 116.88235294117646 14010.189540892656 350.2547385223164 9.525 9.525 107.0 1968.0 61.5
4706.004885589796 37.0 1.0 1987.0 116.88235294117646 14010.189540892656 350.2547385223164 9.525 9.525 107.0 1968.0 61.5
4707.003797505014 37.0 1.0 1988.0 116.94117647058822 14010.189540892656 350.2547385223164 9.525 9.525 107.0 1968.0 61.5
4708.004885589796 37.0 1.0 1988.0 116.94117647058822 14010.189540892656 350.2547385223164 9.525 9.525 107.0 1968.0 61.5
4709.003797505014 37.0 1.0 1989.0 117.0 14010.189540892656 350.2547385223164 9.525 9.525 107.0 1968.0 61.5
4710.004885589796 37.0 1.0 1989.0 117.0 14010.189540892656 350.2547385223164 9.525 9.525 107.0 1968.0 61.5
4711.003797505014 37.0 1.0 1990.0 117.05882352941178 14010.189540892656 350.2547385223164 9.525 9.525 107.0 1968.0 61.5
4712.004885589796 37.0 1.0 1990.0 117.05882352941178 14010.189540892656 350.2547385223164 9.525 9.525 107.0 1968.0 61.5
4713.003797505014 37.0 1.0 1991.0 117.11764705882354 14010.189540892656 350.2547385223164 9.525 9.525 107.0 1968.0 61.5
4714.004885589796 37.0 1.0 1991.0 117.11764705882354 14010.189540892656 350.2547385223164 9.525 9.525 107.0 1968.0 61.5
4715.003797505014 37.0 1.0 1992.0 117.1764705882353 14010.189540892656 350.2547385223164 9.525 9.525 107.0 1968.0 61.5
4716.004885589796 37.0 1.0 1992.0 117.1764705882353 14010.189540892656 350.2547385223164 9.525 9.525 107.0 1968.0 61.5
4717.003797505014 37.0 1.0 1993.0 117.23529411764706 14010.189540892656 350.2547385223164 9.525 9.525 107.0 1968.0 61.5
4718.004885589796 37.0 1.0 1993.0 117.23529411764706 14010.189540892656 350.2547385223164 9.525 9.525 107.0 1968.0 61.5
4719.003797505014 37.0 1.0 1994.0 117.29411764705884 14010.189540892656 350.2547385223164 9.525 9.525 107.0 1968.0 61.5
4720.004885589796 37.0 1.0 1994.0 117.29411764705884 14010.189540892656 350.2547385223164 9.5 9.5 107.0 1968.0 61.5
4721.003797505014 37.0 1.0 1995.0 117.35294117647058 14010.189540892656 350.2547385223164 9.5 9.5 107.0 1968.0 61.5
4722.004885589796 37.0 1.0 1995.0 117.35294117647058 14010.189540892656 350.2547385223164 9.5 9.5 107.0 1968.0 61.5
4723.003797505014 37.0 1.0 1996.0 117.41176470588238 14010.189540892656 350.2547385223164 9.5 9.5 107.0 1968.0 61.5
4724.004885589796 37.0 1.0 1996.0 117.41176470588238 14010.189540892656 350.2547385223164 9.5 9.5 107.0 1968.0 61.5
4725.003797505014 37.0 1.0 1997.0 117.4705882352941 14010.189540892656 350.2547385223164 9.5 9.5 107.0 1968.0 61.5
4726.004885589796 37.0 1.0 1997.0 117.4705882352941 14010.189540892656 350.2547385223164 9.5 9.5 107.0 1968.0 61.5
4727.003797505014 37.0 1.0 1998.0 117.5294117647059 14010.189540892656 350.2547385223164 9.5 9.5 107.0 1968.0 61.5
4728.004885589796 37.0 1.0 1998.0 117.5294117647059 14010.189540892656 350.2547385223164 9.5 9.5 107.0 1968.0 61.5
4729.003797505014 37.0 1.0 1999.0 117.58823529411762 14010.189540892656 350.2547385223164 9.5 9.5 107.0 1968.0 61.5
4730.004885589796 37.0 1.0 1999.0 117.58823529411762 14010.189540892656 350.2547385223164 9.5 9.5 107.0 1968.0 61.5
4731.003797505014 37.0 1.0 2000.0 117.64705882352942 14010.189540892656 350.2547385223164 9.5 9.5 107.0 1968.0 61.5
4732.004885589796 37.0 1.0 2000.0 117.64705882352942 14010.189540892656 350.2547385223164 9.5 9.5 107.0 1968.0 61.5
4733.003797505014 37.0 0.0 2000.0 117.64705882352942 14010.189540892656 350.2547385223164 9.5 9.5 107.0 1968.0 61.5
4734.004885589796 37.0 0.0 2000.0 117.64705882352942 14010.189540892656 350.2547385223164 9.5 9.5 107.0 1968.0 61.5
4735.003797505014 37.0 0.0 2000.0 117.64705882352942 14012.189540892656 350.3047385223164 9.5 9.5 84.0 1968.0 61.5
4736.004885589796 37.0 0.0 2000.0 117.64705882352942 14013.189540892656 350.3297385223164 9.5 9.5 84.0 1968.0 61.5
4737.003797505014 37.0 0.0 2000.0 117.64705882352942 14015.189540892656 350.3797385223164 9.5 9.5 84.0 1968.0 61.5
4738.004885589796 37.0 0.0 2000.0 117.64705882352942 14017.189540892656 350.4297385223164 9.5 9.5 84.0 1968.0 61.5
4739.003797505014 37.0 0.0 2000.0 117.64705882352942 14021.189540892656 350.5297385223164 9.5 9.5 84.0 1968.0 61.5
4740.004885589796 37.0 0.0 2000.0 117.64705882352942 14027.189540892656 350.6797385223164 9.75 9.75 84.0 1968.0 61.5
4741.003797505014 37.0 0.0 2000.0 117.64705882352942 14035.189540892656 350.8797385223164 9.9 9.9 84.0 1968.0 61.5
4742.004885589796 37.0 0.0 2000.0 117.64705882352942 14042.189540892656 351.0547385223164 10.275 10.275 84.0 1968.0 61.5
4743.003797505014 37.0 0.0 2000.0 117.64705882352942 14051.189540892656 351.2797385223164 10.3 10.3 84.0 1968.0 61.5
4744.004885589796 37.0 0.0 2000.0 117.64705882352942 14059.189540892656 351.4797385223164 10.325 10.325 84.0 1968.0 61.5
4745.003797505014 37.0 0.0 2000.0 117.64705882352942 14071.189540892656 351.7797385223164 10.325 10.325 85.0 1968.0 61.5
4746.004885589796 37.0 0.0 2000.0 117.64705882352942 14079.189540892656 351.9797385223164 10.325 10.325 85.0 1968.0 61.5
4747.003797505014 37.0 0.0 2000.0 117.64705882352942 14092.189540892656 352.3047385223164 10.8 10.8 86.0 1968.0 61.5
4748.004885589796 37.0 0.0 2000.0 117.64705882352942 14101.189540892656 352.5297385223164 11.300000000000002 11.300000000000002 87.0 1968.0 61.5
4749.003797505014 37.0 0.0 2000.0 117.64705882352942 14114.189540892656 352.8547385223164 11.550000000000002 11.550000000000002 87.0 1968.0 61.5
4750.004885589796 37.0 0.0 2000.0 117.64705882352942 14123.189540892656 353.0797385223164 11.9 11.9 87.0 1968.0 61.5
4751.003797505014 37.0 1.0 2001.0 117.70588235294116 14136.189540892656 353.4047385223164 12.025 12.025 87.0 1968.0 61.5
4752.004885589796 37.0 1.0 2001.0 117.70588235294116 14145.189540892656 353.6297385223164 12.1 12.1 87.0 1968.0 61.5
4753.003797505014 37.0 1.0 2002.0 117.76470588235294 14157.189540892656 353.9297385223164 12.85 12.85 87.0 1968.0 61.5
4754.004885589796 37.0 1.0 2002.0 117.76470588235294 14166.189540892656 354.1547385223164 13.325 13.325 87.0 1968.0 61.5
4755.003797505014 37.0 1.0 2003.0 117.8235294117647 14177.2462991706 354.431157479265 13.7 13.7 87.0 1968.0 61.5
4756.004885589796 37.0 1.0 2003.0 117.8235294117647 14185.68163509679 354.64204087741973 13.725 13.725 87.0 1968.0 61.5
4757.003797505014 37.0 1.0 2004.0 117.88235294117646 14196.681843887012 354.9170460971753 13.85 13.85 87.0 1968.0 61.5
4758.004885589796 37.0 1.0 2004.0 117.88235294117646 14204.681843887012 355.11704609717526 13.9 13.9 87.0 1968.0 61.5
4759.003797505014 37.0 1.0 2005.0 117.94117647058822 14215.682188947962 355.392054723699 13.975 13.975 87.0 1968.0 61.5
4760.004885589796 37.0 1.0 2005.0 117.94117647058822 14223.682188947962 355.59205472369905 14.0 14.0 87.0 1968.0 61.5
4761.003797505014 37.0 1.0 2006.0 118.0 14234.682292934203 355.8670573233551 14.1 14.1 87.0 1968.0 61.5
4762.004885589796 37.0 1.0 2006.0 118.0 14242.682292934203 356.0670573233551 14.525 14.525 87.0 1968.0 61.5
4763.003797505014 37.0 1.0 2007.0 118.05882352941178 14253.68242307398 356.3420605768495 15.1 15.1 87.0 1968.0 61.5
4764.004885589796 37.0 1.0 2007.0 118.05882352941178 14261.68242307398 356.5420605768495 15.625 15.625 87.0 1968.0 61.5
4765.003797505014 37.0 1.0 2008.0 118.11764705882354 14272.68261200034 356.8170653000085 15.9 15.9 87.0 1968.0 61.5
4766.004885589796 37.0 1.0 2008.0 118.11764705882354 14280.68261200034 357.01706530000854 16.375 16.375 87.0 1968.0 61.5
4767.003797505014 37.0 1.0 2009.0 118.1764705882353 14291.682932759124 357.29207331897805 16.575 16.575 87.0 1968.0 61.5
4768.004885589796 37.0 1.0 2009.0 118.1764705882353 14299.682932759124 357.4920733189781 16.85 16.85 87.0 1968.0 61.5
4769.003797505014 37.0 1.0 2010.0 118.23529411764706 14310.683078500671 357.7670769625168 17.225 17.225 87.0 1968.0 61.5
4770.004885589796 37.0 1.0 2010.0 118.23529411764706 14318.683078500671 357.9670769625168 17.5 17.5 87.0 1968.0 61.5
4771.003797505014 37.0 1.0 2011.0 118.29411764705884 14329.68319908917 358.24207997722925 17.725 17.725 87.0 1968.0 61.5
4772.004885589796 37.0 1.0 2011.0 118.29411764705884 14337.68319908917 358.44207997722924 17.725 17.725 87.0 1968.0 61.5
4773.003797505014 37.0 1.0 2012.0 118.35294117647058 14348.683266335865 358.71708165839664 17.725 17.725 87.0 1968.0 61.5
4774.004885589796 37.0 1.0 2012.0 118.35294117647058 14356.683266335865 358.9170816583966 17.75 17.75 87.0 1968.0 61.5
4775.003797505014 37.0 1.0 2013.0 118.41176470588238 14366.955139764194 359.1738784941048 17.8 17.8 87.0 1968.0 61.5
4776.004885589796 37.0 1.0 2013.0 118.41176470588238 14374.955139764194 359.3738784941048 18.1 18.1 87.0 1968.0 61.5
4777.003797505014 37.0 1.0 2014.0 118.4705882352941 14384.955325832692 359.6238831458173 18.3 18.3 87.0 1968.0 61.5
4778.004885589796 37.0 1.0 2014.0 118.4705882352941 14392.955325832692 359.82388314581726 18.775 18.775 87.0 1968.0 61.5
4779.003797505014 37.0 1.0 2015.0 118.5294117647059 14402.955434889032 360.0738858722258 18.775 18.775 87.0 1968.0 61.5
4780.004885589796 37.0 1.0 2015.0 118.5294117647059 14410.821082462908 360.2705270615727 18.775 18.775 87.0 1968.0 61.5
4781.003797505014 37.0 1.0 2016.0 118.58823529411762 14420.821260941722 360.520531523543 18.775 18.775 87.0 1968.0 61.5
4782.004885589796 37.0 1.0 2016.0 118.58823529411762 14427.821260941722 360.6955315235431 18.8 18.8 87.0 1968.0 61.5
4783.003797505014 37.0 1.0 2017.0 118.64705882352942 14437.821528901106 360.94553822252766 18.825 18.825 87.0 1968.0 61.5
4784.004885589796 37.0 1.0 2017.0 118.64705882352942 14444.821528901106 361.12053822252767 18.85 18.85 87.0 1968.0 61.5
4785.003797505014 37.0 1.0 2018.0 118.70588235294116 14454.821556823706 361.37053892059265 18.875 18.875 87.0 1968.0 61.5
4786.004885589796 37.0 1.0 2018.0 118.70588235294116 14461.821556823706 361.54553892059266 18.875 18.875 87.0 1968.0 61.5
4787.003797505014 37.0 1.0 2019.0 118.76470588235294 14470.86701101235 361.7716752753087 18.875 18.875 87.0 1968.0 61.5
4788.004885589796 37.0 1.0 2019.0 118.76470588235294 14476.97039813929 361.92425995348225 18.875 18.875 87.0 1968.0 61.5
4789.003797505014 37.0 1.0 2020.0 118.8235294117647 14485.970601621282 362.14926504053204 18.875 18.875 87.0 1968.0 61.5
4790.004885589796 37.0 1.0 2020.0 118.8235294117647 14491.970601621282 362.2992650405321 18.875 18.875 87.0 1968.0 61.5
4791.003797505014 37.0 1.0 2021.0 118.88235294117646 14500.441274661494 362.51103186653734 18.875 18.875 87.0 1968.0 61.5
4792.004885589796 37.0 1.0 2021.0 118.88235294117646 14506.441274661494 362.66103186653737 18.875 18.875 87.0 1968.0 61.5
4793.003797505014 37.0 1.0 2022.0 118.94117647058822 14512.766208637253 362.81915521593135 18.875 18.875 87.0 1968.0 61.5
4794.004885589796 37.0 1.0 2022.0 118.94117647058822 14518.766208637253 362.9691552159313 18.9 18.9 87.0 1968.0 61.5
4795.003797505014 37.0 1.0 2023.0 119.0 14524.766433925206 363.11916084813015 18.9 18.9 87.0 1968.0 61.5
4796.004885589796 37.0 1.0 2023.0 119.0 14530.766433925206 363.2691608481301 18.975 18.975 87.0 1968.0 61.5
4797.003797505014 37.0 1.0 2024.0 119.05882352941178 14536.766820242925 363.4191705060731 19.05 19.05 87.0 1968.0 61.5
4798.004885589796 37.0 1.0 2024.0 119.05882352941178 14542.766820242925 363.5691705060731 19.05 19.05 87.0 1968.0 61.5
4799.003797505014 37.0 1.0 2025.0 119.11764705882354 14548.767074116333 363.71917685290833 19.125 19.125 87.0 1968.0 61.5
4800.004885589796 37.0 1.0 2025.0 119.11764705882354 14553.860614429233 363.84651536073073 19.15 19.15 87.0 1968.0 61.5
4801.003797505014 37.0 1.0 2026.0 119.1764705882353 14559.860985034318 363.99652462585794 19.175 19.175 87.0 1968.0 61.5
4802.004885589796 37.0 1.0 2026.0 119.1764705882353 14564.247389795471 364.1061847448867 19.175 19.175 87.0 1968.0 61.5
4803.003797505014 37.0 1.0 2027.0 119.23529411764706 14569.430913038183 364.2357728259545 19.175 19.175 87.0 1968.0 61.5
4804.004885589796 37.0 1.0 2027.0 119.23529411764706 14573.431187983451 364.3357796995862 19.85 19.85 87.0 1968.0 61.5
4805.003797505014 37.0 1.0 2028.0 119.29411764705884 14578.431457854434 364.4607864463609 20.125 20.125 87.0 1968.0 61.5
4806.004885589796 37.0 1.0 2028.0 119.29411764705884 14581.917774763637 364.5479443690909 20.35 20.35 87.0 1968.0 61.5
4807.003797505014 37.0 1.0 2029.0 119.35294117647058 14586.918094907267 364.67295237268166 20.35 20.35 87.0 1968.0 61.5
4808.004885589796 37.0 1.0 2029.0 119.35294117647058 14589.918137694602 364.747953442365 20.35 20.35 87.0 1968.0 61.5
4809.003797505014 37.0 1.0 2030.0 119.41176470588238 14594.693632178789 364.8673408044697 20.375 20.375 87.0 1968.0 61.5
4810.004885589796 37.0 1.0 2030.0 119.41176470588238 14597.693816504414 364.94234541261034 20.425 20.425 87.0 1968.0 61.5
4811.003797505014 37.0 1.0 2031.0 119.4705882352941 14601.694023804213 365.0423505951053 21.1 21.1 87.0 1968.0 61.5
4812.004885589796 37.0 1.0 2031.0 119.4705882352941 14604.69422570821 365.11735564270515 21.45 21.45 87.0 1968.0 61.5
4813.003797505014 37.0 1.0 2032.0 119.5294117647059 14608.69440502237 365.21736012555925 22.1 22.1 87.0 1968.0 61.5
4814.004885589796 37.0 1.0 2032.0 119.5294117647059 14611.694527274305 365.2923631818575 22.45 22.45 87.0 1968.0 61.5
4815.003797505014 37.0 1.0 2033.0 119.58823529411762 14615.694747894415 365.3923686973603 23.05 23.05 87.0 1968.0 61.5
4816.004885589796 37.0 1.0 2033.0 119.58823529411762 14618.472946031778 365.46182365079443 23.05 23.05 87.0 1968.0 61.5
4817.003797505014 37.0 1.0 2034.0 119.64705882352942 14622.473095224099 365.5618273806024 23.05 23.05 87.0 1968.0 61.5
4818.004885589796 37.0 1.0 2034.0 119.64705882352942 14624.473158179613 365.6118289544903 23.05 23.05 87.0 1968.0 61.5
4819.003797505014 37.0 1.0 2035.0 119.70588235294116 14628.473408588428 365.7118352147106 23.05 23.05 87.0 1968.0 61.5
4820.004885589796 37.0 1.0 2035.0 119.70588235294116 14630.473680126337 365.7618420031584 23.05 23.05 87.0 1968.0 61.5
4821.003797505014 37.0 1.0 2036.0 119.76470588235294 14634.473927725825 365.8618481931456 23.05 23.05 87.0 1968.0 61.5
4822.004885589796 37.0 1.0 2036.0 119.76470588235294 14636.474244385032 365.9118561096257 23.05 23.05 87.0 1968.0 61.5
4823.003797505014 37.0 1.0 2037.0 119.82352941176468 14640.474495551121 366.011862388778 23.05 23.05 87.0 1968.0 61.5
4824.004885589796 37.0 1.0 2037.0 119.82352941176468 14642.474632149386 366.06186580373463 23.05 23.05 87.0 1968.0 61.5
4825.003797505014 37.0 1.0 2038.0 119.88235294117646 14646.474918967955 366.1618729741988 23.05 23.05 87.0 1968.0 61.5
4826.004885589796 37.0 1.0 2038.0 119.88235294117646 14648.475006602746 366.21187516506853 23.425 23.425 87.0 1968.0 61.5
4827.003797505014 37.0 1.0 2039.0 119.9411764705882 14652.475705615952 366.31189264039875 23.75 23.75 87.0 1968.0 61.5
4828.004885589796 37.0 1.0 2039.0 119.9411764705882 14654.475816910095 366.36189542275235 24.45 24.45 87.0 1968.0 61.5
4829.003797505014 37.0 1.0 2040.0 120.0 14658.476389153371 366.46190972883426 24.5 24.5 87.0 1968.0 61.5
4830.004885589796 37.0 1.0 2040.0 120.0 14660.4765999918 366.51191499979495 24.5 24.5 87.0 1968.0 61.5
4831.003797505014 37.0 1.0 2041.0 120.0588235294118 14664.477140887664 366.61192852219153 24.5 24.5 87.0 1968.0 61.5
4832.004885589796 37.0 1.0 2041.0 120.0588235294118 14666.477405063217 366.6619351265804 24.5 24.5 87.0 1968.0 61.5
4833.003797505014 37.0 1.0 2042.0 120.11764705882354 14670.47795931162 366.76194898279044 24.5 24.5 87.0 1968.0 61.5
4834.004885589796 37.0 1.0 2042.0 120.11764705882354 14672.47827681622 366.81195692040546 24.5 24.5 87.0 1968.0 61.5
4835.003797505014 37.0 1.0 2043.0 120.17647058823532 14676.478687792145 366.91196719480354 24.5 24.5 87.0 1968.0 61.5
4836.004885589796 37.0 1.0 2043.0 120.17647058823532 14678.4787765376 366.96196941343993 24.5 24.5 87.0 1968.0 61.5
4837.003797505014 37.0 1.0 2044.0 120.23529411764706 14682.479281646783 367.0619820411695 24.8 24.8 87.0 1968.0 61.5
4838.004885589796 37.0 1.0 2044.0 120.23529411764706 14684.479343109348 367.11198357773367 25.175 25.175 87.0 1968.0 61.5
4839.003797505014 37.0 1.0 2045.0 120.29411764705884 14688.479717237225 367.21199293093065 25.875 25.875 87.0 1968.0 61.5
4840.004885589796 37.0 1.0 2045.0 120.29411764705884 14690.47993011465 367.26199825286625 25.875 25.875 87.0 1968.0 61.5
4841.003797505014 37.0 1.0 2046.0 120.35294117647058 14694.48028143506 367.36200703587645 25.9 25.9 87.0 1968.0 61.5
4842.004885589796 37.0 1.0 2046.0 120.35294117647058 14696.480625639162 367.412015640979 25.9 25.9 87.0 1968.0 61.5
4843.003797505014 37.0 1.0 2047.0 120.41176470588238 14700.481052399571 367.5120263099892 25.9 25.9 87.0 1968.0 61.5
4844.004885589796 37.0 1.0 2047.0 120.41176470588238 14701.48138008292 367.53703450207297 25.9 25.9 87.0 1968.0 61.5
4845.003797505014 37.0 1.0 2048.0 120.4705882352941 14705.481645100912 367.63704112752276 25.9 25.9 87.0 1968.0 61.5
4846.004885589796 37.0 1.0 2048.0 120.4705882352941 14706.481762475656 367.6620440618914 25.9 25.9 87.0 1968.0 61.5
4847.003797505014 37.0 1.0 2049.0 120.5294117647059 14710.482072719182 367.7620518179795 25.9 25.9 87.0 1968.0 61.5
4848.004885589796 37.0 1.0 2049.0 120.5294117647059 14711.482222149572 367.7870555537392 25.9 25.9 87.0 1968.0 61.5
4849.003797505014 37.0 1.0 2050.0 120.58823529411762 14715.482344817245 367.88705862043105 25.9 25.9 87.0 1968.0 61.5
4850.004885589796 37.0 1.0 2050.0 120.58823529411762 14716.48266288739 367.91206657218476 25.9 25.9 87.0 1968.0 61.5
4851.003797505014 37.0 1.0 2051.0 120.64705882352942 14719.526965415256 367.98817413538137 25.9 25.9 87.0 1968.0 61.5
4852.004885589796 37.0 1.0 2051.0 120.64705882352942 14720.52718690227 368.01317967255676 25.9 25.9 87.0 1968.0 61.5
4853.003797505014 37.0 1.0 2052.0 120.70588235294116 14723.523832053283 368.088095801332 25.9 25.9 87.0 1968.0 61.5
4854.004885589796 37.0 1.0 2052.0 120.70588235294116 14724.524091102057 368.1131022775514 25.9 25.9 87.0 1968.0 61.5
4855.003797505014 37.0 1.0 2053.0 120.76470588235294 14726.524414273912 368.16311035684777 25.9 25.9 87.0 1968.0 61.5
4856.004885589796 37.0 1.0 2053.0 120.76470588235294 14727.524485484972 368.1881121371242 25.9 25.9 87.0 1968.0 61.5
4857.003797505014 37.0 1.0 2054.0 120.82352941176468 14729.52480665584 368.2381201663959 25.9 25.9 87.0 1968.0 61.5
4858.004885589796 37.0 1.0 2054.0 120.82352941176468 14730.524995859907 368.26312489649763 25.9 25.9 87.0 1968.0 61.5
4859.003797505014 37.0 1.0 2055.0 120.88235294117646 14732.525332445663 368.3131333111415 25.9 25.9 87.0 1968.0 61.5
4860.004885589796 37.0 1.0 2055.0 120.88235294117646 14733.525487925303 368.3381371981325 25.9 25.9 87.0 1968.0 61.5
4861.003797505014 37.0 1.0 2056.0 120.9411764705882 14735.525715157359 368.3881428789339 25.9 25.9 87.0 1968.0 61.5
4862.004885589796 37.0 1.0 2056.0 120.9411764705882 14736.52587765299 368.41314694132467 25.9 25.9 87.0 1968.0 61.5
4863.003797505014 37.0 1.0 2057.0 121.0 14738.526338035803 368.463158450895 26.225 26.225 87.0 1968.0 61.5
4864.004885589796 37.0 1.0 2057.0 121.0 14739.526674621213 368.4881668655303 26.625 26.625 87.0 1968.0 61.5
4865.003797505014 37.0 1.0 2058.0 121.0588235294118 14741.52709742301 368.53817743557516 27.35 27.35 87.0 1968.0 61.5
4866.004885589796 37.0 1.0 2058.0 121.0588235294118 14742.388287031485 368.559707175787 27.35 27.35 87.0 1968.0 61.5
4867.003797505014 37.0 1.0 2059.0 121.11764705882354 14744.388431789845 368.6097107947461 27.35 27.35 87.0 1968.0 61.5
4868.004885589796 37.0 1.0 2059.0 121.11764705882354 14744.388566613376 368.6097141653343 27.35 27.35 87.0 1968.0 61.5
4869.003797505014 37.0 0.0 2059.0 121.11764705882354 14746.389085841147 368.6597271460287 27.3 27.3 87.0 1968.0 61.5
4870.004885589796 37.0 0.0 2059.0 121.11764705882354 14746.38912821103 368.65972820527566 27.275 27.275 87.0 1968.0 61.5
4871.003797505014 37.0 1.0 2060.0 121.17647058823532 14748.389510166064 368.7097377541516 27.25 27.25 87.0 1968.0 61.5
4872.004885589796 37.0 1.0 2060.0 121.17647058823532 14748.389623778552 368.70974059446377 27.25 27.25 87.0 1968.0 61.5
4873.003797505014 37.0 1.0 2061.0 121.23529411764706 14748.38968543095 368.7097421357737 27.25 27.25 87.0 1968.0 61.5
4874.004885589796 37.0 1.0 2061.0 121.23529411764706 14748.389873782151 368.7097468445537 27.25 27.25 87.0 1968.0 61.5
4875.003797505014 38.0 1.0 2062.0 121.29411764705884 14748.389914078798 368.70974785196984 27.25 27.25 87.0 1969.0 61.53125
4876.004885589796 38.0 1.0 2062.0 121.29411764705884 14748.390016727026 368.70975041817553 27.25 27.25 87.0 1969.0 61.53125
4877.003797505014 38.0 1.0 2063.0 121.35294117647058 14748.390083881117 368.7097520970279 27.25 27.25 87.0 1969.0 61.53125
4878.004885589796 38.0 1.0 2063.0 121.35294117647058 14748.390278922092 368.7097569730522 27.25 27.25 87.0 1969.0 61.53125
4879.003797505014 38.0 1.0 2064.0 121.41176470588238 14749.390278922092 368.7347569730522 27.25 27.25 87.0 1969.0 61.53125
4880.004885589796 38.0 1.0 2064.0 121.41176470588238 14749.390408553008 368.73476021382515 27.25 27.25 87.0 1969.0 61.53125
4881.003797505014 38.0 1.0 2065.0 121.4705882352941 14750.390408553008 368.75976021382513 27.25 27.25 87.0 1969.0 61.53125
4882.004885589796 38.0 1.0 2065.0 121.4705882352941 14750.390516041592 368.7597629010397 27.25 27.25 87.0 1969.0 61.53125
4883.003797505014 38.0 1.0 2066.0 121.5294117647059 14751.390516041592 368.7847629010397 27.25 27.25 87.0 1969.0 61.53125
4884.004885589796 38.0 1.0 2066.0 121.5294117647059 14751.390589314666 368.78476473286656 27.25 27.25 87.0 1969.0 61.53125
4885.003797505014 38.0 1.0 2067.0 121.58823529411762 14752.390589314666 368.8097647328666 27.25 27.25 87.0 1969.0 61.53125
4886.004885589796 38.0 1.0 2067.0 121.58823529411762 14752.390689250751 368.80976723126867 27.25 27.25 87.0 1969.0 61.53125
4887.003797505014 38.0 1.0 2068.0 121.64705882352942 14753.390689250751 368.83476723126864 27.25 27.25 87.0 1969.0 61.53125
4888.004885589796 38.0 1.0 2068.0 121.64705882352942 14753.390895869907 368.83477239674755 27.25 27.25 87.0 1969.0 61.53125
4889.003797505014 38.0 1.0 2069.0 121.70588235294116 14754.390895869907 368.8597723967476 27.25 27.25 87.0 1969.0 61.53125
4890.004885589796 38.0 1.0 2069.0 121.70588235294116 14754.391102906397 368.8597775726599 27.25 27.25 87.0 1969.0 61.53125
4891.003797505014 38.0 1.0 2070.0 121.76470588235294 14755.391102906397 368.88477757265986 27.25 27.25 87.0 1969.0 61.53125
4892.004885589796 38.0 1.0 2070.0 121.76470588235294 14755.391275631966 368.8847818907991 27.25 27.25 87.0 1969.0 61.53125
4893.003797505014 38.0 1.0 2071.0 121.82352941176468 14756.391275631966 368.9097818907991 27.25 27.25 87.0 1969.0 61.53125
4894.004885589796 38.0 1.0 2071.0 121.82352941176468 14756.3914172822 368.90978543205495 27.25 27.25 87.0 1969.0 61.53125
4895.003797505014 38.0 1.0 2072.0 121.88235294117646 14757.3914172822 368.9347854320549 27.2 27.2 87.0 1969.0 61.53125
4896.004885589796 38.0 1.0 2072.0 121.88235294117646 14757.391648542281 368.934791213557 27.2 27.2 87.0 1969.0 61.53125
4897.003797505014 38.0 1.0 2073.0 121.9411764705882 14758.391648542281 368.95979121355697 27.15 27.15 87.0 1969.0 61.53125
4898.004885589796 38.0 1.0 2073.0 121.9411764705882 14758.391803383227 368.9597950845806 27.15 27.15 87.0 1969.0 61.53125
4899.003797505014 38.0 1.0 2074.0 122.0 14759.391803383227 368.9847950845806 27.15 27.15 87.0 1969.0 61.53125
4900.004885589796 38.0 1.0 2074.0 122.0 14759.391887447422 368.98479718618546 27.15 27.15 87.0 1969.0 61.53125
4901.003797505014 38.0 1.0 2075.0 122.0588235294118 14760.391887447422 369.0097971861855 27.15 27.15 87.0 1969.0 61.53125
4902.004885589796 38.0 1.0 2075.0 122.0588235294118 14760.391998402876 369.0097999600718 27.15 27.15 87.0 1969.0 61.53125
4903.003797505014 38.0 1.0 2076.0 122.11764705882354 14761.391998402876 369.03479996007184 27.15 27.15 87.0 1969.0 61.53125
4904.004885589796 38.0 1.0 2076.0 122.11764705882354 14761.392056173143 369.0348014043285 27.15 27.15 87.0 1969.0 61.53125
4905.003797505014 38.0 1.0 2077.0 122.17647058823532 14762.392056173143 369.05980140432854 27.15 27.15 87.0 1969.0 61.53125
4906.004885589796 38.0 1.0 2077.0 122.17647058823532 14762.392293070174 369.0598073267543 27.15 27.15 87.0 1969.0 61.53125
4907.003797505014 38.0 1.0 2078.0 122.23529411764706 14763.392293070174 369.0848073267543 27.15 27.15 87.0 1969.0 61.53125
4908.004885589796 38.0 1.0 2078.0 122.23529411764706 14763.392495057873 369.08481237644673 27.15 27.15 87.0 1969.0 61.53125
4909.003797505014 38.0 1.0 2079.0 122.29411764705884 14764.392495057873 369.1098123764467 27.15 27.15 87.0 1969.0 61.53125
4910.004885589796 38.0 1.0 2079.0 122.29411764705884 14764.392527736578 369.10981319341437 27.15 27.15 87.0 1969.0 61.53125
4911.003797505014 39.0 1.0 2080.0 122.35294117647058 14765.392527736578 369.13481319341435 27.15 27.15 87.0 1969.0 61.53125
4912.004885589796 39.0 1.0 2080.0 122.35294117647058 14765.392760897892 369.13481902244723 27.125 27.125 87.0 1969.0 61.53125
4913.003797505014 39.0 1.0 2081.0 122.41176470588238 14766.392760897892 369.15981902244727 27.1 27.1 87.0 1970.0 61.5625
4914.004885589796 39.0 1.0 2081.0 122.41176470588238 14766.392868277504 369.1598217069375 27.1 27.1 87.0 1970.0 61.5625
4915.003797505014 39.0 1.0 2082.0 122.4705882352941 14767.392958098411 369.1848239524602 27.075 27.075 87.0 1970.0 61.5625
4916.004885589796 39.0 1.0 2082.0 122.4705882352941 14767.3930577902 369.18482644475495 27.075 27.075 87.0 1970.0 61.5625
4917.003797505014 39.0 1.0 2083.0 122.5294117647059 14769.3930577902 369.23482644475496 27.05 27.05 87.0 1970.0 61.5625
4918.004885589796 39.0 1.0 2083.0 122.5294117647059 14769.393216010532 369.23483040026326 27.05 27.05 87.0 1970.0 61.5625
4919.003797505014 39.0 1.0 2084.0 122.58823529411762 14770.393216010532 369.25983040026324 27.075 27.075 87.0 1970.0 61.5625
4920.004885589796 40.0 1.0 2084.0 122.58823529411762 14770.39356584536 369.2598391461339 27.05 27.05 87.0 1970.0 61.5625
4921.003797505014 40.0 1.0 2085.0 122.64705882352942 14772.39356584536 369.3098391461339 27.05 27.05 87.0 1970.0 61.5625
4922.004885589796 40.0 1.0 2085.0 122.64705882352942 14772.39356584536 369.3098391461339 27.05 27.05 87.0 1971.0 61.59375
4923.003797505014 40.0 1.0 2086.0 122.70588235294116 14773.39356584536 369.3348391461339 27.025 27.025 87.0 1971.0 61.59375
4924.004885589796 40.0 1.0 2086.0 122.70588235294116 14773.39356584536 369.3348391461339 27.0 27.0 87.0 1972.0 61.625
4925.003797505014 40.0 1.0 2087.0 122.76470588235294 14773.39356584536 369.3348391461339 27.0 27.0 87.0 1972.0 61.625
4926.004885589796 40.0 1.0 2087.0 122.76470588235294 14773.39356584536 369.3348391461339 27.0 27.0 87.0 1973.0 61.65625
4927.003797505014 40.0 1.0 2088.0 122.82352941176468 14773.39356584536 369.3348391461339 27.0 27.0 87.0 1973.0 61.65625
4928.004885589796 40.0 1.0 2088.0 122.82352941176468 14773.39356584536 369.3348391461339 27.0 27.0 87.0 1974.0 61.6875
4929.003797505014 40.0 1.0 2089.0 122.88235294117646 14773.39356584536 369.3348391461339 27.0 27.0 87.0 1974.0 61.6875
4930.004885589796 40.0 1.0 2089.0 122.88235294117646 14773.39356584536 369.3348391461339 27.0 27.0 87.0 1975.0 61.71875
4931.003797505014 40.0 1.0 2090.0 122.9411764705882 14773.39356584536 369.3348391461339 27.0 27.0 87.0 1975.0 61.71875
4932.004885589796 40.0 1.0 2090.0 122.9411764705882 14773.39356584536 369.3348391461339 27.0 27.0 87.0 1976.0 61.75
4933.003797505014 40.0 1.0 2091.0 123.0 14773.39356584536 369.3348391461339 27.0 27.0 87.0 1976.0 61.75
4934.004885589796 40.0 1.0 2091.0 123.0 14773.39356584536 369.3348391461339 27.0 27.0 87.0 1977.0 61.78125
4935.003797505014 40.0 1.0 2092.0 123.0588235294118 14773.39356584536 369.3348391461339 27.0 27.0 87.0 1977.0 61.78125
4936.004885589796 40.0 1.0 2092.0 123.0588235294118 14773.39356584536 369.3348391461339 27.0 27.0 87.0 1978.0 61.8125
4937.003797505014 40.0 1.0 2093.0 123.11764705882354 14773.39356584536 369.3348391461339 27.0 27.0 87.0 1978.0 61.8125
4938.004885589796 40.0 1.0 2093.0 123.11764705882354 14773.39356584536 369.3348391461339 27.0 27.0 87.0 1979.0 61.84375
4939.003797505014 40.0 1.0 2094.0 123.17647058823532 14773.39356584536 369.3348391461339 27.0 27.0 87.0 1979.0 61.84375
4940.004885589796 40.0 1.0 2094.0 123.17647058823532 14773.39356584536 369.3348391461339 26.975 26.975 87.0 1980.0 61.875
4941.003797505014 40.0 1.0 2095.0 123.23529411764706 14773.39356584536 369.3348391461339 26.95 26.95 87.0 1980.0 61.875
4942.004885589796 40.0 1.0 2095.0 123.23529411764706 14773.39356584536 369.3348391461339 26.95 26.95 87.0 1981.0 61.90625
4943.003797505014 40.0 1.0 2096.0 123.29411764705884 14773.39356584536 369.3348391461339 26.95 26.95 87.0 1981.0 61.90625
4944.004885589796 40.0 1.0 2096.0 123.29411764705884 14773.39356584536 369.3348391461339 26.95 26.95 87.0 1982.0 61.9375
4945.003797505014 40.0 1.0 2097.0 123.35294117647058 14773.39356584536 369.3348391461339 26.95 26.95 87.0 1982.0 61.9375
4946.004885589796 40.0 1.0 2097.0 123.35294117647058 14773.39356584536 369.3348391461339 26.95 26.95 87.0 1983.0 61.96875
4947.003797505014 40.0 1.0 2098.0 123.41176470588238 14773.39356584536 369.3348391461339 26.95 26.95 87.0 1983.0 61.96875
4948.004885589796 40.0 1.0 2098.0 123.41176470588238 14773.39356584536 369.3348391461339 26.925 26.925 87.0 1984.0 62.0
4949.003797505014 40.0 1.0 2099.0 123.4705882352941 14773.39356584536 369.3348391461339 26.9 26.9 87.0 1984.0 62.0
4950.004885589796 40.0 1.0 2099.0 123.4705882352941 14773.39356584536 369.3348391461339 26.9 26.9 87.0 1985.0 62.03125
4951.003797505014 40.0 1.0 2100.0 123.5294117647059 14773.39356584536 369.3348391461339 26.9 26.9 87.0 1985.0 62.03125
4952.004885589796 40.0 1.0 2100.0 123.5294117647059 14773.39356584536 369.3348391461339 26.9 26.9 87.0 1986.0 62.0625
4953.003797505014 40.0 1.0 2101.0 123.58823529411764 14773.39356584536 369.3348391461339 26.9 26.9 87.0 1986.0 62.0625
4954.004885589796 40.0 1.0 2101.0 123.58823529411764 14773.39356584536 369.3348391461339 26.9 26.9 87.0 1987.0 62.09375
4955.003797505014 40.0 1.0 2102.0 123.6470588235294 14773.39356584536 369.3348391461339 26.9 26.9 87.0 1987.0 62.09375
4956.004885589796 40.0 1.0 2102.0 123.6470588235294 14773.39356584536 369.3348391461339 26.9 26.9 87.0 1988.0 62.125
4957.003797505014 40.0 1.0 2103.0 123.70588235294116 14773.39356584536 369.3348391461339 26.875 26.875 87.0 1988.0 62.125
4958.004885589796 40.0 1.0 2103.0 123.70588235294116 14773.39356584536 369.3348391461339 26.875 26.875 87.0 1989.0 62.15625
4959.003797505014 40.0 1.0 2104.0 123.76470588235294 14773.39356584536 369.3348391461339 26.825 26.825 87.0 1989.0 62.15625
4960.004885589796 40.0 1.0 2104.0 123.76470588235294 14773.39356584536 369.3348391461339 26.825 26.825 87.0 1990.0 62.1875
4961.003797505014 40.0 1.0 2105.0 123.8235294117647 14773.39356584536 369.3348391461339 26.8 26.8 87.0 1990.0 62.1875
4962.004885589796 40.0 1.0 2105.0 123.8235294117647 14773.39356584536 369.3348391461339 26.8 26.8 87.0 1991.0 62.21875
4963.003797505014 40.0 1.0 2106.0 123.88235294117646 14773.39356584536 369.3348391461339 26.8 26.8 87.0 1991.0 62.21875
4964.004885589796 40.0 1.0 2106.0 123.88235294117646 14773.39356584536 369.3348391461339 26.8 26.8 87.0 1992.0 62.25
4965.003797505014 40.0 1.0 2107.0 123.9411764705882 14773.39356584536 369.3348391461339 26.8 26.8 87.0 1992.0 62.25
4966.004885589796 40.0 1.0 2107.0 123.9411764705882 14773.39356584536 369.3348391461339 26.8 26.8 87.0 1993.0 62.28125
4967.003797505014 40.0 1.0 2108.0 124.0 14773.39356584536 369.3348391461339 26.775 26.775 87.0 1993.0 62.28125
4968.004885589796 40.0 1.0 2108.0 124.0 14773.39356584536 369.3348391461339 26.75 26.75 87.0 1994.0 62.3125
4969.003797505014 40.0 1.0 2109.0 124.0588235294118 14773.39356584536 369.3348391461339 26.75 26.75 87.0 1994.0 62.3125
4970.004885589796 40.0 1.0 2109.0 124.0588235294118 14773.39356584536 369.3348391461339 26.75 26.75 87.0 1995.0 62.34375
4971.003797505014 40.0 1.0 2110.0 124.11764705882354 14773.39356584536 369.3348391461339 26.75 26.75 87.0 1995.0 62.34375
4972.004885589796 40.0 1.0 2110.0 124.11764705882354 14773.39356584536 369.3348391461339 26.75 26.75 87.0 1996.0 62.375
4973.003797505014 40.0 1.0 2111.0 124.1764705882353 14773.39356584536 369.3348391461339 26.75 26.75 87.0 1996.0 62.375
4974.004885589796 40.0 1.0 2111.0 124.1764705882353 14773.39356584536 369.3348391461339 26.75 26.75 87.0 1997.0 62.40625
4975.003797505014 40.0 1.0 2112.0 124.23529411764706 14773.39356584536 369.3348391461339 26.75 26.75 87.0 1997.0 62.40625
4976.004885589796 40.0 1.0 2112.0 124.23529411764706 14773.39356584536 369.3348391461339 26.75 26.75 87.0 1998.0 62.4375
4977.003797505014 40.0 1.0 2113.0 124.29411764705884 14773.39356584536 369.3348391461339 26.75 26.75 87.0 1998.0 62.4375
4978.004885589796 40.0 1.0 2113.0 124.29411764705884 14773.39356584536 369.3348391461339 26.75 26.75 87.0 1999.0 62.46875
4979.003797505014 40.0 1.0 2114.0 124.3529411764706 14773.39356584536 369.3348391461339 26.75 26.75 87.0 1999.0 62.46875
4980.004885589796 40.0 1.0 2114.0 124.3529411764706 14773.39356584536 369.3348391461339 26.75 26.75 87.0 2000.0 62.5
4981.003797505014 40.0 1.0 2115.0 124.41176470588236 14773.39356584536 369.3348391461339 26.75 26.75 87.0 2000.0 62.5
4982.004885589796 40.0 1.0 2115.0 124.41176470588236 14773.39356584536 369.3348391461339 26.75 26.75 87.0 2001.0 62.53125
4983.003797505014 40.0 1.0 2116.0 124.4705882352941 14773.39356584536 369.3348391461339 26.725 26.725 87.0 2001.0 62.53125
4984.004885589796 40.0 1.0 2116.0 124.4705882352941 14773.39356584536 369.3348391461339 26.725 26.725 87.0 2002.0 62.5625
4985.003797505014 40.0 1.0 2117.0 124.5294117647059 14773.39356584536 369.3348391461339 26.7 26.7 87.0 2002.0 62.5625
4986.004885589796 40.0 1.0 2117.0 124.5294117647059 14773.39356584536 369.3348391461339 26.7 26.7 87.0 2003.0 62.59375
4987.003797505014 40.0 1.0 2118.0 124.58823529411764 14773.39356584536 369.3348391461339 26.7 26.7 87.0 2003.0 62.59375
4988.004885589796 40.0 1.0 2118.0 124.58823529411764 14773.39356584536 369.3348391461339 26.7 26.7 87.0 2004.0 62.625
4989.003797505014 40.0 0.0 2118.0 124.58823529411764 14773.39356584536 369.3348391461339 26.7 26.7 87.0 2004.0 62.625
4990.004885589796 40.0 0.0 2118.0 124.58823529411764 14773.39356584536 369.3348391461339 26.7 26.7 87.0 2005.0 62.65625
4991.003797505014 40.0 0.0 2118.0 124.58823529411764 14774.39356584536 369.35983914613394 26.7 26.7 94.0 2005.0 62.65625
4992.004885589796 40.0 0.0 2118.0 124.58823529411764 14774.39356584536 369.35983914613394 26.7 26.7 94.0 2006.0 62.6875
4993.003797505014 40.0 0.0 2118.0 124.58823529411764 14775.39356584536 369.3848391461339 26.7 26.7 94.0 2006.0 62.6875
4994.004885589796 40.0 0.0 2118.0 124.58823529411764 14775.39356584536 369.3848391461339 26.7 26.7 94.0 2007.0 62.71875
4995.003797505014 40.0 0.0 2118.0 124.58823529411764 14776.39356584536 369.40983914613395 26.7 26.7 94.0 2007.0 62.71875
4996.004885589796 40.0 0.0 2118.0 124.58823529411764 14776.39356584536 369.40983914613395 26.7 26.7 94.0 2008.0 62.75
4997.003797505014 40.0 0.0 2118.0 124.58823529411764 14777.39356584536 369.4348391461339 26.7 26.7 94.0 2008.0 62.75
4998.004885589796 40.0 0.0 2118.0 124.58823529411764 14777.39356584536 369.4348391461339 26.7 26.7 94.0 2009.0 62.78125
4999.003797505014 40.0 0.0 2118.0 124.58823529411764 14778.39356584536 369.4598391461339 26.7 26.7 94.0 2009.0 62.78125
5000.004885589796 40.0 0.0 2118.0 124.58823529411764 14778.39356584536 369.4598391461339 26.7 26.7 94.0 2010.0 62.8125
5001.003797505014 40.0 0.0 2118.0 124.58823529411764 14779.39356584536 369.48483914613394 26.7 26.7 94.0 2010.0 62.8125
5002.004885589796 40.0 0.0 2118.0 124.58823529411764 14779.39356584536 369.48483914613394 26.7 26.7 94.0 2011.0 62.84375
5003.003797505014 40.0 0.0 2118.0 124.58823529411764 14780.39356584536 369.5098391461339 26.7 26.7 94.0 2011.0 62.84375
5004.004885589796 40.0 0.0 2118.0 124.58823529411764 14780.39356584536 369.5098391461339 26.7 26.7 94.0 2012.0 62.875
5005.003797505014 40.0 0.0 2118.0 124.58823529411764 14781.39356584536 369.53483914613395 26.7 26.7 94.0 2012.0 62.875
5006.004885589796 40.0 0.0 2118.0 124.58823529411764 14781.39356584536 369.53483914613395 26.7 26.7 94.0 2013.0 62.90625
5007.003797505014 40.0 0.0 2118.0 124.58823529411764 14782.39356584536 369.5598391461339 26.7 26.7 94.0 2013.0 62.90625
5008.004885589796 40.0 0.0 2118.0 124.58823529411764 14782.39356584536 369.5598391461339 26.7 26.7 94.0 2014.0 62.9375
5009.003797505014 40.0 0.0 2118.0 124.58823529411764 14783.39356584536 369.5848391461339 26.7 26.7 94.0 2014.0 62.9375
5010.004885589796 40.0 0.0 2118.0 124.58823529411764 14783.39356584536 369.5848391461339 26.7 26.7 94.0 2015.0 62.96875
5011.003797505014 40.0 0.0 2118.0 124.58823529411764 14784.39356584536 369.60983914613394 26.7 26.7 94.0 2015.0 62.96875
5012.004885589796 40.0 0.0 2118.0 124.58823529411764 14784.39356584536 369.60983914613394 26.7 26.7 94.0 2016.0 63.0
5013.003797505014 40.0 0.0 2118.0 124.58823529411764 14785.39356584536 369.6348391461339 26.7 26.7 94.0 2016.0 63.0
5014.004885589796 40.0 0.0 2118.0 124.58823529411764 14785.39356584536 369.6348391461339 26.7 26.7 94.0 2017.0 63.03125
5015.003797505014 40.0 0.0 2118.0 124.58823529411764 14786.39356584536 369.65983914613395 26.7 26.7 94.0 2017.0 63.03125
5016.004885589796 40.0 0.0 2118.0 124.58823529411764 14786.39356584536 369.65983914613395 26.7 26.7 94.0 2018.0 63.0625
5017.003797505014 40.0 0.0 2118.0 124.58823529411764 14787.39356584536 369.6848391461339 26.7 26.7 94.0 2018.0 63.0625
5018.004885589796 40.0 0.0 2118.0 124.58823529411764 14787.39356584536 369.6848391461339 26.7 26.7 94.0 2019.0 63.09375
5019.003797505014 40.0 0.0 2118.0 124.58823529411764 14788.39356584536 369.7098391461339 26.7 26.7 94.0 2019.0 63.09375
5020.004885589796 40.0 0.0 2118.0 124.58823529411764 14788.39356584536 369.7098391461339 26.7 26.7 94.0 2020.0 63.125
5021.003797505014 40.0 0.0 2118.0 124.58823529411764 14789.39356584536 369.73483914613394 26.7 26.7 94.0 2020.0 63.125
5022.004885589796 40.0 0.0 2118.0 124.58823529411764 14789.39356584536 369.73483914613394 26.7 26.7 94.0 2021.0 63.15625
5023.003797505014 40.0 0.0 2118.0 124.58823529411764 14790.39356584536 369.7598391461339 26.7 26.7 94.0 2021.0 63.15625
5024.004885589796 40.0 0.0 2118.0 124.58823529411764 14790.39356584536 369.7598391461339 26.7 26.7 94.0 2022.0 63.1875
5025.003797505014 40.0 0.0 2118.0 124.58823529411764 14791.39356584536 369.78483914613395 26.7 26.7 94.0 2022.0 63.1875
5026.004885589796 40.0 0.0 2118.0 124.58823529411764 14791.39356584536 369.78483914613395 26.7 26.7 94.0 2023.0 63.21875
5027.003797505014 40.0 0.0 2118.0 124.58823529411764 14792.39356584536 369.8098391461339 26.7 26.7 94.0 2023.0 63.21875
5028.004885589796 40.0 0.0 2118.0 124.58823529411764 14792.39356584536 369.8098391461339 26.7 26.7 94.0 2024.0 63.25
5029.003797505014 40.0 0.0 2118.0 124.58823529411764 14793.39356584536 369.8348391461339 26.7 26.7 94.0 2024.0 63.25
5030.004885589796 40.0 0.0 2118.0 124.58823529411764 14793.39356584536 369.8348391461339 26.7 26.7 94.0 2025.0 63.28125
5031.003797505014 40.0 0.0 2118.0 124.58823529411764 14794.39356584536 369.85983914613394 26.7 26.7 94.0 2025.0 63.28125
5032.004885589796 40.0 0.0 2118.0 124.58823529411764 14794.39356584536 369.85983914613394 26.7 26.7 94.0 2026.0 63.3125
5033.003797505014 40.0 0.0 2118.0 124.58823529411764 14795.362369512708 369.88405923781767 26.7 26.7 94.0 2027.0 63.34375
5034.004885589796 40.0 0.0 2118.0 124.58823529411764 14795.362369512708 369.88405923781767 26.7 26.7 94.0 2028.0 63.375
5035.003797505014 40.0 0.0 2118.0 124.58823529411764 14795.362425357805 369.88406063394507 26.7 26.7 94.0 2028.0 63.375
5036.004885589796 40.0 0.0 2118.0 124.58823529411764 14795.362425357805 369.88406063394507 26.7 26.7 94.0 2029.0 63.40625
5037.003797505014 40.0 0.0 2118.0 124.58823529411764 14796.362425357805 369.90906063394505 26.7 26.7 94.0 2029.0 63.40625
5038.004885589796 40.0 0.0 2118.0 124.58823529411764 14796.362425357805 369.90906063394505 26.7 26.7 94.0 2030.0 63.4375
5039.003797505014 40.0 0.0 2118.0 124.58823529411764 14797.362425357805 369.9340606339451 26.7 26.7 94.0 2030.0 63.4375
5040.004885589796 40.0 0.0 2118.0 124.58823529411764 14797.362425357805 369.9340606339451 26.7 26.7 94.0 2031.0 63.46875
5041.003797505014 40.0 0.0 2118.0 124.58823529411764 14798.362425357805 369.95906063394506 26.7 26.7 94.0 2031.0 63.46875
5042.004885589796 40.0 0.0 2118.0 124.58823529411764 14798.362425357805 369.95906063394506 26.7 26.7 94.0 2032.0 63.5
5043.003797505014 40.0 0.0 2118.0 124.58823529411764 14799.362425357805 369.9840606339451 26.7 26.7 94.0 2032.0 63.5
5044.004885589796 40.0 0.0 2118.0 124.58823529411764 14799.362425357805 369.9840606339451 26.7 26.7 94.0 2033.0 63.53125
5045.003797505014 40.0 0.0 2118.0 124.58823529411764 14800.362425357805 370.00906063394507 26.7 26.7 94.0 2033.0 63.53125
5046.004885589796 40.0 0.0 2118.0 124.58823529411764 14800.362425357805 370.00906063394507 26.7 26.7 94.0 2034.0 63.5625
5047.003797505014 40.0 0.0 2118.0 124.58823529411764 14801.362425357805 370.03406063394505 26.7 26.7 94.0 2034.0 63.5625
5048.004885589796 40.0 0.0 2118.0 124.58823529411764 14801.362425357805 370.03406063394505 26.7 26.7 94.0 2035.0 63.59375
5049.003797505014 40.0 0.0 2118.0 124.58823529411764 14802.362425357805 370.0590606339451 26.7 26.7 94.0 2035.0 63.59375
5050.004885589796 40.0 0.0 2118.0 124.58823529411764 14802.362425357805 370.0590606339451 26.7 26.7 94.0 2036.0 63.625
5051.003797505014 40.0 0.0 2118.0 124.58823529411764 14803.362425357805 370.08406063394506 26.7 26.7 94.0 2036.0 63.625
5052.004885589796 40.0 0.0 2118.0 124.58823529411764 14803.362425357805 370.08406063394506 26.7 26.7 94.0 2037.0 63.65625
5053.003797505014 40.0 0.0 2118.0 124.58823529411764 14804.362425357805 370.1090606339451 26.7 26.7 94.0 2037.0 63.65625
5054.004885589796 40.0 0.0 2118.0 124.58823529411764 14804.362425357805 370.1090606339451 26.7 26.7 94.0 2038.0 63.6875
5055.003797505014 40.0 0.0 2118.0 124.58823529411764 14805.362425357805 370.13406063394507 26.7 26.7 94.0 2038.0 63.6875
5056.004885589796 40.0 0.0 2118.0 124.58823529411764 14805.362425357805 370.13406063394507 26.7 26.7 94.0 2039.0 63.71875
5057.003797505014 40.0 0.0 2118.0 124.58823529411764 14806.362425357805 370.15906063394505 26.7 26.7 94.0 2039.0 63.71875
5058.004885589796 40.0 0.0 2118.0 124.58823529411764 14806.362425357805 370.15906063394505 26.7 26.7 94.0 2040.0 63.75
5059.003797505014 40.0 0.0 2118.0 124.58823529411764 14807.362425357805 370.1840606339451 26.7 26.7 94.0 2040.0 63.75
5060.004885589796 40.0 0.0 2118.0 124.58823529411764 14807.362425357805 370.1840606339451 26.7 26.7 94.0 2041.0 63.78125
5061.003797505014 40.0 0.0 2118.0 124.58823529411764 14808.362425357805 370.20906063394506 26.7 26.7 94.0 2041.0 63.78125
5062.004885589796 40.0 0.0 2118.0 124.58823529411764 14808.362425357805 370.20906063394506 26.7 26.7 94.0 2042.0 63.8125
5063.003797505014 40.0 0.0 2118.0 124.58823529411764 14809.362425357805 370.2340606339451 26.7 26.7 94.0 2042.0 63.8125
5064.004885589796 40.0 0.0 2118.0 124.58823529411764 14809.362425357805 370.2340606339451 26.7 26.7 94.0 2043.0 63.84375
5065.003797505014 40.0 0.0 2118.0 124.58823529411764 14810.362425357805 370.25906063394507 26.7 26.7 94.0 2043.0 63.84375
5066.004885589796 40.0 0.0 2118.0 124.58823529411764 14810.362425357805 370.25906063394507 26.7 26.7 94.0 2044.0 63.875
5067.003797505014 40.0 0.0 2118.0 124.58823529411764 14811.362425357805 370.28406063394505 26.7 26.7 94.0 2044.0 63.875
5068.004885589796 40.0 0.0 2118.0 124.58823529411764 14811.362425357805 370.28406063394505 26.7 26.7 94.0 2045.0 63.90625
5069.003797505014 40.0 0.0 2118.0 124.58823529411764 14812.337724687291 370.3084431171822 26.7 26.7 94.0 2046.0 63.9375
5070.004885589796 40.0 0.0 2118.0 124.58823529411764 14812.337724687291 370.3084431171822 26.7 26.7 94.0 2047.0 63.96875
5071.003797505014 40.0 0.0 2118.0 124.58823529411764 14812.337811550085 370.30844528875207 26.7 26.7 94.0 2047.0 63.96875
5072.004885589796 40.0 0.0 2118.0 124.58823529411764 14812.337811550085 370.30844528875207 26.7 26.7 94.0 2048.0 64.0
5073.003797505014 40.0 0.0 2118.0 124.58823529411764 14813.337811550085 370.3334452887521 26.7 26.7 94.0 2048.0 64.0
5074.004885589796 40.0 0.0 2118.0 124.58823529411764 14813.337811550085 370.3334452887521 26.7 26.7 94.0 2049.0 64.03125
5075.003797505014 40.0 0.0 2118.0 124.58823529411764 14814.337811550085 370.3584452887521 26.7 26.7 94.0 2049.0 64.03125
5076.004885589796 40.0 0.0 2118.0 124.58823529411764 14814.337811550085 370.3584452887521 26.7 26.7 94.0 2050.0 64.0625
5077.003797505014 40.0 0.0 2118.0 124.58823529411764 14815.337811550085 370.3834452887521 26.7 26.7 94.0 2050.0 64.0625
5078.004885589796 40.0 0.0 2118.0 124.58823529411764 14815.337811550085 370.3834452887521 26.7 26.7 94.0 2051.0 64.09375
5079.003797505014 40.0 0.0 2118.0 124.58823529411764 14816.337811550085 370.4084452887521 26.7 26.7 94.0 2051.0 64.09375
5080.004885589796 40.0 0.0 2118.0 124.58823529411764 14816.337811550085 370.4084452887521 26.7 26.7 94.0 2052.0 64.125
5081.003797505014 40.0 0.0 2118.0 124.58823529411764 14817.337811550085 370.43344528875207 26.7 26.7 94.0 2052.0 64.125
5082.004885589796 40.0 0.0 2118.0 124.58823529411764 14817.337811550085 370.43344528875207 26.7 26.7 94.0 2053.0 64.15625
5083.003797505014 40.0 0.0 2118.0 124.58823529411764 14818.337811550085 370.4584452887521 26.7 26.7 94.0 2053.0 64.15625
5084.004885589796 40.0 0.0 2118.0 124.58823529411764 14818.337811550085 370.4584452887521 26.7 26.7 94.0 2054.0 64.1875
5085.003797505014 40.0 0.0 2118.0 124.58823529411764 14819.337811550085 370.4834452887521 26.7 26.7 94.0 2054.0 64.1875
5086.004885589796 40.0 0.0 2118.0 124.58823529411764 14819.337811550085 370.4834452887521 26.7 26.7 94.0 2055.0 64.21875
5087.003797505014 40.0 0.0 2118.0 124.58823529411764 14819.414403607434 370.4853600901858 26.7 26.7 94.0 2056.0 64.25
5088.004885589796 40.0 0.0 2118.0 124.58823529411764 14819.414403607434 370.4853600901858 26.7 26.7 94.0 2057.0 64.28125
5089.003797505014 40.0 0.0 2118.0 124.58823529411764 14819.414674309872 370.4853668577467 26.7 26.7 94.0 2057.0 64.28125
5090.004885589796 40.0 0.0 2118.0 124.58823529411764 14819.414674309872 370.4853668577467 26.7 26.7 94.0 2058.0 64.3125
5091.003797505014 40.0 0.0 2118.0 124.58823529411764 14820.414674309872 370.51036685774676 26.7 26.7 94.0 2058.0 64.3125
5092.004885589796 40.0 0.0 2118.0 124.58823529411764 14820.414674309872 370.51036685774676 26.7 26.7 94.0 2059.0 64.34375
5093.003797505014 40.0 0.0 2118.0 124.58823529411764 14821.414674309872 370.53536685774674 26.7 26.7 94.0 2059.0 64.34375
5094.004885589796 40.0 0.0 2118.0 124.58823529411764 14821.414674309872 370.53536685774674 26.7 26.7 94.0 2060.0 64.375
5095.003797505014 40.0 0.0 2118.0 124.58823529411764 14822.414674309872 370.5603668577467 26.7 26.7 94.0 2060.0 64.375
5096.004885589796 40.0 0.0 2118.0 124.58823529411764 14822.414674309872 370.5603668577467 26.7 26.7 94.0 2061.0 64.40625
5097.003797505014 40.0 0.0 2118.0 124.58823529411764 14823.414674309872 370.58536685774675 26.7 26.7 94.0 2061.0 64.40625
5098.004885589796 40.0 0.0 2118.0 124.58823529411764 14823.414674309872 370.58536685774675 26.7 26.7 94.0 2062.0 64.4375
5099.003797505014 40.0 0.0 2118.0 124.58823529411764 14824.414674309872 370.6103668577467 26.7 26.7 94.0 2062.0 64.4375
5100.004885589796 40.0 0.0 2118.0 124.58823529411764 14824.414674309872 370.6103668577467 26.7 26.7 94.0 2063.0 64.46875
5101.003797505014 40.0 0.0 2118.0 124.58823529411764 14825.414674309872 370.63536685774676 26.7 26.7 94.0 2063.0 64.46875
5102.004885589796 40.0 0.0 2118.0 124.58823529411764 14825.414674309872 370.63536685774676 26.7 26.7 94.0 2064.0 64.5
5103.003797505014 40.0 0.0 2118.0 124.58823529411764 14826.414674309872 370.66036685774674 26.7 26.7 94.0 2064.0 64.5
5104.004885589796 40.0 0.0 2118.0 124.58823529411764 14826.414674309872 370.66036685774674 26.7 26.7 94.0 2065.0 64.53125
5105.003797505014 40.0 0.0 2118.0 124.58823529411764 14827.414674309872 370.6853668577467 26.7 26.7 94.0 2065.0 64.53125
5106.004885589796 40.0 0.0 2118.0 124.58823529411764 14827.414674309872 370.6853668577467 26.7 26.7 94.0 2066.0 64.5625
5107.003797505014 40.0 0.0 2118.0 124.58823529411764 14828.414674309872 370.71036685774675 26.7 26.7 94.0 2066.0 64.5625
5108.004885589796 40.0 0.0 2118.0 124.58823529411764 14828.414674309872 370.71036685774675 26.7 26.7 94.0 2067.0 64.59375
5109.003797505014 40.0 0.0 2118.0 124.58823529411764 14829.414674309872 370.7353668577467 26.7 26.7 94.0 2067.0 64.59375
5110.004885589796 40.0 0.0 2118.0 124.58823529411764 14829.414674309872 370.7353668577467 26.7 26.7 94.0 2068.0 64.625
5111.003797505014 40.0 0.0 2118.0 124.58823529411764 14830.414674309872 370.76036685774676 26.7 26.7 94.0 2068.0 64.625
5112.004885589796 40.0 0.0 2118.0 124.58823529411764 14830.414674309872 370.76036685774676 26.7 26.7 94.0 2069.0 64.65625
5113.003797505014 40.0 0.0 2118.0 124.58823529411764 14831.414674309872 370.78536685774674 26.7 26.7 94.0 2069.0 64.65625
5114.004885589796 40.0 0.0 2118.0 124.58823529411764 14831.414674309872 370.78536685774674 26.7 26.7 94.0 2070.0 64.6875
5115.003797505014 40.0 0.0 2118.0 124.58823529411764 14832.414674309872 370.8103668577467 26.7 26.7 94.0 2070.0 64.6875
5116.004885589796 40.0 0.0 2118.0 124.58823529411764 14832.414674309872 370.8103668577467 26.7 26.7 94.0 2071.0 64.71875
5117.003797505014 40.0 0.0 2118.0 124.58823529411764 14833.414674309872 370.83536685774675 26.7 26.7 94.0 2071.0 64.71875
5118.004885589796 40.0 0.0 2118.0 124.58823529411764 14833.414674309872 370.83536685774675 26.7 26.7 94.0 2072.0 64.75
5119.003797505014 40.0 0.0 2118.0 124.58823529411764 14834.414674309872 370.8603668577467 26.7 26.7 94.0 2072.0 64.75
5120.004885589796 40.0 0.0 2118.0 124.58823529411764 14834.414674309872 370.8603668577467 26.7 26.7 94.0 2073.0 64.78125
5121.003797505014 40.0 0.0 2118.0 124.58823529411764 14835.414674309872 370.88536685774676 26.7 26.7 94.0 2073.0 64.78125
5122.004885589796 40.0 0.0 2118.0 124.58823529411764 14835.414674309872 370.88536685774676 26.7 26.7 94.0 2074.0 64.8125
5123.003797505014 40.0 0.0 2118.0 124.58823529411764 14836.414674309872 370.91036685774674 26.7 26.7 94.0 2074.0 64.8125
5124.004885589796 40.0 0.0 2118.0 124.58823529411764 14836.414674309872 370.91036685774674 26.7 26.7 94.0 2075.0 64.84375
5125.003797505014 40.0 0.0 2118.0 124.58823529411764 14837.414674309872 370.9353668577467 26.7 26.7 94.0 2075.0 64.84375
5126.004885589796 40.0 0.0 2118.0 124.58823529411764 14837.414674309872 370.9353668577467 26.7 26.7 94.0 2076.0 64.875
5127.003797505014 40.0 0.0 2118.0 124.58823529411764 14838.414674309872 370.96036685774675 26.7 26.7 94.0 2076.0 64.875
5128.004885589796 40.0 0.0 2118.0 124.58823529411764 14838.414674309872 370.96036685774675 26.7 26.7 94.0 2077.0 64.90625
5129.003797505014 40.0 0.0 2118.0 124.58823529411764 14839.414674309872 370.9853668577467 26.7 26.7 94.0 2077.0 64.90625
5130.004885589796 40.0 0.0 2118.0 124.58823529411764 14839.414674309872 370.9853668577467 26.7 26.7 94.0 2078.0 64.9375
5131.003797505014 40.0 0.0 2118.0 124.58823529411764 14840.414674309872 371.01036685774676 26.7 26.7 94.0 2078.0 64.9375
5132.004885589796 40.0 0.0 2118.0 124.58823529411764 14840.414674309872 371.01036685774676 26.7 26.7 94.0 2079.0 64.96875
5133.003797505014 40.0 0.0 2118.0 124.58823529411764 14841.414674309872 371.03536685774674 26.7 26.7 94.0 2079.0 64.96875
5134.004885589796 40.0 0.0 2118.0 124.58823529411764 14841.414674309872 371.03536685774674 26.7 26.7 94.0 2080.0 65.0
5135.003797505014 40.0 0.0 2118.0 124.58823529411764 14842.414674309872 371.0603668577467 26.7 26.7 94.0 2080.0 65.0
5136.004885589796 40.0 0.0 2118.0 124.58823529411764 14842.414674309872 371.0603668577467 26.7 26.7 94.0 2081.0 65.03125
5137.003797505014 40.0 0.0 2118.0 124.58823529411764 14843.414674309872 371.08536685774675 26.7 26.7 94.0 2081.0 65.03125
5138.004885589796 40.0 0.0 2118.0 124.58823529411764 14843.414674309872 371.08536685774675 26.7 26.7 94.0 2082.0 65.0625
5139.003797505014 40.0 0.0 2118.0 124.58823529411764 14844.414674309872 371.1103668577467 26.7 26.7 94.0 2082.0 65.0625
5140.004885589796 40.0 0.0 2118.0 124.58823529411764 14844.414674309872 371.1103668577467 26.7 26.7 94.0 2083.0 65.09375
5141.003797505014 40.0 0.0 2118.0 124.58823529411764 14845.414674309872 371.13536685774676 26.7 26.7 94.0 2083.0 65.09375
5142.004885589796 40.0 0.0 2118.0 124.58823529411764 14845.414674309872 371.13536685774676 26.7 26.7 94.0 2084.0 65.125
5143.003797505014 40.0 0.0 2118.0 124.58823529411764 14846.256463863914 371.1564115965978 26.7 26.7 94.0 2085.0 65.15625
5144.004885589796 40.0 0.0 2118.0 124.58823529411764 14846.256463863914 371.1564115965978 26.7 26.7 94.0 2086.0 65.1875
5145.003797505014 40.0 0.0 2118.0 124.58823529411764 14846.256838019619 371.1564209504904 26.7 26.7 94.0 2086.0 65.1875
5146.004885589796 40.0 0.0 2118.0 124.58823529411764 14846.256838019619 371.1564209504904 26.7 26.7 94.0 2087.0 65.21875
5147.003797505014 40.0 0.0 2118.0 124.58823529411764 14847.256838019619 371.1814209504904 26.7 26.7 94.0 2087.0 65.21875
5148.004885589796 40.0 0.0 2118.0 124.58823529411764 14847.256838019619 371.1814209504904 26.7 26.7 94.0 2088.0 65.25
5149.003797505014 40.0 0.0 2118.0 124.58823529411764 14848.256838019619 371.20642095049044 26.7 26.7 94.0 2088.0 65.25
5150.004885589796 40.0 0.0 2118.0 124.58823529411764 14848.256838019619 371.20642095049044 26.7 26.7 94.0 2089.0 65.28125
5151.003797505014 40.0 0.0 2118.0 124.58823529411764 14849.256838019619 371.2314209504904 26.7 26.7 94.0 2089.0 65.28125
5152.004885589796 40.0 0.0 2118.0 124.58823529411764 14849.256838019619 371.2314209504904 26.7 26.7 94.0 2090.0 65.3125
5153.003797505014 40.0 0.0 2118.0 124.58823529411764 14850.256838019619 371.2564209504904 26.7 26.7 94.0 2090.0 65.3125
5154.004885589796 40.0 0.0 2118.0 124.58823529411764 14850.256838019619 371.2564209504904 26.7 26.7 94.0 2091.0 65.34375
5155.003797505014 40.0 0.0 2118.0 124.58823529411764 14851.256838019619 371.2814209504904 26.7 26.7 94.0 2091.0 65.34375
5156.004885589796 40.0 0.0 2118.0 124.58823529411764 14851.256838019619 371.2814209504904 26.7 26.7 94.0 2092.0 65.375
5157.003797505014 40.0 0.0 2118.0 124.58823529411764 14852.256838019619 371.3064209504904 26.7 26.7 94.0 2092.0 65.375
5158.004885589796 40.0 0.0 2118.0 124.58823529411764 14852.256838019619 371.3064209504904 26.7 26.7 94.0 2093.0 65.40625
5159.003797505014 40.0 0.0 2118.0 124.58823529411764 14853.256838019619 371.33142095049044 26.7 26.7 94.0 2093.0 65.40625
5160.004885589796 40.0 0.0 2118.0 124.58823529411764 14853.256838019619 371.33142095049044 26.7 26.7 94.0 2094.0 65.4375
5161.003797505014 40.0 0.0 2118.0 124.58823529411764 14854.256838019619 371.3564209504904 26.7 26.7 94.0 2094.0 65.4375
5162.004885589796 40.0 0.0 2118.0 124.58823529411764 14854.256838019619 371.3564209504904 26.7 26.7 94.0 2095.0 65.46875
5163.003797505014 40.0 0.0 2118.0 124.58823529411764 14855.256838019619 371.3814209504904 26.7 26.7 94.0 2095.0 65.46875
5164.004885589796 40.0 0.0 2118.0 124.58823529411764 14855.256838019619 371.3814209504904 26.7 26.7 94.0 2096.0 65.5
5165.003797505014 40.0 0.0 2118.0 124.58823529411764 14856.256838019619 371.4064209504904 26.7 26.7 94.0 2096.0 65.5
5166.004885589796 40.0 0.0 2118.0 124.58823529411764 14856.256838019619 371.4064209504904 26.7 26.7 94.0 2097.0 65.53125
5167.003797505014 40.0 0.0 2118.0 124.58823529411764 14857.256838019619 371.4314209504904 26.7 26.7 94.0 2097.0 65.53125
5168.004885589796 40.0 0.0 2118.0 124.58823529411764 14857.256838019619 371.4314209504904 26.7 26.7 94.0 2098.0 65.5625
5169.003797505014 40.0 0.0 2118.0 124.58823529411764 14858.256838019619 371.45642095049044 26.7 26.7 94.0 2098.0 65.5625
5170.004885589796 40.0 0.0 2118.0 124.58823529411764 14858.256838019619 371.45642095049044 26.7 26.7 94.0 2099.0 65.59375
5171.003797505014 40.0 0.0 2118.0 124.58823529411764 14859.256838019619 371.4814209504904 26.7 26.7 94.0 2099.0 65.59375
5172.004885589796 40.0 0.0 2118.0 124.58823529411764 14859.256838019619 371.4814209504904 26.7 26.7 94.0 2100.0 65.625
5173.003797505014 40.0 0.0 2118.0 124.58823529411764 14860.256838019619 371.5064209504904 26.7 26.7 94.0 2100.0 65.625
5174.004885589796 40.0 0.0 2118.0 124.58823529411764 14860.256838019619 371.5064209504904 26.7 26.7 94.0 2101.0 65.65625
5175.003797505014 40.0 0.0 2118.0 124.58823529411764 14861.256838019619 371.5314209504904 26.7 26.7 94.0 2101.0 65.65625
5176.004885589796 40.0 0.0 2118.0 124.58823529411764 14861.256838019619 371.5314209504904 26.7 26.7 94.0 2102.0 65.6875
5177.003797505014 40.0 0.0 2118.0 124.58823529411764 14862.256838019619 371.5564209504904 26.7 26.7 94.0 2102.0 65.6875
5178.004885589796 40.0 0.0 2118.0 124.58823529411764 14862.256838019619 371.5564209504904 26.7 26.7 94.0 2103.0 65.71875
5179.003797505014 40.0 0.0 2118.0 124.58823529411764 14863.256838019619 371.58142095049044 26.7 26.7 94.0 2103.0 65.71875
5180.004885589796 40.0 0.0 2118.0 124.58823529411764 14863.256838019619 371.58142095049044 26.7 26.7 94.0 2104.0 65.75
5181.003797505014 40.0 0.0 2118.0 124.58823529411764 14864.256838019619 371.6064209504904 26.7 26.7 94.0 2104.0 65.75
5182.004885589796 40.0 0.0 2118.0 124.58823529411764 14864.256838019619 371.6064209504904 26.7 26.7 94.0 2105.0 65.78125
5183.003797505014 40.0 0.0 2118.0 124.58823529411764 14865.256838019619 371.6314209504904 26.7 26.7 94.0 2105.0 65.78125
5184.004885589796 40.0 0.0 2118.0 124.58823529411764 14865.256838019619 371.6314209504904 26.7 26.7 94.0 2106.0 65.8125
5185.003797505014 40.0 0.0 2118.0 124.58823529411764 14866.256838019619 371.6564209504904 26.7 26.7 94.0 2106.0 65.8125
5186.004885589796 40.0 0.0 2118.0 124.58823529411764 14866.256838019619 371.6564209504904 26.7 26.7 94.0 2107.0 65.84375
5187.003797505014 40.0 0.0 2118.0 124.58823529411764 14867.256838019619 371.6814209504904 26.7 26.7 94.0 2107.0 65.84375
5188.004885589796 40.0 0.0 2118.0 124.58823529411764 14867.256838019619 371.6814209504904 26.7 26.7 94.0 2108.0 65.875
5189.003797505014 40.0 0.0 2118.0 124.58823529411764 14868.256838019619 371.70642095049044 26.7 26.7 94.0 2108.0 65.875
5190.004885589796 40.0 0.0 2118.0 124.58823529411764 14868.256838019619 371.70642095049044 26.7 26.7 94.0 2109.0 65.90625
5191.003797505014 40.0 0.0 2118.0 124.58823529411764 14869.256838019619 371.7314209504904 26.7 26.7 94.0 2109.0 65.90625
5192.004885589796 40.0 0.0 2118.0 124.58823529411764 14869.256838019619 371.7314209504904 26.7 26.7 94.0 2110.0 65.9375
5193.003797505014 40.0 0.0 2118.0 124.58823529411764 14870.256838019619 371.7564209504904 26.7 26.7 94.0 2110.0 65.9375
5194.004885589796 40.0 0.0 2118.0 124.58823529411764 14870.256838019619 371.7564209504904 26.7 26.7 94.0 2111.0 65.96875
5195.003797505014 40.0 0.0 2118.0 124.58823529411764 14870.3320949372 371.75830237342996 26.7 26.7 94.0 2112.0 66.0
5196.004885589796 40.0 0.0 2118.0 124.58823529411764 14870.3320949372 371.75830237342996 26.7 26.7 94.0 2113.0 66.03125
5197.003797505014 40.0 0.0 2118.0 124.58823529411764 14870.332413778653 371.7583103444663 26.7 26.7 94.0 2113.0 66.03125
5198.004885589796 40.0 0.0 2118.0 124.58823529411764 14870.332413778653 371.7583103444663 26.7 26.7 94.0 2114.0 66.0625
5199.003797505014 40.0 0.0 2118.0 124.58823529411764 14871.332413778653 371.78331034446626 26.7 26.7 94.0 2114.0 66.0625
5200.004885589796 40.0 0.0 2118.0 124.58823529411764 14871.332413778653 371.78331034446626 26.7 26.7 94.0 2115.0 66.09375
5201.003797505014 40.0 0.0 2118.0 124.58823529411764 14872.332413778653 371.8083103444663 26.7 26.7 94.0 2115.0 66.09375
5202.004885589796 40.0 0.0 2118.0 124.58823529411764 14872.332413778653 371.8083103444663 26.7 26.7 94.0 2116.0 66.125
5203.003797505014 40.0 0.0 2118.0 124.58823529411764 14873.332413778653 371.83331034446627 26.7 26.7 94.0 2116.0 66.125
5204.004885589796 40.0 0.0 2118.0 124.58823529411764 14873.332413778653 371.83331034446627 26.7 26.7 94.0 2117.0 66.15625
5205.003797505014 40.0 0.0 2118.0 124.58823529411764 14874.332413778653 371.85831034446625 26.7 26.7 94.0 2117.0 66.15625
5206.004885589796 40.0 0.0 2118.0 124.58823529411764 14874.332413778653 371.85831034446625 26.7 26.7 94.0 2118.0 66.1875
5207.003797505014 40.0 0.0 2118.0 124.58823529411764 14875.332413778653 371.8833103444663 26.7 26.7 94.0 2118.0 66.1875
5208.004885589796 40.0 0.0 2118.0 124.58823529411764 14875.332413778653 371.8833103444663 26.7 26.7 94.0 2119.0 66.21875
5209.003797505014 40.0 0.0 2118.0 124.58823529411764 14876.332413778653 371.90831034446626 26.7 26.7 94.0 2119.0 66.21875
5210.004885589796 40.0 0.0 2118.0 124.58823529411764 14876.332413778653 371.90831034446626 26.7 26.7 94.0 2120.0 66.25
5211.003797505014 40.0 0.0 2118.0 124.58823529411764 14877.332413778653 371.9333103444663 26.7 26.7 94.0 2120.0 66.25
5212.004885589796 40.0 0.0 2118.0 124.58823529411764 14877.332413778653 371.9333103444663 26.7 26.7 94.0 2121.0 66.28125
5213.003797505014 40.0 0.0 2118.0 124.58823529411764 14878.332413778653 371.95831034446627 26.7 26.7 94.0 2121.0 66.28125
5214.004885589796 40.0 0.0 2118.0 124.58823529411764 14878.332413778653 371.95831034446627 26.7 26.7 94.0 2122.0 66.3125
5215.003797505014 40.0 0.0 2118.0 124.58823529411764 14879.332413778653 371.98331034446625 26.7 26.7 94.0 2122.0 66.3125
5216.004885589796 40.0 0.0 2118.0 124.58823529411764 14879.332413778653 371.98331034446625 26.7 26.7 94.0 2123.0 66.34375
5217.003797505014 40.0 0.0 2118.0 124.58823529411764 14880.332413778653 372.0083103444663 26.7 26.7 94.0 2123.0 66.34375
5218.004885589796 40.0 0.0 2118.0 124.58823529411764 14880.332413778653 372.0083103444663 26.7 26.7 94.0 2124.0 66.375
5219.003797505014 40.0 0.0 2118.0 124.58823529411764 14881.332413778653 372.03331034446626 26.7 26.7 94.0 2124.0 66.375
5220.004885589796 40.0 0.0 2118.0 124.58823529411764 14881.332413778653 372.03331034446626 26.7 26.7 94.0 2125.0 66.40625
5221.003797505014 40.0 0.0 2118.0 124.58823529411764 14882.332413778653 372.0583103444663 26.7 26.7 94.0 2125.0 66.40625
5222.004885589796 40.0 0.0 2118.0 124.58823529411764 14882.332413778653 372.0583103444663 26.7 26.7 94.0 2126.0 66.4375
5223.003797505014 40.0 0.0 2118.0 124.58823529411764 14883.332413778653 372.08331034446627 26.7 26.7 94.0 2126.0 66.4375
5224.004885589796 40.0 0.0 2118.0 124.58823529411764 14883.332413778653 372.08331034446627 26.7 26.7 94.0 2127.0 66.46875
5225.003797505014 40.0 0.0 2118.0 124.58823529411764 14884.332413778653 372.10831034446625 26.7 26.7 94.0 2127.0 66.46875
5226.004885589796 40.0 0.0 2118.0 124.58823529411764 14884.332413778653 372.10831034446625 26.7 26.7 94.0 2128.0 66.5
5227.003797505014 40.0 0.0 2118.0 124.58823529411764 14885.332413778653 372.1333103444663 26.7 26.7 94.0 2128.0 66.5
5228.004885589796 40.0 0.0 2118.0 124.58823529411764 14885.332413778653 372.1333103444663 26.7 26.7 94.0 2129.0 66.53125
5229.003797505014 40.0 0.0 2118.0 124.58823529411764 14886.332413778653 372.15831034446626 26.7 26.7 94.0 2129.0 66.53125
5230.004885589796 40.0 0.0 2118.0 124.58823529411764 14886.332413778653 372.15831034446626 26.7 26.7 94.0 2130.0 66.5625
5231.003797505014 40.0 0.0 2118.0 124.58823529411764 14887.332413778653 372.1833103444663 26.7 26.7 94.0 2130.0 66.5625
5232.004885589796 40.0 0.0 2118.0 124.58823529411764 14887.332413778653 372.1833103444663 26.7 26.7 94.0 2131.0 66.59375
5233.003797505014 40.0 0.0 2118.0 124.58823529411764 14888.332413778653 372.20831034446627 26.7 26.7 94.0 2131.0 66.59375
5234.004885589796 40.0 0.0 2118.0 124.58823529411764 14888.332413778653 372.20831034446627 26.7 26.7 94.0 2132.0 66.625
5235.003797505014 40.0 0.0 2118.0 124.58823529411764 14889.332413778653 372.23331034446625 26.7 26.7 94.0 2132.0 66.625
5236.004885589796 40.0 0.0 2118.0 124.58823529411764 14889.332413778653 372.23331034446625 26.7 26.7 94.0 2133.0 66.65625
5237.003797505014 40.0 0.0 2118.0 124.58823529411764 14890.332413778653 372.2583103444663 26.7 26.7 94.0 2133.0 66.65625
5238.004885589796 40.0 0.0 2118.0 124.58823529411764 14890.332413778653 372.2583103444663 26.7 26.7 94.0 2134.0 66.6875
5239.003797505014 40.0 0.0 2118.0 124.58823529411764 14891.332413778653 372.28331034446626 26.7 26.7 94.0 2134.0 66.6875
5240.004885589796 40.0 0.0 2118.0 124.58823529411764 14891.332413778653 372.28331034446626 26.7 26.7 94.0 2135.0 66.71875
5241.003797505014 40.0 0.0 2118.0 124.58823529411764 14892.332413778653 372.30831034446624 26.7 26.7 94.0 2135.0 66.71875
5242.004885589796 40.0 0.0 2118.0 124.58823529411764 14892.332413778653 372.30831034446624 26.7 26.7 94.0 2136.0 66.75
5243.003797505014 40.0 0.0 2118.0 124.58823529411764 14893.332413778653 372.33331034446627 26.7 26.7 94.0 2136.0 66.75
5244.004885589796 40.0 0.0 2118.0 124.58823529411764 14893.332413778653 372.33331034446627 26.7 26.7 94.0 2137.0 66.78125
5245.003797505014 40.0 0.0 2118.0 124.58823529411764 14894.332413778653 372.3583103444663 26.7 26.7 94.0 2137.0 66.78125
5246.004885589796 40.0 0.0 2118.0 124.58823529411764 14894.332413778653 372.3583103444663 26.7 26.7 94.0 2138.0 66.8125
5247.003797505014 40.0 0.0 2118.0 124.58823529411764 14895.332413778653 372.3833103444663 26.7 26.7 94.0 2138.0 66.8125
5248.004885589796 40.0 0.0 2118.0 124.58823529411764 14895.332413778653 372.3833103444663 26.7 26.7 94.0 2139.0 66.84375
5249.003797505014 40.0 0.0 2118.0 124.58823529411764 14896.332413778653 372.40831034446626 26.7 26.7 94.0 2139.0 66.84375
5250.004885589796 40.0 0.0 2118.0 124.58823529411764 14896.332413778653 372.40831034446626 26.7 26.7 94.0 2140.0 66.875
5251.003797505014 40.0 0.0 2118.0 124.58823529411764 14897.332413778653 372.43331034446624 26.7 26.7 94.0 2140.0 66.875
5252.004885589796 40.0 0.0 2118.0 124.58823529411764 14897.332413778653 372.43331034446624 26.7 26.7 94.0 2141.0 66.90625
5253.003797505014 40.0 0.0 2118.0 124.58823529411764 14898.332413778653 372.45831034446627 26.7 26.7 94.0 2141.0 66.90625
5254.004885589796 40.0 0.0 2118.0 124.58823529411764 14898.332413778653 372.45831034446627 26.7 26.7 94.0 2142.0 66.9375
5255.003797505014 40.0 0.0 2118.0 124.58823529411764 14899.332413778653 372.4833103444663 26.7 26.7 94.0 2142.0 66.9375
5256.004885589796 40.0 0.0 2118.0 124.58823529411764 14899.332413778653 372.4833103444663 26.7 26.7 94.0 2143.0 66.96875
5257.003797505014 40.0 0.0 2118.0 124.58823529411764 14900.332413778653 372.5083103444663 26.7 26.7 94.0 2143.0 66.96875
5258.004885589796 40.0 0.0 2118.0 124.58823529411764 14900.332413778653 372.5083103444663 26.7 26.7 94.0 2144.0 67.0
5259.003797505014 40.0 0.0 2118.0 124.58823529411764 14901.332413778653 372.53331034446626 26.7 26.7 94.0 2144.0 67.0
5260.004885589796 40.0 0.0 2118.0 124.58823529411764 14901.332413778653 372.53331034446626 26.7 26.7 94.0 2145.0 67.03125
5261.003797505014 40.0 0.0 2118.0 124.58823529411764 14902.332413778653 372.55831034446624 26.7 26.7 94.0 2145.0 67.03125
5262.004885589796 40.0 0.0 2118.0 124.58823529411764 14902.332413778653 372.55831034446624 26.7 26.7 94.0 2146.0 67.0625
5263.003797505014 40.0 0.0 2118.0 124.58823529411764 14903.332413778653 372.58331034446627 26.7 26.7 94.0 2146.0 67.0625
5264.004885589796 40.0 0.0 2118.0 124.58823529411764 14903.332413778653 372.58331034446627 26.7 26.7 94.0 2147.0 67.09375
5265.003797505014 40.0 0.0 2118.0 124.58823529411764 14904.332413778653 372.6083103444663 26.7 26.7 94.0 2147.0 67.09375
5266.004885589796 40.0 0.0 2118.0 124.58823529411764 14904.332413778653 372.6083103444663 26.7 26.7 94.0 2148.0 67.125
5267.003797505014 40.0 0.0 2118.0 124.58823529411764 14905.332413778653 372.6333103444663 26.7 26.7 94.0 2148.0 67.125
5268.004885589796 40.0 0.0 2118.0 124.58823529411764 14905.332413778653 372.6333103444663 26.7 26.7 94.0 2149.0 67.15625
5269.003797505014 40.0 0.0 2118.0 124.58823529411764 14906.332413778653 372.65831034446626 26.7 26.7 94.0 2149.0 67.15625
5270.004885589796 40.0 0.0 2118.0 124.58823529411764 14906.332413778653 372.65831034446626 26.7 26.7 94.0 2150.0 67.1875
5271.003797505014 40.0 0.0 2118.0 124.58823529411764 14907.332413778653 372.68331034446624 26.7 26.7 94.0 2150.0 67.1875
5272.004885589796 40.0 0.0 2118.0 124.58823529411764 14907.332413778653 372.68331034446624 26.7 26.7 94.0 2151.0 67.21875
5273.003797505014 40.0 0.0 2118.0 124.58823529411764 14908.332413778653 372.70831034446627 26.7 26.7 94.0 2151.0 67.21875
5274.004885589796 40.0 0.0 2118.0 124.58823529411764 14908.332413778653 372.70831034446627 26.7 26.7 94.0 2152.0 67.25
5275.003797505014 40.0 0.0 2118.0 124.58823529411764 14909.332413778653 372.7333103444663 26.725 26.725 94.0 2152.0 67.25
5276.004885589796 40.0 0.0 2118.0 124.58823529411764 14909.332413778653 372.7333103444663 26.75 26.75 94.0 2152.0 67.25
5277.003797505014 40.0 0.0 2118.0 124.58823529411764 14910.332413778653 372.7583103444663 26.75 26.75 94.0 2152.0 67.25
5278.004885589796 40.0 0.0 2118.0 124.58823529411764 14911.332413778653 372.78331034446626 26.75 26.75 93.0 2152.0 67.25
5279.003797505014 40.0 1.0 2119.0 124.6470588235294 14915.332413778653 372.8833103444663 26.75 26.75 91.0 2152.0 67.25
5280.004885589796 40.0 1.0 2119.0 124.6470588235294 14916.332413778653 372.90831034446626 26.75 26.75 91.0 2152.0 67.25
5281.003797505014 40.0 1.0 2120.0 124.70588235294116 14920.332413778653 373.0083103444663 26.75 26.75 91.0 2152.0 67.25
5282.004885589796 40.0 1.0 2120.0 124.70588235294116 14920.332413778653 373.0083103444663 26.75 26.75 91.0 2152.0 67.25
5283.003797505014 40.0 1.0 2121.0 124.76470588235294 14921.31481436769 373.0328703591922 26.75 26.75 91.0 2152.0 67.25
5284.004885589796 40.0 1.0 2121.0 124.76470588235294 14921.31481436769 373.0328703591922 26.75 26.75 91.0 2152.0 67.25
5285.003797505014 40.0 1.0 2122.0 124.8235294117647 14921.31481436769 373.0328703591922 26.75 26.75 91.0 2152.0 67.25
5286.004885589796 40.0 1.0 2122.0 124.8235294117647 14921.31481436769 373.0328703591922 26.75 26.75 91.0 2152.0 67.25
5287.003797505014 40.0 1.0 2123.0 124.88235294117646 14921.31481436769 373.0328703591922 26.75 26.75 91.0 2152.0 67.25
5288.004885589796 40.0 1.0 2123.0 124.88235294117646 14921.31481436769 373.0328703591922 26.75 26.75 91.0 2152.0 67.25
5289.003797505014 40.0 1.0 2124.0 124.9411764705882 14921.31481436769 373.0328703591922 26.75 26.75 91.0 2152.0 67.25
5290.004885589796 40.0 1.0 2124.0 124.9411764705882 14921.31481436769 373.0328703591922 26.75 26.75 91.0 2152.0 67.25
5291.003797505014 40.0 1.0 2125.0 125.0 14921.31481436769 373.0328703591922 26.75 26.75 91.0 2152.0 67.25
5292.004885589796 40.0 1.0 2125.0 125.0 14921.31481436769 373.0328703591922 26.75 26.75 91.0 2152.0 67.25
5293.003797505014 40.0 1.0 2126.0 125.0588235294118 14921.31481436769 373.0328703591922 26.75 26.75 91.0 2152.0 67.25
5294.004885589796 40.0 1.0 2126.0 125.0588235294118 14921.31481436769 373.0328703591922 26.75 26.75 91.0 2152.0 67.25
5295.003797505014 40.0 1.0 2127.0 125.11764705882354 14921.31481436769 373.0328703591922 26.75 26.75 91.0 2152.0 67.25
5296.004885589796 40.0 1.0 2127.0 125.11764705882354 14921.31481436769 373.0328703591922 26.75 26.75 91.0 2152.0 67.25
5297.003797505014 40.0 1.0 2128.0 125.1764705882353 14921.31481436769 373.0328703591922 26.75 26.75 91.0 2152.0 67.25
5298.004885589796 40.0 1.0 2128.0 125.1764705882353 14921.31481436769 373.0328703591922 26.75 26.75 91.0 2152.0 67.25
5299.003797505014 40.0 1.0 2129.0 125.23529411764706 14921.31481436769 373.0328703591922 26.75 26.75 91.0 2152.0 67.25
5300.004885589796 40.0 1.0 2129.0 125.23529411764706 14921.31481436769 373.0328703591922 26.75 26.75 91.0 2152.0 67.25
5301.003797505014 40.0 1.0 2130.0 125.29411764705884 14921.31481436769 373.0328703591922 26.75 26.75 91.0 2152.0 67.25
5302.004885589796 40.0 1.0 2130.0 125.29411764705884 14921.31481436769 373.0328703591922 26.75 26.75 91.0 2152.0 67.25
5303.003797505014 40.0 1.0 2131.0 125.3529411764706 14921.31481436769 373.0328703591922 26.75 26.75 91.0 2152.0 67.25
5304.004885589796 40.0 1.0 2131.0 125.3529411764706 14921.31481436769 373.0328703591922 26.75 26.75 91.0 2152.0 67.25
5305.003797505014 40.0 1.0 2132.0 125.41176470588236 14921.31481436769 373.0328703591922 26.75 26.75 91.0 2152.0 67.25
5306.004885589796 40.0 1.0 2132.0 125.41176470588236 14921.31481436769 373.0328703591922 26.75 26.75 91.0 2152.0 67.25
5307.003797505014 40.0 1.0 2133.0 125.4705882352941 14921.31481436769 373.0328703591922 26.75 26.75 91.0 2152.0 67.25
5308.004885589796 40.0 1.0 2133.0 125.4705882352941 14921.31481436769 373.0328703591922 26.75 26.75 91.0 2152.0 67.25
5309.003797505014 40.0 1.0 2134.0 125.5294117647059 14921.31481436769 373.0328703591922 26.75 26.75 91.0 2152.0 67.25
5310.004885589796 40.0 1.0 2134.0 125.5294117647059 14921.31481436769 373.0328703591922 26.75 26.75 91.0 2152.0 67.25
5311.003797505014 40.0 1.0 2135.0 125.58823529411764 14921.31481436769 373.0328703591922 26.75 26.75 91.0 2152.0 67.25
5312.004885589796 40.0 1.0 2135.0 125.58823529411764 14921.31481436769 373.0328703591922 26.75 26.75 91.0 2152.0 67.25
5313.003797505014 40.0 1.0 2136.0 125.6470588235294 14921.31481436769 373.0328703591922 26.75 26.75 91.0 2152.0 67.25
5314.004885589796 40.0 1.0 2136.0 125.6470588235294 14921.31481436769 373.0328703591922 26.75 26.75 91.0 2152.0 67.25
5315.003797505014 40.0 1.0 2137.0 125.70588235294115 14921.31481436769 373.0328703591922 26.75 26.75 91.0 2152.0 67.25
5316.004885589796 40.0 1.0 2137.0 125.70588235294115 14921.31481436769 373.0328703591922 26.75 26.75 91.0 2152.0 67.25
5317.003797505014 40.0 1.0 2138.0 125.76470588235294 14921.31481436769 373.0328703591922 26.75 26.75 91.0 2152.0 67.25
5318.004885589796 40.0 1.0 2138.0 125.76470588235294 14921.31481436769 373.0328703591922 26.75 26.75 91.0 2152.0 67.25
5319.003797505014 40.0 1.0 2139.0 125.82352941176468 14921.31481436769 373.0328703591922 26.75 26.75 91.0 2152.0 67.25
5320.004885589796 40.0 1.0 2139.0 125.82352941176468 14921.31481436769 373.0328703591922 26.75 26.75 91.0 2152.0 67.25
5321.003797505014 40.0 1.0 2140.0 125.88235294117646 14921.31481436769 373.0328703591922 26.75 26.75 91.0 2152.0 67.25
5322.004885589796 40.0 1.0 2140.0 125.88235294117646 14921.31481436769 373.0328703591922 26.75 26.75 91.0 2152.0 67.25
5323.003797505014 40.0 1.0 2141.0 125.9411764705882 14921.31481436769 373.0328703591922 26.75 26.75 91.0 2152.0 67.25
5324.004885589796 40.0 1.0 2141.0 125.9411764705882 14921.31481436769 373.0328703591922 26.75 26.75 91.0 2152.0 67.25
5325.003797505014 40.0 1.0 2142.0 126.0 14921.31481436769 373.0328703591922 26.75 26.75 91.0 2152.0 67.25
5326.004885589796 40.0 1.0 2142.0 126.0 14921.31481436769 373.0328703591922 26.75 26.75 91.0 2152.0 67.25
5327.003797505014 40.0 1.0 2143.0 126.0588235294118 14921.31481436769 373.0328703591922 26.75 26.75 91.0 2152.0 67.25
5328.004885589796 40.0 1.0 2143.0 126.0588235294118 14921.31481436769 373.0328703591922 26.75 26.75 91.0 2152.0 67.25
5329.003797505014 40.0 1.0 2144.0 126.11764705882354 14921.31481436769 373.0328703591922 26.75 26.75 91.0 2152.0 67.25
5330.004885589796 40.0 1.0 2144.0 126.11764705882354 14921.31481436769 373.0328703591922 26.75 26.75 91.0 2152.0 67.25
5331.003797505014 40.0 1.0 2145.0 126.17647058823532 14921.31481436769 373.0328703591922 26.75 26.75 91.0 2152.0 67.25
5332.004885589796 40.0 1.0 2145.0 126.17647058823532 14921.31481436769 373.0328703591922 26.75 26.75 91.0 2152.0 67.25
5333.003797505014 40.0 1.0 2146.0 126.23529411764706 14921.31481436769 373.0328703591922 26.75 26.75 91.0 2152.0 67.25
5334.004885589796 40.0 1.0 2146.0 126.23529411764706 14921.31481436769 373.0328703591922 26.75 26.75 91.0 2152.0 67.25
5335.003797505014 40.0 1.0 2147.0 126.29411764705885 14921.31481436769 373.0328703591922 26.75 26.75 91.0 2152.0 67.25
5336.004885589796 40.0 1.0 2147.0 126.29411764705885 14921.31481436769 373.0328703591922 26.75 26.75 91.0 2152.0 67.25
5337.003797505014 40.0 1.0 2148.0 126.3529411764706 14921.31481436769 373.0328703591922 26.75 26.75 91.0 2152.0 67.25
5338.004885589796 40.0 1.0 2148.0 126.3529411764706 14921.31481436769 373.0328703591922 26.75 26.75 91.0 2152.0 67.25
5339.003797505014 40.0 1.0 2149.0 126.41176470588236 14921.31481436769 373.0328703591922 26.75 26.75 91.0 2152.0 67.25
5340.004885589796 40.0 1.0 2149.0 126.41176470588236 14921.31481436769 373.0328703591922 26.75 26.75 91.0 2152.0 67.25
5341.003797505014 40.0 1.0 2150.0 126.4705882352941 14921.31481436769 373.0328703591922 26.75 26.75 91.0 2152.0 67.25
5342.004885589796 40.0 1.0 2150.0 126.4705882352941 14921.31481436769 373.0328703591922 26.75 26.75 91.0 2152.0 67.25
5343.003797505014 40.0 1.0 2151.0 126.5294117647059 14921.31481436769 373.0328703591922 26.75 26.75 91.0 2152.0 67.25
5344.004885589796 40.0 1.0 2151.0 126.5294117647059 14921.31481436769 373.0328703591922 26.75 26.75 91.0 2152.0 67.25
5345.003797505014 40.0 1.0 2152.0 126.58823529411764 14921.31481436769 373.0328703591922 26.75 26.75 91.0 2152.0 67.25
5346.004885589796 40.0 1.0 2152.0 126.58823529411764 14921.31481436769 373.0328703591922 26.75 26.75 91.0 2152.0 67.25
5347.003797505014 40.0 1.0 2153.0 126.6470588235294 14921.31481436769 373.0328703591922 26.75 26.75 91.0 2152.0 67.25
5348.004885589796 40.0 1.0 2153.0 126.6470588235294 14921.31481436769 373.0328703591922 26.75 26.75 91.0 2152.0 67.25
5349.003797505014 40.0 1.0 2154.0 126.70588235294115 14921.31481436769 373.0328703591922 26.75 26.75 91.0 2152.0 67.25
5350.004885589796 40.0 1.0 2154.0 126.70588235294115 14921.31481436769 373.0328703591922 26.75 26.75 91.0 2152.0 67.25
5351.003797505014 40.0 1.0 2155.0 126.76470588235294 14921.31481436769 373.0328703591922 26.75 26.75 91.0 2152.0 67.25
5352.004885589796 40.0 1.0 2155.0 126.76470588235294 14921.31481436769 373.0328703591922 26.75 26.75 91.0 2152.0 67.25
5353.003797505014 40.0 1.0 2156.0 126.82352941176468 14921.31481436769 373.0328703591922 26.75 26.75 91.0 2152.0 67.25
5354.004885589796 40.0 1.0 2156.0 126.82352941176468 14921.31481436769 373.0328703591922 26.75 26.75 91.0 2152.0 67.25
5355.003797505014 40.0 1.0 2157.0 126.88235294117646 14921.31481436769 373.0328703591922 26.75 26.75 91.0 2152.0 67.25
5356.004885589796 40.0 1.0 2157.0 126.88235294117646 14921.31481436769 373.0328703591922 26.75 26.75 91.0 2152.0 67.25
5357.003797505014 40.0 1.0 2158.0 126.9411764705882 14921.31481436769 373.0328703591922 26.75 26.75 91.0 2152.0 67.25
5358.004885589796 40.0 1.0 2158.0 126.9411764705882 14921.31481436769 373.0328703591922 26.75 26.75 91.0 2152.0 67.25
5359.003797505014 40.0 1.0 2159.0 127.0 14921.31481436769 373.0328703591922 26.75 26.75 91.0 2152.0 67.25
5360.004885589796 40.0 1.0 2159.0 127.0 14921.31481436769 373.0328703591922 26.75 26.75 91.0 2152.0 67.25
5361.003797505014 40.0 1.0 2160.0 127.0588235294118 14921.31481436769 373.0328703591922 26.75 26.75 91.0 2152.0 67.25
5362.004885589796 40.0 1.0 2160.0 127.0588235294118 14921.31481436769 373.0328703591922 26.75 26.75 91.0 2152.0 67.25
5363.003797505014 40.0 1.0 2161.0 127.11764705882354 14921.31481436769 373.0328703591922 26.75 26.75 91.0 2152.0 67.25
5364.004885589796 40.0 1.0 2161.0 127.11764705882354 14921.31481436769 373.0328703591922 26.75 26.75 91.0 2152.0 67.25
5365.003797505014 40.0 1.0 2162.0 127.17647058823532 14921.31481436769 373.0328703591922 26.75 26.75 91.0 2152.0 67.25
5366.004885589796 40.0 1.0 2162.0 127.17647058823532 14921.31481436769 373.0328703591922 26.75 26.75 91.0 2152.0 67.25
5367.003797505014 40.0 1.0 2163.0 127.23529411764706 14921.31481436769 373.0328703591922 26.75 26.75 91.0 2152.0 67.25
5368.004885589796 40.0 1.0 2163.0 127.23529411764706 14921.31481436769 373.0328703591922 26.75 26.75 91.0 2152.0 67.25
5369.003797505014 40.0 1.0 2164.0 127.29411764705885 14921.31481436769 373.0328703591922 26.75 26.75 91.0 2152.0 67.25
5370.004885589796 40.0 1.0 2164.0 127.29411764705885 14921.31481436769 373.0328703591922 26.75 26.75 91.0 2152.0 67.25
5371.003797505014 40.0 1.0 2165.0 127.3529411764706 14921.31481436769 373.0328703591922 26.75 26.75 91.0 2152.0 67.25
5372.004885589796 40.0 1.0 2165.0 127.3529411764706 14921.31481436769 373.0328703591922 26.75 26.75 91.0 2152.0 67.25
5373.003797505014 40.0 1.0 2166.0 127.41176470588236 14921.31481436769 373.0328703591922 26.75 26.75 91.0 2152.0 67.25
5374.004885589796 40.0 1.0 2166.0 127.41176470588236 14921.31481436769 373.0328703591922 26.75 26.75 91.0 2152.0 67.25
5375.003797505014 40.0 1.0 2167.0 127.4705882352941 14921.31481436769 373.0328703591922 26.75 26.75 91.0 2152.0 67.25
5376.004885589796 40.0 1.0 2167.0 127.4705882352941 14921.31481436769 373.0328703591922 26.75 26.75 91.0 2152.0 67.25
5377.003797505014 40.0 1.0 2168.0 127.5294117647059 14921.31481436769 373.0328703591922 26.75 26.75 91.0 2152.0 67.25
5378.004885589796 40.0 1.0 2168.0 127.5294117647059 14921.31481436769 373.0328703591922 26.75 26.75 91.0 2152.0 67.25
5379.003797505014 40.0 1.0 2169.0 127.58823529411764 14921.31481436769 373.0328703591922 26.75 26.75 91.0 2152.0 67.25
5380.004885589796 40.0 1.0 2169.0 127.58823529411764 14921.31481436769 373.0328703591922 26.75 26.75 91.0 2152.0 67.25
5381.003797505014 40.0 1.0 2170.0 127.6470588235294 14921.31481436769 373.0328703591922 26.75 26.75 91.0 2152.0 67.25
5382.004885589796 40.0 1.0 2170.0 127.6470588235294 14921.31481436769 373.0328703591922 26.75 26.75 91.0 2152.0 67.25
5383.003797505014 40.0 1.0 2171.0 127.70588235294115 14921.31481436769 373.0328703591922 26.75 26.75 91.0 2152.0 67.25
5384.004885589796 40.0 1.0 2171.0 127.70588235294115 14921.31481436769 373.0328703591922 26.75 26.75 91.0 2152.0 67.25
5385.003797505014 40.0 1.0 2172.0 127.76470588235294 14921.31481436769 373.0328703591922 26.75 26.75 91.0 2152.0 67.25
5386.004885589796 40.0 1.0 2172.0 127.76470588235294 14921.31481436769 373.0328703591922 26.75 26.75 91.0 2152.0 67.25
5387.003797505014 40.0 1.0 2173.0 127.82352941176468 14921.31481436769 373.0328703591922 26.75 26.75 91.0 2152.0 67.25
5388.004885589796 40.0 1.0 2173.0 127.82352941176468 14921.31481436769 373.0328703591922 26.75 26.75 91.0 2152.0 67.25
5389.003797505014 40.0 1.0 2174.0 127.88235294117646 14921.31481436769 373.0328703591922 26.75 26.75 91.0 2152.0 67.25
5390.004885589796 40.0 1.0 2174.0 127.88235294117646 14921.31481436769 373.0328703591922 26.75 26.75 91.0 2152.0 67.25
5391.003797505014 40.0 1.0 2175.0 127.9411764705882 14921.31481436769 373.0328703591922 26.75 26.75 91.0 2152.0 67.25
5392.004885589796 40.0 1.0 2175.0 127.9411764705882 14921.31481436769 373.0328703591922 26.75 26.75 91.0 2152.0 67.25
5393.003797505014 40.0 1.0 2176.0 128.0 14921.31481436769 373.0328703591922 26.75 26.75 91.0 2152.0 67.25
5394.004885589796 40.0 1.0 2176.0 128.0 14921.31481436769 373.0328703591922 26.75 26.75 91.0 2152.0 67.25
5395.003797505014 40.0 1.0 2177.0 128.0588235294118 14921.31481436769 373.0328703591922 26.75 26.75 91.0 2152.0 67.25
5396.004885589796 40.0 1.0 2177.0 128.0588235294118 14921.31481436769 373.0328703591922 26.75 26.75 91.0 2152.0 67.25
5397.003797505014 40.0 1.0 2178.0 128.11764705882354 14921.31481436769 373.0328703591922 26.75 26.75 91.0 2152.0 67.25
5398.004885589796 40.0 1.0 2178.0 128.11764705882354 14921.31481436769 373.0328703591922 26.75 26.75 91.0 2152.0 67.25
5399.003797505014 40.0 1.0 2179.0 128.17647058823528 14921.31481436769 373.0328703591922 26.75 26.75 91.0 2152.0 67.25
5400.004885589796 40.0 1.0 2179.0 128.17647058823528 14921.31481436769 373.0328703591922 26.75 26.75 91.0 2152.0 67.25
5401.003797505014 40.0 0.0 2179.0 128.17647058823528 14921.31481436769 373.0328703591922 26.75 26.75 91.0 2152.0 67.25
5402.004885589796 40.0 0.0 2179.0 128.17647058823528 14921.31481436769 373.0328703591922 26.75 26.75 91.0 2152.0 67.25
5403.003797505014 40.0 0.0 2179.0 128.17647058823528 14922.31481436769 373.05787035919224 26.75 26.75 84.0 2152.0 67.25
5404.004885589796 40.0 0.0 2179.0 128.17647058823528 14923.31481436769 373.0828703591922 26.75 26.75 84.0 2152.0 67.25
5405.003797505014 40.0 0.0 2179.0 128.17647058823528 14927.31481436769 373.18287035919224 26.75 26.75 84.0 2152.0 67.25
5406.004885589796 40.0 0.0 2179.0 128.17647058823528 14928.31481436769 373.2078703591922 26.75 26.75 84.0 2152.0 67.25
5407.003797505014 40.0 0.0 2179.0 128.17647058823528 14932.31481436769 373.30787035919224 26.75 26.75 84.0 2152.0 67.25
5408.004885589796 40.0 0.0 2179.0 128.17647058823528 14933.31481436769 373.3328703591922 26.75 26.75 84.0 2152.0 67.25
5409.003797505014 40.0 0.0 2179.0 128.17647058823528 14937.31481436769 373.43287035919224 27.35 27.35 84.0 2152.0 67.25
5410.004885589796 40.0 0.0 2179.0 128.17647058823528 14938.31481436769 373.4578703591922 27.775 27.775 84.0 2152.0 67.25
5411.003797505014 40.0 0.0 2179.0 128.17647058823528 14942.31481436769 373.55787035919224 28.35 28.35 84.0 2152.0 67.25
5412.004885589796 40.0 0.0 2179.0 128.17647058823528 14943.31481436769 373.5828703591922 28.35 28.35 84.0 2152.0 67.25
5413.003797505014 40.0 0.0 2179.0 128.17647058823528 14947.31481436769 373.68287035919224 28.95 28.95 84.0 2152.0 67.25
5414.004885589796 40.0 0.0 2179.0 128.17647058823528 14948.31481436769 373.7078703591922 29.375 29.375 84.0 2152.0 67.25
5415.003797505014 40.0 0.0 2179.0 128.17647058823528 14952.31481436769 373.80787035919224 29.95 29.95 84.0 2152.0 67.25
5416.004885589796 40.0 0.0 2179.0 128.17647058823528 14953.31481436769 373.8328703591922 29.95 29.95 84.0 2152.0 67.25
5417.003797505014 40.0 0.0 2179.0 128.17647058823528 14957.31481436769 373.93287035919224 29.95 29.95 84.0 2152.0 67.25
5418.004885589796 40.0 0.0 2179.0 128.17647058823528 14958.31481436769 373.9578703591922 29.95 29.95 84.0 2152.0 67.25
5419.003797505014 40.0 0.0 2179.0 128.17647058823528 14962.31481436769 374.05787035919224 29.95 29.95 84.0 2152.0 67.25
5420.004885589796 40.0 0.0 2179.0 128.17647058823528 14963.31481436769 374.0828703591922 29.95 29.95 84.0 2152.0 67.25
5421.003797505014 40.0 0.0 2179.0 128.17647058823528 14967.31481436769 374.18287035919224 29.95 29.95 84.0 2152.0 67.25
5422.004885589796 40.0 0.0 2179.0 128.17647058823528 14968.31481436769 374.2078703591922 29.95 29.95 84.0 2152.0 67.25
5423.003797505014 40.0 0.0 2179.0 128.17647058823528 14972.31481436769 374.30787035919224 29.95 29.95 84.0 2152.0 67.25
5424.004885589796 40.0 0.0 2179.0 128.17647058823528 14973.31481436769 374.3328703591922 29.95 29.95 84.0 2152.0 67.25
5425.003797505014 40.0 0.0 2179.0 128.17647058823528 14977.31481436769 374.43287035919224 29.95 29.95 84.0 2152.0 67.25
5426.004885589796 40.0 0.0 2179.0 128.17647058823528 14978.31481436769 374.4578703591922 29.95 29.95 84.0 2152.0 67.25
5427.003797505014 40.0 0.0 2179.0 128.17647058823528 14982.31481436769 374.55787035919224 29.95 29.95 84.0 2152.0 67.25
5428.004885589796 40.0 0.0 2179.0 128.17647058823528 14983.31481436769 374.5828703591922 29.95 29.95 84.0 2152.0 67.25
5429.003797505014 40.0 0.0 2179.0 128.17647058823528 14987.31481436769 374.68287035919224 29.95 29.95 84.0 2152.0 67.25
5430.004885589796 40.0 0.0 2179.0 128.17647058823528 14988.31481436769 374.7078703591922 30.05 30.05 84.0 2152.0 67.25
5431.003797505014 40.0 0.0 2179.0 128.17647058823528 14991.945236965656 374.7986309241413 30.45 30.45 84.0 2152.0 67.25
5432.004885589796 40.0 0.0 2179.0 128.17647058823528 14992.945236965656 374.8236309241413 31.6 31.6 84.0 2152.0 67.25
5433.003797505014 40.0 0.0 2179.0 128.17647058823528 14995.945236965656 374.89863092414134 31.6 31.6 84.0 2152.0 67.25
5434.004885589796 40.0 0.0 2179.0 128.17647058823528 14996.945236965656 374.9236309241413 31.6 31.6 84.0 2152.0 67.25
5435.003797505014 40.0 0.0 2179.0 128.17647058823528 14999.945236965656 374.9986309241413 31.6 31.6 84.0 2152.0 67.25
5436.004885589796 40.0 0.0 2179.0 128.17647058823528 15000.945236965656 375.02363092414134 31.6 31.6 84.0 2152.0 67.25
5437.003797505014 40.0 0.0 2179.0 128.17647058823528 15003.945236965656 375.09863092414133 31.6 31.6 84.0 2152.0 67.25
5438.004885589796 40.0 0.0 2179.0 128.17647058823528 15004.945236965656 375.1236309241413 31.6 31.6 84.0 2152.0 67.25
5439.003797505014 40.0 0.0 2179.0 128.17647058823528 15006.973191675163 375.174329791879 31.6 31.6 84.0 2153.0 67.28125
5440.004885589796 40.0 0.0 2179.0 128.17647058823528 15007.973191675163 375.199329791879 31.6 31.6 84.0 2153.0 67.28125
5441.003797505014 40.0 0.0 2179.0 128.17647058823528 15009.973290075342 375.2493322518835 31.6 31.6 84.0 2153.0 67.28125
5442.004885589796 40.0 0.0 2179.0 128.17647058823528 15010.973290075342 375.2743322518835 31.6 31.6 84.0 2153.0 67.28125
5443.003797505014 40.0 0.0 2179.0 128.17647058823528 15013.973290075342 375.34933225188354 31.6 31.6 84.0 2153.0 67.28125
5444.004885589796 40.0 0.0 2179.0 128.17647058823528 15014.973290075342 375.3743322518835 31.6 31.6 84.0 2153.0 67.28125
5445.003797505014 40.0 0.0 2179.0 128.17647058823528 15017.973290075342 375.4493322518835 31.6 31.6 84.0 2153.0 67.28125
5446.004885589796 40.0 0.0 2179.0 128.17647058823528 15018.973290075342 375.47433225188354 31.6 31.6 84.0 2153.0 67.28125
5447.003797505014 40.0 0.0 2179.0 128.17647058823528 15021.973290075342 375.5493322518835 31.6 31.6 84.0 2153.0 67.28125
5448.004885589796 40.0 0.0 2179.0 128.17647058823528 15022.973290075342 375.5743322518835 31.6 31.6 84.0 2153.0 67.28125
5449.003797505014 40.0 0.0 2179.0 128.17647058823528 15025.58534747672 375.639633686918 31.6 31.6 84.0 2153.0 67.28125
5450.004885589796 40.0 0.0 2179.0 128.17647058823528 15026.58534747672 375.66463368691797 31.6 31.6 84.0 2153.0 67.28125
5451.003797505014 40.0 0.0 2179.0 128.17647058823528 15028.58534747672 375.714633686918 31.6 31.6 84.0 2153.0 67.28125
5452.004885589796 40.0 0.0 2179.0 128.17647058823528 15029.58534747672 375.739633686918 31.6 31.6 84.0 2153.0 67.28125
5453.003797505014 40.0 0.0 2179.0 128.17647058823528 15031.560528744705 375.7890132186176 31.6 31.6 84.0 2153.0 67.28125
5454.004885589796 40.0 0.0 2179.0 128.17647058823528 15032.560528744705 375.81401321861756 31.6 31.6 84.0 2153.0 67.28125
5455.003797505014 40.0 0.0 2179.0 128.17647058823528 15033.560528744705 375.8390132186176 31.6 31.6 84.0 2153.0 67.28125
5456.004885589796 40.0 0.0 2179.0 128.17647058823528 15034.560528744705 375.8640132186176 31.6 31.6 84.0 2153.0 67.28125
5457.003797505014 40.0 0.0 2179.0 128.17647058823528 15035.560528744705 375.8890132186176 31.6 31.6 84.0 2153.0 67.28125
5458.004885589796 40.0 0.0 2179.0 128.17647058823528 15036.560528744705 375.9140132186176 31.6 31.6 84.0 2153.0 67.28125
5459.003797505014 40.0 0.0 2179.0 128.17647058823528 15037.560528744705 375.93901321861756 31.6 31.6 84.0 2153.0 67.28125
5460.004885589796 40.0 0.0 2179.0 128.17647058823528 15038.560528744705 375.9640132186176 31.6 31.6 84.0 2153.0 67.28125
5461.003797505014 40.0 0.0 2179.0 128.17647058823528 15039.560528744705 375.9890132186176 31.6 31.6 84.0 2153.0 67.28125
5462.004885589796 40.0 0.0 2179.0 128.17647058823528 15040.560528744705 376.0140132186176 31.6 31.6 84.0 2153.0 67.28125
5463.003797505014 40.0 0.0 2179.0 128.17647058823528 15041.560528744705 376.0390132186176 31.6 31.6 84.0 2153.0 67.28125
5464.004885589796 40.0 0.0 2179.0 128.17647058823528 15042.560528744705 376.06401321861756 31.6 31.6 84.0 2153.0 67.28125
5465.003797505014 40.0 0.0 2179.0 128.17647058823528 15043.560528744705 376.0890132186176 31.6 31.6 84.0 2153.0 67.28125
5466.004885589796 40.0 0.0 2179.0 128.17647058823528 15044.560528744705 376.1140132186176 31.6 31.6 84.0 2153.0 67.28125
5467.003797505014 40.0 0.0 2179.0 128.17647058823528 15045.560528744705 376.1390132186176 31.6 31.6 84.0 2153.0 67.28125
5468.004885589796 40.0 0.0 2179.0 128.17647058823528 15046.560528744705 376.1640132186176 31.6 31.6 84.0 2153.0 67.28125
5469.003797505014 40.0 0.0 2179.0 128.17647058823528 15047.560528744705 376.18901321861756 31.6 31.6 84.0 2153.0 67.28125
5470.004885589796 40.0 0.0 2179.0 128.17647058823528 15048.317639306058 376.20794098265145 31.6 31.6 84.0 2153.0 67.28125
5471.003797505014 40.0 0.0 2179.0 128.17647058823528 15049.317639306058 376.2329409826514 31.6 31.6 84.0 2153.0 67.28125
5472.004885589796 40.0 0.0 2179.0 128.17647058823528 15049.317639306058 376.2329409826514 31.6 31.6 84.0 2153.0 67.28125
5473.003797505014 40.0 0.0 2179.0 128.17647058823528 15050.317639306058 376.25794098265146 32.1 32.1 84.0 2153.0 67.28125
5474.004885589796 40.0 0.0 2179.0 128.17647058823528 15050.317639306058 376.25794098265146 32.525 32.525 84.0 2153.0 67.28125
5475.003797505014 40.0 0.0 2179.0 128.17647058823528 15051.317639306058 376.28294098265144 33.35 33.35 84.0 2153.0 67.28125
5476.004885589796 40.0 0.0 2179.0 128.17647058823528 15051.317639306058 376.28294098265144 33.35 33.35 84.0 2153.0 67.28125
5477.003797505014 40.0 0.0 2179.0 128.17647058823528 15052.317639306058 376.3079409826514 33.35 33.35 84.0 2153.0 67.28125
5478.004885589796 40.0 0.0 2179.0 128.17647058823528 15052.317639306058 376.3079409826514 33.35 33.35 84.0 2153.0 67.28125
5479.003797505014 40.0 0.0 2179.0 128.17647058823528 15053.317639306058 376.33294098265145 33.35 33.35 84.0 2153.0 67.28125
5480.004885589796 40.0 0.0 2179.0 128.17647058823528 15053.317639306058 376.33294098265145 33.35 33.35 84.0 2153.0 67.28125
5481.003797505014 40.0 0.0 2179.0 128.17647058823528 15054.317639306058 376.3579409826514 33.35 33.35 84.0 2153.0 67.28125
5482.004885589796 40.0 0.0 2179.0 128.17647058823528 15054.317639306058 376.3579409826514 33.35 33.35 84.0 2153.0 67.28125
5483.003797505014 40.0 0.0 2179.0 128.17647058823528 15055.317639306058 376.38294098265146 33.35 33.35 84.0 2153.0 67.28125
5484.004885589796 40.0 0.0 2179.0 128.17647058823528 15055.317639306058 376.38294098265146 33.35 33.35 84.0 2153.0 67.28125
5485.003797505014 40.0 0.0 2179.0 128.17647058823528 15056.317639306058 376.40794098265144 33.35 33.35 84.0 2153.0 67.28125
5486.004885589796 40.0 0.0 2179.0 128.17647058823528 15056.317639306058 376.40794098265144 33.35 33.35 84.0 2153.0 67.28125
5487.003797505014 40.0 0.0 2179.0 128.17647058823528 15057.317639306058 376.4329409826514 33.35 33.35 84.0 2153.0 67.28125
5488.004885589796 40.0 0.0 2179.0 128.17647058823528 15057.317639306058 376.4329409826514 33.35 33.35 84.0 2153.0 67.28125
5489.003797505014 40.0 0.0 2179.0 128.17647058823528 15058.317639306058 376.45794098265145 33.35 33.35 84.0 2153.0 67.28125
5490.004885589796 40.0 0.0 2179.0 128.17647058823528 15058.317639306058 376.45794098265145 33.35 33.35 84.0 2153.0 67.28125
5491.003797505014 40.0 0.0 2179.0 128.17647058823528 15059.317639306058 376.4829409826514 33.35 33.35 84.0 2153.0 67.28125
5492.004885589796 40.0 0.0 2179.0 128.17647058823528 15059.317639306058 376.4829409826514 33.35 33.35 84.0 2153.0 67.28125
5493.003797505014 40.0 0.0 2179.0 128.17647058823528 15060.317639306058 376.50794098265146 33.35 33.35 84.0 2153.0 67.28125
5494.004885589796 40.0 0.0 2179.0 128.17647058823528 15060.317639306058 376.50794098265146 33.35 33.35 84.0 2153.0 67.28125
5495.003797505014 40.0 0.0 2179.0 128.17647058823528 15061.317639306058 376.53294098265144 33.35 33.35 84.0 2153.0 67.28125
5496.004885589796 40.0 0.0 2179.0 128.17647058823528 15061.317639306058 376.53294098265144 33.35 33.35 84.0 2153.0 67.28125
5497.003797505014 40.0 0.0 2179.0 128.17647058823528 15062.317639306058 376.5579409826514 33.35 33.35 84.0 2153.0 67.28125
5498.004885589796 40.0 0.0 2179.0 128.17647058823528 15062.317639306058 376.5579409826514 33.35 33.35 84.0 2153.0 67.28125
5499.003797505014 40.0 0.0 2179.0 128.17647058823528 15063.317639306058 376.58294098265145 33.35 33.35 84.0 2153.0 67.28125
5500.004885589796 40.0 0.0 2179.0 128.17647058823528 15063.317639306058 376.58294098265145 33.35 33.35 84.0 2153.0 67.28125
5501.003797505014 40.0 0.0 2179.0 128.17647058823528 15064.317639306058 376.6079409826514 33.35 33.35 84.0 2153.0 67.28125
5502.004885589796 40.0 0.0 2179.0 128.17647058823528 15064.317639306058 376.6079409826514 33.35 33.35 84.0 2153.0 67.28125
5503.003797505014 40.0 0.0 2179.0 128.17647058823528 15065.317639306058 376.63294098265146 33.35 33.35 84.0 2153.0 67.28125
5504.004885589796 40.0 0.0 2179.0 128.17647058823528 15065.317639306058 376.63294098265146 33.35 33.35 84.0 2153.0 67.28125
5505.003797505014 40.0 0.0 2179.0 128.17647058823528 15066.317639306058 376.65794098265144 33.35 33.35 84.0 2153.0 67.28125
5506.004885589796 40.0 0.0 2179.0 128.17647058823528 15066.317639306058 376.65794098265144 33.35 33.35 84.0 2153.0 67.28125
5507.003797505014 40.0 0.0 2179.0 128.17647058823528 15067.317639306058 376.6829409826514 33.35 33.35 84.0 2153.0 67.28125
5508.004885589796 40.0 0.0 2179.0 128.17647058823528 15067.317639306058 376.6829409826514 33.35 33.35 84.0 2153.0 67.28125
5509.003797505014 40.0 0.0 2179.0 128.17647058823528 15068.317639306058 376.70794098265145 33.35 33.35 84.0 2153.0 67.28125
5510.004885589796 40.0 0.0 2179.0 128.17647058823528 15068.317639306058 376.70794098265145 33.35 33.35 84.0 2153.0 67.28125
5511.003797505014 40.0 0.0 2179.0 128.17647058823528 15069.317639306058 376.7329409826514 33.35 33.35 84.0 2153.0 67.28125
5512.004885589796 40.0 0.0 2179.0 128.17647058823528 15069.317639306058 376.7329409826514 33.35 33.35 84.0 2153.0 67.28125
5513.003797505014 40.0 0.0 2179.0 128.17647058823528 15070.074688154617 376.7518672038654 33.35 33.35 84.0 2153.0 67.28125
5514.004885589796 40.0 0.0 2179.0 128.17647058823528 15070.074688154617 376.7518672038654 33.35 33.35 84.0 2153.0 67.28125
5515.003797505014 40.0 0.0 2179.0 128.17647058823528 15070.074688154617 376.7518672038654 33.35 33.35 84.0 2153.0 67.28125
5516.004885589796 40.0 0.0 2179.0 128.17647058823528 15070.074688154617 376.7518672038654 33.35 33.35 84.0 2153.0 67.28125
5517.003797505014 40.0 0.0 2179.0 128.17647058823528 15070.074688154617 376.7518672038654 33.35 33.35 84.0 2153.0 67.28125
5518.004885589796 40.0 0.0 2179.0 128.17647058823528 15070.074688154617 376.7518672038654 33.35 33.35 84.0 2153.0 67.28125
5519.003797505014 40.0 0.0 2179.0 128.17647058823528 15070.074688154617 376.7518672038654 33.35 33.35 84.0 2153.0 67.28125
5520.004885589796 40.0 0.0 2179.0 128.17647058823528 15070.074688154617 376.7518672038654 33.35 33.35 84.0 2153.0 67.28125
5521.003797505014 40.0 0.0 2179.0 128.17647058823528 15070.074688154617 376.7518672038654 33.35 33.35 84.0 2153.0 67.28125
5522.004885589796 40.0 0.0 2179.0 128.17647058823528 15070.074688154617 376.7518672038654 33.35 33.35 84.0 2153.0 67.28125
5523.003797505014 40.0 0.0 2179.0 128.17647058823528 15070.074688154617 376.7518672038654 33.35 33.35 84.0 2153.0 67.28125
5524.004885589796 40.0 0.0 2179.0 128.17647058823528 15070.074688154617 376.7518672038654 33.35 33.35 84.0 2153.0 67.28125
5525.003797505014 40.0 0.0 2179.0 128.17647058823528 15070.074688154617 376.7518672038654 33.35 33.35 84.0 2153.0 67.28125
5526.004885589796 40.0 0.0 2179.0 128.17647058823528 15070.074688154617 376.7518672038654 33.35 33.35 84.0 2153.0 67.28125
5527.003797505014 40.0 0.0 2179.0 128.17647058823528 15070.074688154617 376.7518672038654 33.35 33.35 84.0 2153.0 67.28125
5528.004885589796 40.0 0.0 2179.0 128.17647058823528 15070.074688154617 376.7518672038654 33.35 33.35 84.0 2153.0 67.28125
5529.003797505014 40.0 0.0 2179.0 128.17647058823528 15070.074688154617 376.7518672038654 33.35 33.35 84.0 2153.0 67.28125
5530.004885589796 40.0 0.0 2179.0 128.17647058823528 15070.074688154617 376.7518672038654 33.35 33.35 84.0 2153.0 67.28125
5531.003797505014 40.0 0.0 2179.0 128.17647058823528 15070.074688154617 376.7518672038654 33.35 33.35 84.0 2153.0 67.28125
5532.004885589796 40.0 0.0 2179.0 128.17647058823528 15070.074688154617 376.7518672038654 33.35 33.35 84.0 2153.0 67.28125
5533.003797505014 40.0 0.0 2179.0 128.17647058823528 15070.074688154617 376.7518672038654 33.35 33.35 84.0 2153.0 67.28125
5534.004885589796 40.0 0.0 2179.0 128.17647058823528 15070.074688154617 376.7518672038654 33.35 33.35 84.0 2153.0 67.28125
5535.003797505014 40.0 0.0 2179.0 128.17647058823528 15070.074688154617 376.7518672038654 33.35 33.35 84.0 2153.0 67.28125
5536.004885589796 40.0 0.0 2179.0 128.17647058823528 15070.074688154617 376.7518672038654 33.35 33.35 84.0 2153.0 67.28125
5537.003797505014 40.0 0.0 2179.0 128.17647058823528 15070.074688154617 376.7518672038654 33.35 33.35 84.0 2153.0 67.28125
5538.004885589796 40.0 0.0 2179.0 128.17647058823528 15070.074688154617 376.7518672038654 33.35 33.35 84.0 2153.0 67.28125
5539.003797505014 40.0 0.0 2179.0 128.17647058823528 15070.074688154617 376.7518672038654 33.35 33.35 84.0 2153.0 67.28125
5540.004885589796 40.0 0.0 2179.0 128.17647058823528 15070.074688154617 376.7518672038654 33.35 33.35 84.0 2153.0 67.28125
5541.003797505014 40.0 0.0 2179.0 128.17647058823528 15070.074688154617 376.7518672038654 33.35 33.35 84.0 2153.0 67.28125
5542.004885589796 40.0 0.0 2179.0 128.17647058823528 15070.074688154617 376.7518672038654 33.35 33.35 84.0 2153.0 67.28125
5543.003797505014 40.0 0.0 2179.0 128.17647058823528 15070.074688154617 376.7518672038654 33.35 33.35 84.0 2153.0 67.28125
5544.004885589796 40.0 0.0 2179.0 128.17647058823528 15070.074688154617 376.7518672038654 33.35 33.35 84.0 2153.0 67.28125
5545.003797505014 40.0 0.0 2179.0 128.17647058823528 15070.074688154617 376.7518672038654 33.35 33.35 84.0 2153.0 67.28125
5546.004885589796 40.0 0.0 2179.0 128.17647058823528 15070.074688154617 376.7518672038654 33.35 33.35 84.0 2153.0 67.28125
5547.003797505014 40.0 0.0 2179.0 128.17647058823528 15070.074688154617 376.7518672038654 33.35 33.35 84.0 2153.0 67.28125
5548.004885589796 40.0 0.0 2179.0 128.17647058823528 15070.074688154617 376.7518672038654 33.35 33.35 84.0 2153.0 67.28125
5549.003797505014 40.0 0.0 2179.0 128.17647058823528 15070.074688154617 376.7518672038654 33.35 33.35 84.0 2153.0 67.28125
5550.004885589796 40.0 0.0 2179.0 128.17647058823528 15070.074688154617 376.7518672038654 33.35 33.35 84.0 2153.0 67.28125
5551.003797505014 40.0 0.0 2179.0 128.17647058823528 15070.074688154617 376.7518672038654 33.35 33.35 84.0 2153.0 67.28125
5552.004885589796 40.0 0.0 2179.0 128.17647058823528 15070.074688154617 376.7518672038654 33.35 33.35 84.0 2153.0 67.28125
5553.003797505014 40.0 0.0 2179.0 128.17647058823528 15070.074688154617 376.7518672038654 33.35 33.35 84.0 2153.0 67.28125
5554.004885589796 40.0 0.0 2179.0 128.17647058823528 15070.074688154617 376.7518672038654 33.35 33.35 84.0 2153.0 67.28125
5555.003797505014 40.0 0.0 2179.0 128.17647058823528 15070.074688154617 376.7518672038654 33.35 33.35 84.0 2153.0 67.28125
5556.004885589796 40.0 0.0 2179.0 128.17647058823528 15070.074688154617 376.7518672038654 33.35 33.35 84.0 2153.0 67.28125
5557.003797505014 40.0 0.0 2179.0 128.17647058823528 15070.074688154617 376.7518672038654 33.35 33.35 84.0 2153.0 67.28125
5558.004885589796 40.0 0.0 2179.0 128.17647058823528 15070.074688154617 376.7518672038654 33.35 33.35 84.0 2153.0 67.28125
5559.003797505014 40.0 0.0 2179.0 128.17647058823528 15070.074688154617 376.7518672038654 33.35 33.35 84.0 2153.0 67.28125
5560.004885589796 40.0 0.0 2179.0 128.17647058823528 15070.074688154617 376.7518672038654 33.35 33.35 84.0 2153.0 67.28125
5561.003797505014 40.0 0.0 2179.0 128.17647058823528 15070.074688154617 376.7518672038654 33.35 33.35 84.0 2153.0 67.28125
5562.004885589796 40.0 0.0 2179.0 128.17647058823528 15070.074688154617 376.7518672038654 33.35 33.35 84.0 2153.0 67.28125
5563.003797505014 40.0 0.0 2179.0 128.17647058823528 15070.074688154617 376.7518672038654 33.35 33.35 84.0 2153.0 67.28125
5564.004885589796 40.0 0.0 2179.0 128.17647058823528 15070.074688154617 376.7518672038654 33.35 33.35 84.0 2153.0 67.28125
5565.003797505014 40.0 0.0 2179.0 128.17647058823528 15070.074688154617 376.7518672038654 33.35 33.35 84.0 2153.0 67.28125
5566.004885589796 40.0 0.0 2179.0 128.17647058823528 15070.074688154617 376.7518672038654 33.35 33.35 84.0 2153.0 67.28125
5567.003797505014 40.0 0.0 2179.0 128.17647058823528 15070.074688154617 376.7518672038654 33.35 33.35 84.0 2153.0 67.28125
5568.004885589796 40.0 0.0 2179.0 128.17647058823528 15070.074688154617 376.7518672038654 33.35 33.35 84.0 2153.0 67.28125
5569.003797505014 40.0 0.0 2179.0 128.17647058823528 15070.074688154617 376.7518672038654 33.35 33.35 84.0 2153.0 67.28125
5570.004885589796 40.0 0.0 2179.0 128.17647058823528 15070.074688154617 376.7518672038654 33.35 33.35 84.0 2153.0 67.28125
5571.003797505014 40.0 0.0 2179.0 128.17647058823528 15070.074688154617 376.7518672038654 33.35 33.35 84.0 2153.0 67.28125
5572.004885589796 40.0 0.0 2179.0 128.17647058823528 15070.074688154617 376.7518672038654 33.35 33.35 84.0 2153.0 67.28125
5573.003797505014 40.0 0.0 2179.0 128.17647058823528 15070.074688154617 376.7518672038654 33.35 33.35 84.0 2153.0 67.28125
5574.004885589796 40.0 0.0 2179.0 128.17647058823528 15070.074688154617 376.7518672038654 33.35 33.35 84.0 2153.0 67.28125
5575.003797505014 40.0 0.0 2179.0 128.17647058823528 15070.074688154617 376.7518672038654 33.35 33.35 84.0 2153.0 67.28125
5576.004885589796 40.0 0.0 2179.0 128.17647058823528 15070.074688154617 376.7518672038654 33.35 33.35 84.0 2153.0 67.28125
5577.003797505014 40.0 0.0 2179.0 128.17647058823528 15070.074688154617 376.7518672038654 33.35 33.35 84.0 2153.0 67.28125
5578.004885589796 40.0 0.0 2179.0 128.17647058823528 15070.074688154617 376.7518672038654 33.35 33.35 84.0 2153.0 67.28125
5579.003797505014 40.0 0.0 2179.0 128.17647058823528 15070.074688154617 376.7518672038654 33.35 33.35 84.0 2153.0 67.28125
5580.004885589796 40.0 0.0 2179.0 128.17647058823528 15070.074688154617 376.7518672038654 33.35 33.35 84.0 2153.0 67.28125
5581.003797505014 40.0 0.0 2179.0 128.17647058823528 15070.074688154617 376.7518672038654 33.35 33.35 84.0 2153.0 67.28125
5582.004885589796 40.0 0.0 2179.0 128.17647058823528 15070.074688154617 376.7518672038654 33.35 33.35 84.0 2153.0 67.28125
5583.003797505014 40.0 0.0 2179.0 128.17647058823528 15070.074688154617 376.7518672038654 33.35 33.35 84.0 2153.0 67.28125
5584.004885589796 40.0 0.0 2179.0 128.17647058823528 15070.074688154617 376.7518672038654 33.35 33.35 84.0 2153.0 67.28125
5585.003797505014 40.0 0.0 2179.0 128.17647058823528 15070.074688154617 376.7518672038654 33.35 33.35 84.0 2153.0 67.28125
5586.004885589796 40.0 0.0 2179.0 128.17647058823528 15070.074688154617 376.7518672038654 33.35 33.35 84.0 2153.0 67.28125
5587.003797505014 40.0 0.0 2179.0 128.17647058823528 15070.074688154617 376.7518672038654 33.35 33.35 84.0 2153.0 67.28125
5588.004885589796 40.0 0.0 2179.0 128.17647058823528 15070.074688154617 376.7518672038654 33.35 33.35 84.0 2153.0 67.28125
5589.003797505014 40.0 0.0 2179.0 128.17647058823528 15070.074688154617 376.7518672038654 33.35 33.35 84.0 2153.0 67.28125
5590.004885589796 40.0 0.0 2179.0 128.17647058823528 15070.074688154617 376.7518672038654 33.35 33.35 84.0 2153.0 67.28125
5591.003797505014 40.0 0.0 2179.0 128.17647058823528 15070.074688154617 376.7518672038654 33.35 33.35 84.0 2153.0 67.28125
5592.004885589796 40.0 0.0 2179.0 128.17647058823528 15070.074688154617 376.7518672038654 33.35 33.35 84.0 2153.0 67.28125
5593.003797505014 40.0 0.0 2179.0 128.17647058823528 15070.074688154617 376.7518672038654 33.35 33.35 84.0 2153.0 67.28125
5594.004885589796 40.0 0.0 2179.0 128.17647058823528 15070.074688154617 376.7518672038654 33.35 33.35 84.0 2153.0 67.28125
5595.003797505014 40.0 0.0 2179.0 128.17647058823528 15070.074688154617 376.7518672038654 33.35 33.35 84.0 2153.0 67.28125
5596.004885589796 40.0 0.0 2179.0 128.17647058823528 15070.074688154617 376.7518672038654 33.35 33.35 84.0 2153.0 67.28125
5597.003797505014 40.0 0.0 2179.0 128.17647058823528 15070.074688154617 376.7518672038654 33.35 33.35 84.0 2153.0 67.28125
5598.004885589796 40.0 0.0 2179.0 128.17647058823528 15070.074688154617 376.7518672038654 33.35 33.35 84.0 2153.0 67.28125
5599.003797505014 40.0 0.0 2179.0 128.17647058823528 15070.074688154617 376.7518672038654 33.35 33.35 84.0 2153.0 67.28125
5600.004885589796 40.0 0.0 2179.0 128.17647058823528 15070.074688154617 376.7518672038654 33.35 33.35 84.0 2153.0 67.28125
5601.003797505014 40.0 0.0 2179.0 128.17647058823528 15070.074688154617 376.7518672038654 33.35 33.35 84.0 2153.0 67.28125
5602.004885589796 40.0 0.0 2179.0 128.17647058823528 15070.074688154617 376.7518672038654 33.35 33.35 84.0 2153.0 67.28125
5603.003797505014 40.0 0.0 2179.0 128.17647058823528 15070.074688154617 376.7518672038654 33.35 33.35 84.0 2153.0 67.28125
5604.004885589796 40.0 0.0 2179.0 128.17647058823528 15070.074688154617 376.7518672038654 33.35 33.35 84.0 2153.0 67.28125
5605.003797505014 40.0 0.0 2179.0 128.17647058823528 15070.074688154617 376.7518672038654 33.35 33.35 84.0 2153.0 67.28125
5606.004885589796 40.0 0.0 2179.0 128.17647058823528 15070.074688154617 376.7518672038654 33.35 33.35 84.0 2153.0 67.28125
5607.003797505014 40.0 0.0 2179.0 128.17647058823528 15070.074688154617 376.7518672038654 33.35 33.35 84.0 2153.0 67.28125
5608.004885589796 40.0 0.0 2179.0 128.17647058823528 15070.074688154617 376.7518672038654 33.35 33.35 84.0 2153.0 67.28125
5609.003797505014 40.0 0.0 2179.0 128.17647058823528 15070.074688154617 376.7518672038654 33.35 33.35 84.0 2153.0 67.28125
5610.004885589796 40.0 0.0 2179.0 128.17647058823528 15070.074688154617 376.7518672038654 33.35 33.35 84.0 2153.0 67.28125
5611.003797505014 40.0 0.0 2179.0 128.17647058823528 15070.074688154617 376.7518672038654 33.35 33.35 84.0 2153.0 67.28125
5612.004885589796 40.0 0.0 2179.0 128.17647058823528 15070.074688154617 376.7518672038654 33.35 33.35 84.0 2153.0 67.28125
5613.003797505014 40.0 0.0 2179.0 128.17647058823528 15070.074688154617 376.7518672038654 33.35 33.35 84.0 2153.0 67.28125
5614.004885589796 40.0 0.0 2179.0 128.17647058823528 15070.074688154617 376.7518672038654 33.35 33.35 84.0 2153.0 67.28125
5615.003797505014 40.0 0.0 2179.0 128.17647058823528 15070.074688154617 376.7518672038654 33.35 33.35 84.0 2153.0 67.28125
5616.004885589796 40.0 0.0 2179.0 128.17647058823528 15070.074688154617 376.7518672038654 33.35 33.35 84.0 2153.0 67.28125
5617.003797505014 40.0 0.0 2179.0 128.17647058823528 15070.074688154617 376.7518672038654 33.35 33.35 84.0 2153.0 67.28125
5618.004885589796 40.0 0.0 2179.0 128.17647058823528 15070.074688154617 376.7518672038654 33.35 33.35 84.0 2153.0 67.28125
5619.003797505014 40.0 0.0 2179.0 128.17647058823528 15070.074688154617 376.7518672038654 33.35 33.35 84.0 2153.0 67.28125
5620.004885589796 40.0 0.0 2179.0 128.17647058823528 15070.074688154617 376.7518672038654 33.35 33.35 84.0 2153.0 67.28125
5621.003797505014 40.0 0.0 2179.0 128.17647058823528 15070.074688154617 376.7518672038654 33.35 33.35 84.0 2153.0 67.28125
5622.004885589796 40.0 0.0 2179.0 128.17647058823528 15070.074688154617 376.7518672038654 33.35 33.35 84.0 2153.0 67.28125
5623.003797505014 40.0 0.0 2179.0 128.17647058823528 15070.074688154617 376.7518672038654 33.35 33.35 84.0 2153.0 67.28125
5624.004885589796 40.0 0.0 2179.0 128.17647058823528 15070.074688154617 376.7518672038654 33.35 33.35 84.0 2153.0 67.28125
5625.003797505014 40.0 0.0 2179.0 128.17647058823528 15070.074688154617 376.7518672038654 33.35 33.35 84.0 2153.0 67.28125
5626.004885589796 40.0 0.0 2179.0 128.17647058823528 15070.074688154617 376.7518672038654 33.35 33.35 84.0 2153.0 67.28125
5627.003797505014 40.0 0.0 2179.0 128.17647058823528 15070.074688154617 376.7518672038654 33.35 33.35 84.0 2153.0 67.28125
5628.004885589796 40.0 0.0 2179.0 128.17647058823528 15070.074688154617 376.7518672038654 33.35 33.35 84.0 2153.0 67.28125
5629.003797505014 40.0 0.0 2179.0 128.17647058823528 15070.074688154617 376.7518672038654 33.35 33.35 84.0 2153.0 67.28125
5630.004885589796 40.0 0.0 2179.0 128.17647058823528 15070.074688154617 376.7518672038654 33.35 33.35 84.0 2153.0 67.28125
5631.003797505014 40.0 0.0 2179.0 128.17647058823528 15070.074688154617 376.7518672038654 33.35 33.35 84.0 2153.0 67.28125
5632.004885589796 40.0 0.0 2179.0 128.17647058823528 15070.074688154617 376.7518672038654 33.35 33.35 84.0 2153.0 67.28125
5633.003797505014 40.0 0.0 2179.0 128.17647058823528 15070.074688154617 376.7518672038654 33.35 33.35 84.0 2153.0 67.28125
5634.004885589796 40.0 0.0 2179.0 128.17647058823528 15070.074688154617 376.7518672038654 33.35 33.35 84.0 2153.0 67.28125
5635.003797505014 40.0 0.0 2179.0 128.17647058823528 15070.074688154617 376.7518672038654 33.35 33.35 84.0 2153.0 67.28125
5636.004885589796 40.0 0.0 2179.0 128.17647058823528 15070.074688154617 376.7518672038654 33.35 33.35 84.0 2153.0 67.28125
5637.003797505014 40.0 0.0 2179.0 128.17647058823528 15070.074688154617 376.7518672038654 33.35 33.35 84.0 2153.0 67.28125
5638.004885589796 40.0 0.0 2179.0 128.17647058823528 15070.074688154617 376.7518672038654 33.35 33.35 84.0 2153.0 67.28125
5639.003797505014 40.0 0.0 2179.0 128.17647058823528 15070.074688154617 376.7518672038654 33.35 33.35 84.0 2153.0 67.28125
5640.004885589796 40.0 0.0 2179.0 128.17647058823528 15070.074688154617 376.7518672038654 33.35 33.35 84.0 2153.0 67.28125
5641.003797505014 40.0 0.0 2179.0 128.17647058823528 15070.074688154617 376.7518672038654 33.35 33.35 84.0 2153.0 67.28125
5642.004885589796 40.0 0.0 2179.0 128.17647058823528 15070.074688154617 376.7518672038654 33.35 33.35 84.0 2153.0 67.28125
5643.003797505014 40.0 0.0 2179.0 128.17647058823528 15070.074688154617 376.7518672038654 33.35 33.35 84.0 2153.0 67.28125
5644.004885589796 40.0 0.0 2179.0 128.17647058823528 15070.074688154617 376.7518672038654 33.35 33.35 84.0 2153.0 67.28125
5645.003797505014 40.0 0.0 2179.0 128.17647058823528 15070.074688154617 376.7518672038654 33.35 33.35 84.0 2153.0 67.28125
5646.004885589796 40.0 0.0 2179.0 128.17647058823528 15070.074688154617 376.7518672038654 33.35 33.35 84.0 2153.0 67.28125
5647.003797505014 40.0 0.0 2179.0 128.17647058823528 15070.074688154617 376.7518672038654 33.35 33.35 84.0 2153.0 67.28125
5648.004885589796 40.0 0.0 2179.0 128.17647058823528 15070.074688154617 376.7518672038654 33.35 33.35 84.0 2153.0 67.28125
5649.003797505014 40.0 0.0 2179.0 128.17647058823528 15070.074688154617 376.7518672038654 33.35 33.35 84.0 2153.0 67.28125
5650.004885589796 40.0 0.0 2179.0 128.17647058823528 15070.074688154617 376.7518672038654 33.35 33.35 84.0 2153.0 67.28125
5651.003797505014 40.0 0.0 2179.0 128.17647058823528 15070.074688154617 376.7518672038654 33.35 33.35 84.0 2153.0 67.28125
5652.004885589796 40.0 0.0 2179.0 128.17647058823528 15070.074688154617 376.7518672038654 33.35 33.35 84.0 2153.0 67.28125
5653.003797505014 40.0 0.0 2179.0 128.17647058823528 15070.074688154617 376.7518672038654 33.35 33.35 84.0 2153.0 67.28125
5654.004885589796 40.0 0.0 2179.0 128.17647058823528 15070.074688154617 376.7518672038654 33.35 33.35 84.0 2153.0 67.28125
5655.003797505014 40.0 0.0 2179.0 128.17647058823528 15070.074688154617 376.7518672038654 33.35 33.35 84.0 2153.0 67.28125
5656.004885589796 40.0 0.0 2179.0 128.17647058823528 15070.074688154617 376.7518672038654 33.35 33.35 84.0 2153.0 67.28125
5657.003797505014 40.0 0.0 2179.0 128.17647058823528 15070.074688154617 376.7518672038654 33.35 33.35 84.0 2153.0 67.28125
5658.004885589796 40.0 0.0 2179.0 128.17647058823528 15070.074688154617 376.7518672038654 33.35 33.35 84.0 2153.0 67.28125
5659.003797505014 40.0 0.0 2179.0 128.17647058823528 15070.074688154617 376.7518672038654 33.35 33.35 84.0 2153.0 67.28125
5660.004885589796 40.0 0.0 2179.0 128.17647058823528 15070.074688154617 376.7518672038654 33.35 33.35 84.0 2153.0 67.28125
5661.003797505014 40.0 0.0 2179.0 128.17647058823528 15070.074688154617 376.7518672038654 33.35 33.35 84.0 2153.0 67.28125
5662.004885589796 40.0 0.0 2179.0 128.17647058823528 15070.074688154617 376.7518672038654 33.35 33.35 84.0 2153.0 67.28125
5663.003797505014 40.0 0.0 2179.0 128.17647058823528 15070.074688154617 376.7518672038654 33.35 33.35 84.0 2153.0 67.28125
5664.004885589796 40.0 0.0 2179.0 128.17647058823528 15070.074688154617 376.7518672038654 33.35 33.35 84.0 2153.0 67.28125
5665.003797505014 40.0 0.0 2179.0 128.17647058823528 15070.074688154617 376.7518672038654 33.35 33.35 84.0 2153.0 67.28125
5666.004885589796 40.0 0.0 2179.0 128.17647058823528 15070.074688154617 376.7518672038654 33.35 33.35 84.0 2153.0 67.28125
5667.003797505014 40.0 0.0 2179.0 128.17647058823528 15070.074688154617 376.7518672038654 33.35 33.35 84.0 2153.0 67.28125
5668.004885589796 40.0 0.0 2179.0 128.17647058823528 15070.074688154617 376.7518672038654 33.35 33.35 84.0 2153.0 67.28125
5669.003797505014 40.0 0.0 2179.0 128.17647058823528 15070.074688154617 376.7518672038654 33.35 33.35 84.0 2153.0 67.28125
5670.004885589796 40.0 0.0 2179.0 128.17647058823528 15070.074688154617 376.7518672038654 33.35 33.35 84.0 2153.0 67.28125
5671.003797505014 40.0 0.0 2179.0 128.17647058823528 15070.074688154617 376.7518672038654 33.35 33.35 84.0 2153.0 67.28125
5672.004885589796 40.0 0.0 2179.0 128.17647058823528 15070.074688154617 376.7518672038654 33.35 33.35 84.0 2153.0 67.28125
5673.003797505014 40.0 0.0 2179.0 128.17647058823528 15070.074688154617 376.7518672038654 33.35 33.35 84.0 2153.0 67.28125
5674.004885589796 40.0 0.0 2179.0 128.17647058823528 15070.074688154617 376.7518672038654 33.35 33.35 84.0 2153.0 67.28125
5675.003797505014 40.0 0.0 2179.0 128.17647058823528 15070.074688154617 376.7518672038654 33.35 33.35 84.0 2153.0 67.28125
5676.004885589796 40.0 0.0 2179.0 128.17647058823528 15070.074688154617 376.7518672038654 33.35 33.35 84.0 2153.0 67.28125
5677.003797505014 40.0 0.0 2179.0 128.17647058823528 15070.074688154617 376.7518672038654 33.35 33.35 84.0 2153.0 67.28125
5678.004885589796 40.0 0.0 2179.0 128.17647058823528 15070.074688154617 376.7518672038654 33.35 33.35 84.0 2153.0 67.28125
5679.003797505014 40.0 0.0 2179.0 128.17647058823528 15070.074688154617 376.7518672038654 33.35 33.35 84.0 2153.0 67.28125
5680.004885589796 40.0 0.0 2179.0 128.17647058823528 15070.074688154617 376.7518672038654 33.35 33.35 84.0 2153.0 67.28125
5681.003797505014 40.0 0.0 2179.0 128.17647058823528 15070.074688154617 376.7518672038654 33.35 33.35 84.0 2153.0 67.28125
5682.004885589796 40.0 0.0 2179.0 128.17647058823528 15070.074688154617 376.7518672038654 33.35 33.35 84.0 2153.0 67.28125
5683.003797505014 40.0 0.0 2179.0 128.17647058823528 15070.074688154617 376.7518672038654 33.35 33.35 84.0 2153.0 67.28125
5684.004885589796 40.0 0.0 2179.0 128.17647058823528 15070.074688154617 376.7518672038654 33.35 33.35 84.0 2153.0 67.28125
5685.003797505014 40.0 0.0 2179.0 128.17647058823528 15070.074688154617 376.7518672038654 33.35 33.35 84.0 2153.0 67.28125
5686.004885589796 40.0 0.0 2179.0 128.17647058823528 15070.074688154617 376.7518672038654 33.35 33.35 84.0 2153.0 67.28125
5687.003797505014 40.0 0.0 2179.0 128.17647058823528 15070.074688154617 376.7518672038654 33.35 33.35 84.0 2153.0 67.28125
5688.004885589796 40.0 0.0 2179.0 128.17647058823528 15070.074688154617 376.7518672038654 33.35 33.35 84.0 2153.0 67.28125
5689.003797505014 40.0 0.0 2179.0 128.17647058823528 15070.074688154617 376.7518672038654 33.35 33.35 84.0 2153.0 67.28125
5690.004885589796 40.0 0.0 2179.0 128.17647058823528 15070.074688154617 376.7518672038654 33.35 33.35 84.0 2153.0 67.28125
5691.003797505014 40.0 0.0 2179.0 128.17647058823528 15070.074688154617 376.7518672038654 33.35 33.35 84.0 2153.0 67.28125
5692.004885589796 40.0 0.0 2179.0 128.17647058823528 15070.074688154617 376.7518672038654 33.35 33.35 84.0 2153.0 67.28125
5693.003797505014 40.0 0.0 2179.0 128.17647058823528 15070.074688154617 376.7518672038654 33.35 33.35 84.0 2153.0 67.28125
5694.004885589796 40.0 0.0 2179.0 128.17647058823528 15070.074688154617 376.7518672038654 33.35 33.35 84.0 2153.0 67.28125
5695.003797505014 40.0 0.0 2179.0 128.17647058823528 15070.074688154617 376.7518672038654 33.35 33.35 84.0 2153.0 67.28125
5696.004885589796 40.0 0.0 2179.0 128.17647058823528 15070.074688154617 376.7518672038654 33.35 33.35 84.0 2153.0 67.28125
5697.003797505014 40.0 0.0 2179.0 128.17647058823528 15070.074688154617 376.7518672038654 33.35 33.35 84.0 2153.0 67.28125
5698.004885589796 40.0 0.0 2179.0 128.17647058823528 15070.074688154617 376.7518672038654 33.35 33.35 84.0 2153.0 67.28125
5699.003797505014 40.0 0.0 2179.0 128.17647058823528 15070.074688154617 376.7518672038654 33.35 33.35 84.0 2153.0 67.28125
5700.004885589796 40.0 0.0 2179.0 128.17647058823528 15070.074688154617 376.7518672038654 33.35 33.35 84.0 2153.0 67.28125
5701.003797505014 40.0 0.0 2179.0 128.17647058823528 15070.074688154617 376.7518672038654 33.35 33.35 84.0 2153.0 67.28125
5702.004885589796 40.0 0.0 2179.0 128.17647058823528 15070.074688154617 376.7518672038654 33.35 33.35 84.0 2153.0 67.28125
5703.003797505014 40.0 0.0 2179.0 128.17647058823528 15070.074688154617 376.7518672038654 33.35 33.35 84.0 2153.0 67.28125
5704.004885589796 40.0 0.0 2179.0 128.17647058823528 15070.074688154617 376.7518672038654 33.35 33.35 84.0 2153.0 67.28125
5705.003797505014 40.0 0.0 2179.0 128.17647058823528 15070.074688154617 376.7518672038654 33.35 33.35 84.0 2153.0 67.28125
5706.004885589796 40.0 0.0 2179.0 128.17647058823528 15070.074688154617 376.7518672038654 33.35 33.35 84.0 2153.0 67.28125
5707.003797505014 40.0 0.0 2179.0 128.17647058823528 15070.074688154617 376.7518672038654 33.35 33.35 84.0 2153.0 67.28125
5708.004885589796 40.0 0.0 2179.0 128.17647058823528 15070.074688154617 376.7518672038654 33.35 33.35 84.0 2153.0 67.28125
5709.003797505014 40.0 0.0 2179.0 128.17647058823528 15070.074688154617 376.7518672038654 33.35 33.35 84.0 2153.0 67.28125
5710.004885589796 40.0 0.0 2179.0 128.17647058823528 15070.074688154617 376.7518672038654 33.35 33.35 84.0 2153.0 67.28125
5711.003797505014 40.0 0.0 2179.0 128.17647058823528 15070.074688154617 376.7518672038654 33.35 33.35 84.0 2153.0 67.28125
5712.004885589796 40.0 0.0 2179.0 128.17647058823528 15070.074688154617 376.7518672038654 33.35 33.35 84.0 2153.0 67.28125
5713.003797505014 40.0 0.0 2179.0 128.17647058823528 15070.074688154617 376.7518672038654 33.35 33.35 84.0 2153.0 67.28125
5714.004885589796 40.0 0.0 2179.0 128.17647058823528 15070.074688154617 376.7518672038654 33.35 33.35 84.0 2153.0 67.28125
5715.003797505014 40.0 0.0 2179.0 128.17647058823528 15070.074688154617 376.7518672038654 33.35 33.35 84.0 2153.0 67.28125
5716.004885589796 40.0 0.0 2179.0 128.17647058823528 15070.074688154617 376.7518672038654 33.35 33.35 84.0 2153.0 67.28125
5717.003797505014 40.0 0.0 2179.0 128.17647058823528 15070.074688154617 376.7518672038654 33.35 33.35 84.0 2153.0 67.28125
5718.004885589796 40.0 0.0 2179.0 128.17647058823528 15070.074688154617 376.7518672038654 33.35 33.35 84.0 2153.0 67.28125
5719.003797505014 40.0 0.0 2179.0 128.17647058823528 15070.074688154617 376.7518672038654 33.35 33.35 84.0 2153.0 67.28125
5720.004885589796 40.0 0.0 2179.0 128.17647058823528 15070.074688154617 376.7518672038654 33.35 33.35 84.0 2153.0 67.28125
5721.003797505014 40.0 0.0 2179.0 128.17647058823528 15070.074688154617 376.7518672038654 33.35 33.35 84.0 2153.0 67.28125
5722.004885589796 40.0 0.0 2179.0 128.17647058823528 15070.074688154617 376.7518672038654 33.35 33.35 84.0 2153.0 67.28125
5723.003797505014 40.0 0.0 2179.0 128.17647058823528 15070.074688154617 376.7518672038654 33.35 33.35 84.0 2153.0 67.28125
5724.004885589796 40.0 0.0 2179.0 128.17647058823528 15070.074688154617 376.7518672038654 33.35 33.35 84.0 2153.0 67.28125
5725.003797505014 40.0 0.0 2179.0 128.17647058823528 15070.074688154617 376.7518672038654 33.35 33.35 84.0 2153.0 67.28125
5726.004885589796 40.0 0.0 2179.0 128.17647058823528 15070.074688154617 376.7518672038654 33.35 33.35 84.0 2153.0 67.28125
5727.003797505014 40.0 0.0 2179.0 128.17647058823528 15070.074688154617 376.7518672038654 33.35 33.35 84.0 2153.0 67.28125
5728.004885589796 40.0 0.0 2179.0 128.17647058823528 15070.074688154617 376.7518672038654 33.35 33.35 84.0 2153.0 67.28125
5729.003797505014 40.0 0.0 2179.0 128.17647058823528 15070.074688154617 376.7518672038654 33.35 33.35 84.0 2153.0 67.28125
5730.004885589796 40.0 0.0 2179.0 128.17647058823528 15070.074688154617 376.7518672038654 33.35 33.35 84.0 2153.0 67.28125
5731.003797505014 40.0 0.0 2179.0 128.17647058823528 15070.074688154617 376.7518672038654 33.35 33.35 84.0 2153.0 67.28125
5732.004885589796 40.0 0.0 2179.0 128.17647058823528 15070.074688154617 376.7518672038654 33.35 33.35 84.0 2153.0 67.28125
5733.003797505014 40.0 0.0 2179.0 128.17647058823528 15070.074688154617 376.7518672038654 33.35 33.35 84.0 2153.0 67.28125
5734.004885589796 40.0 0.0 2179.0 128.17647058823528 15070.074688154617 376.7518672038654 33.35 33.35 84.0 2153.0 67.28125
5735.003797505014 40.0 0.0 2179.0 128.17647058823528 15070.074688154617 376.7518672038654 33.35 33.35 84.0 2153.0 67.28125
5736.004885589796 40.0 0.0 2179.0 128.17647058823528 15070.074688154617 376.7518672038654 33.35 33.35 84.0 2153.0 67.28125
5737.003797505014 40.0 0.0 2179.0 128.17647058823528 15070.074688154617 376.7518672038654 33.35 33.35 84.0 2153.0 67.28125
5738.004885589796 40.0 0.0 2179.0 128.17647058823528 15070.074688154617 376.7518672038654 33.35 33.35 84.0 2153.0 67.28125
5739.003797505014 40.0 0.0 2179.0 128.17647058823528 15070.074688154617 376.7518672038654 33.35 33.35 84.0 2153.0 67.28125
5740.004885589796 40.0 0.0 2179.0 128.17647058823528 15070.074688154617 376.7518672038654 33.35 33.35 84.0 2153.0 67.28125
5741.003797505014 40.0 0.0 2179.0 128.17647058823528 15070.074688154617 376.7518672038654 33.35 33.35 84.0 2153.0 67.28125
5742.004885589796 40.0 0.0 2179.0 128.17647058823528 15070.074688154617 376.7518672038654 33.35 33.35 84.0 2153.0 67.28125
5743.003797505014 40.0 0.0 2179.0 128.17647058823528 15070.074688154617 376.7518672038654 33.35 33.35 84.0 2153.0 67.28125
5744.004885589796 40.0 0.0 2179.0 128.17647058823528 15070.074688154617 376.7518672038654 33.35 33.35 84.0 2153.0 67.28125
5745.003797505014 40.0 0.0 2179.0 128.17647058823528 15070.074688154617 376.7518672038654 33.35 33.35 84.0 2153.0 67.28125
5746.004885589796 40.0 0.0 2179.0 128.17647058823528 15070.074688154617 376.7518672038654 33.35 33.35 84.0 2153.0 67.28125
5747.003797505014 40.0 0.0 2179.0 128.17647058823528 15070.074688154617 376.7518672038654 33.35 33.35 84.0 2153.0 67.28125
5748.004885589796 40.0 0.0 2179.0 128.17647058823528 15070.074688154617 376.7518672038654 33.35 33.35 84.0 2153.0 67.28125
5749.003797505014 40.0 0.0 2179.0 128.17647058823528 15070.074688154617 376.7518672038654 33.35 33.35 84.0 2153.0 67.28125
5750.004885589796 40.0 0.0 2179.0 128.17647058823528 15070.074688154617 376.7518672038654 33.35 33.35 84.0 2153.0 67.28125
5751.003797505014 40.0 0.0 2179.0 128.17647058823528 15070.074688154617 376.7518672038654 33.35 33.35 84.0 2153.0 67.28125
5752.004885589796 40.0 0.0 2179.0 128.17647058823528 15070.074688154617 376.7518672038654 33.35 33.35 84.0 2153.0 67.28125
5753.003797505014 40.0 0.0 2179.0 128.17647058823528 15070.074688154617 376.7518672038654 33.35 33.35 84.0 2153.0 67.28125
5754.004885589796 40.0 0.0 2179.0 128.17647058823528 15070.074688154617 376.7518672038654 33.35 33.35 84.0 2153.0 67.28125
5755.003797505014 40.0 0.0 2179.0 128.17647058823528 15070.074688154617 376.7518672038654 33.35 33.35 84.0 2153.0 67.28125
5756.004885589796 40.0 0.0 2179.0 128.17647058823528 15070.074688154617 376.7518672038654 33.35 33.35 84.0 2153.0 67.28125
5757.003797505014 40.0 0.0 2179.0 128.17647058823528 15070.074688154617 376.7518672038654 33.35 33.35 84.0 2153.0 67.28125
5758.004885589796 40.0 0.0 2179.0 128.17647058823528 15070.074688154617 376.7518672038654 33.35 33.35 84.0 2153.0 67.28125
5759.003797505014 40.0 0.0 2179.0 128.17647058823528 15070.074688154617 376.7518672038654 33.35 33.35 84.0 2153.0 67.28125
5760.004885589796 40.0 0.0 2179.0 128.17647058823528 15070.074688154617 376.7518672038654 33.35 33.35 84.0 2153.0 67.28125
5761.003797505014 40.0 0.0 2179.0 128.17647058823528 15070.074688154617 376.7518672038654 33.35 33.35 84.0 2153.0 67.28125
5762.004885589796 40.0 0.0 2179.0 128.17647058823528 15070.074688154617 376.7518672038654 33.35 33.35 84.0 2153.0 67.28125
5763.003797505014 40.0 0.0 2179.0 128.17647058823528 15070.074688154617 376.7518672038654 33.35 33.35 84.0 2153.0 67.28125
5764.004885589796 40.0 0.0 2179.0 128.17647058823528 15070.074688154617 376.7518672038654 33.35 33.35 84.0 2153.0 67.28125
5765.003797505014 40.0 0.0 2179.0 128.17647058823528 15070.074688154617 376.7518672038654 33.35 33.35 84.0 2153.0 67.28125
5766.004885589796 40.0 0.0 2179.0 128.17647058823528 15070.074688154617 376.7518672038654 33.35 33.35 84.0 2153.0 67.28125
5767.003797505014 40.0 0.0 2179.0 128.17647058823528 15070.074688154617 376.7518672038654 33.35 33.35 84.0 2153.0 67.28125
5768.004885589796 40.0 0.0 2179.0 128.17647058823528 15070.074688154617 376.7518672038654 33.35 33.35 84.0 2153.0 67.28125
5769.003797505014 40.0 0.0 2179.0 128.17647058823528 15070.074688154617 376.7518672038654 33.35 33.35 84.0 2153.0 67.28125
5770.004885589796 40.0 0.0 2179.0 128.17647058823528 15070.074688154617 376.7518672038654 33.35 33.35 84.0 2153.0 67.28125
5771.003797505014 40.0 0.0 2179.0 128.17647058823528 15070.074688154617 376.7518672038654 33.35 33.35 84.0 2153.0 67.28125
5772.004885589796 40.0 0.0 2179.0 128.17647058823528 15070.074688154617 376.7518672038654 33.35 33.35 84.0 2153.0 67.28125
5773.003797505014 40.0 0.0 2179.0 128.17647058823528 15070.074688154617 376.7518672038654 33.35 33.35 84.0 2153.0 67.28125
5774.004885589796 40.0 0.0 2179.0 128.17647058823528 15070.074688154617 376.7518672038654 33.35 33.35 84.0 2153.0 67.28125
5775.003797505014 40.0 0.0 2179.0 128.17647058823528 15070.074688154617 376.7518672038654 33.35 33.35 84.0 2153.0 67.28125
5776.004885589796 40.0 0.0 2179.0 128.17647058823528 15070.074688154617 376.7518672038654 33.35 33.35 84.0 2153.0 67.28125
5777.003797505014 40.0 0.0 2179.0 128.17647058823528 15070.074688154617 376.7518672038654 33.35 33.35 84.0 2153.0 67.28125
5778.004885589796 40.0 0.0 2179.0 128.17647058823528 15070.074688154617 376.7518672038654 33.35 33.35 84.0 2153.0 67.28125
5779.003797505014 40.0 0.0 2179.0 128.17647058823528 15070.074688154617 376.7518672038654 33.35 33.35 84.0 2153.0 67.28125
5780.004885589796 40.0 0.0 2179.0 128.17647058823528 15070.074688154617 376.7518672038654 33.35 33.35 84.0 2153.0 67.28125
5781.003797505014 40.0 0.0 2179.0 128.17647058823528 15070.074688154617 376.7518672038654 33.35 33.35 84.0 2153.0 67.28125
5782.004885589796 40.0 0.0 2179.0 128.17647058823528 15070.074688154617 376.7518672038654 33.35 33.35 84.0 2153.0 67.28125
5783.003797505014 40.0 0.0 2179.0 128.17647058823528 15070.074688154617 376.7518672038654 33.35 33.35 84.0 2153.0 67.28125
5784.004885589796 40.0 0.0 2179.0 128.17647058823528 15070.074688154617 376.7518672038654 33.35 33.35 84.0 2153.0 67.28125
5785.003797505014 40.0 0.0 2179.0 128.17647058823528 15070.074688154617 376.7518672038654 33.35 33.35 84.0 2153.0 67.28125
5786.004885589796 40.0 0.0 2179.0 128.17647058823528 15070.074688154617 376.7518672038654 33.35 33.35 84.0 2153.0 67.28125
5787.003797505014 40.0 0.0 2179.0 128.17647058823528 15070.074688154617 376.7518672038654 33.35 33.35 84.0 2153.0 67.28125
5788.004885589796 40.0 0.0 2179.0 128.17647058823528 15070.074688154617 376.7518672038654 33.35 33.35 84.0 2153.0 67.28125
5789.003797505014 40.0 0.0 2179.0 128.17647058823528 15070.074688154617 376.7518672038654 33.35 33.35 84.0 2153.0 67.28125
5790.004885589796 40.0 0.0 2179.0 128.17647058823528 15070.074688154617 376.7518672038654 33.35 33.35 84.0 2153.0 67.28125
5791.003797505014 40.0 0.0 2179.0 128.17647058823528 15070.074688154617 376.7518672038654 33.35 33.35 84.0 2153.0 67.28125
5792.004885589796 40.0 0.0 2179.0 128.17647058823528 15070.074688154617 376.7518672038654 33.35 33.35 84.0 2153.0 67.28125
5793.003797505014 40.0 0.0 2179.0 128.17647058823528 15070.074688154617 376.7518672038654 33.35 33.35 84.0 2153.0 67.28125
5794.004885589796 40.0 0.0 2179.0 128.17647058823528 15070.074688154617 376.7518672038654 33.35 33.35 84.0 2153.0 67.28125
5795.003797505014 40.0 0.0 2179.0 128.17647058823528 15070.074688154617 376.7518672038654 33.35 33.35 84.0 2153.0 67.28125
5796.004885589796 40.0 0.0 2179.0 128.17647058823528 15070.074688154617 376.7518672038654 33.35 33.35 84.0 2153.0 67.28125
5797.003797505014 40.0 0.0 2179.0 128.17647058823528 15070.074688154617 376.7518672038654 33.35 33.35 84.0 2153.0 67.28125
5798.004885589796 40.0 0.0 2179.0 128.17647058823528 15070.074688154617 376.7518672038654 33.35 33.35 84.0 2153.0 67.28125
5799.003797505014 40.0 0.0 2179.0 128.17647058823528 15070.074688154617 376.7518672038654 33.35 33.35 84.0 2153.0 67.28125
5800.004885589796 40.0 0.0 2179.0 128.17647058823528 15070.074688154617 376.7518672038654 33.35 33.35 84.0 2153.0 67.28125
5801.003797505014 40.0 0.0 2179.0 128.17647058823528 15070.074688154617 376.7518672038654 33.35 33.35 84.0 2153.0 67.28125
5802.004885589796 40.0 0.0 2179.0 128.17647058823528 15070.074688154617 376.7518672038654 33.35 33.35 84.0 2153.0 67.28125
5803.003797505014 40.0 0.0 2179.0 128.17647058823528 15070.074688154617 376.7518672038654 33.35 33.35 84.0 2153.0 67.28125
5804.004885589796 40.0 0.0 2179.0 128.17647058823528 15070.074688154617 376.7518672038654 33.35 33.35 84.0 2153.0 67.28125
5805.003797505014 40.0 0.0 2179.0 128.17647058823528 15070.074688154617 376.7518672038654 33.35 33.35 84.0 2153.0 67.28125
5806.004885589796 40.0 0.0 2179.0 128.17647058823528 15070.074688154617 376.7518672038654 33.35 33.35 84.0 2153.0 67.28125
5807.003797505014 40.0 0.0 2179.0 128.17647058823528 15070.074688154617 376.7518672038654 33.35 33.35 84.0 2153.0 67.28125
5808.004885589796 40.0 0.0 2179.0 128.17647058823528 15070.074688154617 376.7518672038654 33.35 33.35 84.0 2153.0 67.28125
5809.003797505014 40.0 0.0 2179.0 128.17647058823528 15070.074688154617 376.7518672038654 33.35 33.35 84.0 2153.0 67.28125
5810.004885589796 40.0 0.0 2179.0 128.17647058823528 15070.074688154617 376.7518672038654 33.35 33.35 84.0 2153.0 67.28125
5811.003797505014 40.0 0.0 2179.0 128.17647058823528 15070.074688154617 376.7518672038654 33.35 33.35 84.0 2153.0 67.28125
5812.004885589796 40.0 0.0 2179.0 128.17647058823528 15070.074688154617 376.7518672038654 33.35 33.35 84.0 2153.0 67.28125
5813.003797505014 40.0 0.0 2179.0 128.17647058823528 15070.074688154617 376.7518672038654 33.35 33.35 84.0 2153.0 67.28125
5814.004885589796 40.0 0.0 2179.0 128.17647058823528 15070.074688154617 376.7518672038654 33.35 33.35 84.0 2153.0 67.28125
5815.003797505014 40.0 0.0 2179.0 128.17647058823528 15070.074688154617 376.7518672038654 33.35 33.35 84.0 2153.0 67.28125
5816.004885589796 40.0 0.0 2179.0 128.17647058823528 15070.074688154617 376.7518672038654 33.35 33.35 84.0 2153.0 67.28125
5817.003797505014 40.0 0.0 2179.0 128.17647058823528 15070.074688154617 376.7518672038654 33.35 33.35 84.0 2153.0 67.28125
5818.004885589796 40.0 0.0 2179.0 128.17647058823528 15070.074688154617 376.7518672038654 33.35 33.35 84.0 2153.0 67.28125
5819.003797505014 40.0 0.0 2179.0 128.17647058823528 15070.074688154617 376.7518672038654 33.35 33.35 84.0 2153.0 67.28125
5820.004885589796 40.0 0.0 2179.0 128.17647058823528 15070.074688154617 376.7518672038654 33.35 33.35 84.0 2153.0 67.28125
5821.003797505014 40.0 0.0 2179.0 128.17647058823528 15070.074688154617 376.7518672038654 33.35 33.35 84.0 2153.0 67.28125
5822.004885589796 40.0 0.0 2179.0 128.17647058823528 15070.074688154617 376.7518672038654 33.35 33.35 84.0 2153.0 67.28125
5823.003797505014 40.0 0.0 2179.0 128.17647058823528 15070.074688154617 376.7518672038654 33.35 33.35 84.0 2153.0 67.28125
5824.004885589796 40.0 0.0 2179.0 128.17647058823528 15070.074688154617 376.7518672038654 33.35 33.35 84.0 2153.0 67.28125
5825.003797505014 40.0 0.0 2179.0 128.17647058823528 15070.074688154617 376.7518672038654 33.35 33.35 84.0 2153.0 67.28125
5826.004885589796 40.0 0.0 2179.0 128.17647058823528 15070.074688154617 376.7518672038654 33.35 33.35 84.0 2153.0 67.28125
5827.003797505014 40.0 0.0 2179.0 128.17647058823528 15070.074688154617 376.7518672038654 33.35 33.35 84.0 2153.0 67.28125
5828.004885589796 40.0 0.0 2179.0 128.17647058823528 15070.074688154617 376.7518672038654 33.35 33.35 84.0 2153.0 67.28125
5829.003797505014 40.0 0.0 2179.0 128.17647058823528 15070.074688154617 376.7518672038654 33.35 33.35 84.0 2153.0 67.28125
5830.004885589796 40.0 0.0 2179.0 128.17647058823528 15070.074688154617 376.7518672038654 33.35 33.35 84.0 2153.0 67.28125
5831.003797505014 40.0 0.0 2179.0 128.17647058823528 15070.074688154617 376.7518672038654 33.35 33.35 84.0 2153.0 67.28125
5832.004885589796 40.0 0.0 2179.0 128.17647058823528 15070.074688154617 376.7518672038654 33.35 33.35 84.0 2153.0 67.28125
5833.003797505014 40.0 0.0 2179.0 128.17647058823528 15070.074688154617 376.7518672038654 33.35 33.35 84.0 2153.0 67.28125
5834.004885589796 40.0 0.0 2179.0 128.17647058823528 15070.074688154617 376.7518672038654 33.35 33.35 84.0 2153.0 67.28125
5835.003797505014 40.0 0.0 2179.0 128.17647058823528 15070.074688154617 376.7518672038654 33.35 33.35 84.0 2153.0 67.28125
5836.004885589796 40.0 0.0 2179.0 128.17647058823528 15070.074688154617 376.7518672038654 33.35 33.35 84.0 2153.0 67.28125
5837.003797505014 40.0 0.0 2179.0 128.17647058823528 15070.074688154617 376.7518672038654 33.35 33.35 84.0 2153.0 67.28125
5838.004885589796 40.0 0.0 2179.0 128.17647058823528 15070.074688154617 376.7518672038654 33.35 33.35 84.0 2153.0 67.28125
5839.003797505014 40.0 0.0 2179.0 128.17647058823528 15070.074688154617 376.7518672038654 33.35 33.35 84.0 2153.0 67.28125
5840.004885589796 40.0 0.0 2179.0 128.17647058823528 15070.074688154617 376.7518672038654 33.35 33.35 84.0 2153.0 67.28125
5841.003797505014 40.0 0.0 2179.0 128.17647058823528 15070.074688154617 376.7518672038654 33.35 33.35 84.0 2153.0 67.28125
5842.004885589796 40.0 0.0 2179.0 128.17647058823528 15070.074688154617 376.7518672038654 33.35 33.35 84.0 2153.0 67.28125
5843.003797505014 40.0 0.0 2179.0 128.17647058823528 15070.074688154617 376.7518672038654 33.35 33.35 84.0 2153.0 67.28125
5844.004885589796 40.0 0.0 2179.0 128.17647058823528 15070.074688154617 376.7518672038654 33.35 33.35 84.0 2153.0 67.28125
5845.003797505014 40.0 0.0 2179.0 128.17647058823528 15070.074688154617 376.7518672038654 33.35 33.35 84.0 2153.0 67.28125
5846.004885589796 40.0 0.0 2179.0 128.17647058823528 15070.074688154617 376.7518672038654 33.35 33.35 84.0 2153.0 67.28125
5847.003797505014 40.0 0.0 2179.0 128.17647058823528 15070.074688154617 376.7518672038654 33.35 33.35 84.0 2153.0 67.28125
5848.004885589796 40.0 0.0 2179.0 128.17647058823528 15070.074688154617 376.7518672038654 33.35 33.35 84.0 2153.0 67.28125
5849.003797505014 40.0 0.0 2179.0 128.17647058823528 15070.074688154617 376.7518672038654 33.35 33.35 84.0 2153.0 67.28125
5850.004885589796 40.0 0.0 2179.0 128.17647058823528 15070.074688154617 376.7518672038654 33.35 33.35 84.0 2153.0 67.28125
5851.003797505014 40.0 0.0 2179.0 128.17647058823528 15070.074688154617 376.7518672038654 33.35 33.35 84.0 2153.0 67.28125
5852.004885589796 40.0 0.0 2179.0 128.17647058823528 15070.074688154617 376.7518672038654 33.35 33.35 84.0 2153.0 67.28125
5853.003797505014 40.0 0.0 2179.0 128.17647058823528 15070.074688154617 376.7518672038654 33.35 33.35 84.0 2153.0 67.28125
5854.004885589796 40.0 0.0 2179.0 128.17647058823528 15070.074688154617 376.7518672038654 33.35 33.35 84.0 2153.0 67.28125
5855.003797505014 40.0 0.0 2179.0 128.17647058823528 15070.074688154617 376.7518672038654 33.35 33.35 84.0 2153.0 67.28125
5856.004885589796 40.0 0.0 2179.0 128.17647058823528 15070.074688154617 376.7518672038654 33.35 33.35 84.0 2153.0 67.28125
5857.003797505014 40.0 0.0 2179.0 128.17647058823528 15070.074688154617 376.7518672038654 33.35 33.35 84.0 2153.0 67.28125
5858.004885589796 40.0 0.0 2179.0 128.17647058823528 15070.074688154617 376.7518672038654 33.35 33.35 84.0 2153.0 67.28125
5859.003797505014 40.0 0.0 2179.0 128.17647058823528 15070.074688154617 376.7518672038654 33.35 33.35 84.0 2153.0 67.28125
5860.004885589796 40.0 0.0 2179.0 128.17647058823528 15070.074688154617 376.7518672038654 33.35 33.35 84.0 2153.0 67.28125
5861.003797505014 40.0 0.0 2179.0 128.17647058823528 15070.074688154617 376.7518672038654 33.35 33.35 84.0 2153.0 67.28125
5862.004885589796 40.0 0.0 2179.0 128.17647058823528 15070.074688154617 376.7518672038654 33.35 33.35 84.0 2153.0 67.28125
5863.003797505014 40.0 0.0 2179.0 128.17647058823528 15070.074688154617 376.7518672038654 33.35 33.35 84.0 2153.0 67.28125
5864.004885589796 40.0 0.0 2179.0 128.17647058823528 15070.074688154617 376.7518672038654 33.35 33.35 84.0 2153.0 67.28125
5865.003797505014 40.0 0.0 2179.0 128.17647058823528 15070.074688154617 376.7518672038654 33.35 33.35 84.0 2153.0 67.28125
5866.004885589796 40.0 0.0 2179.0 128.17647058823528 15070.074688154617 376.7518672038654 33.35 33.35 84.0 2153.0 67.28125
5867.003797505014 40.0 0.0 2179.0 128.17647058823528 15070.074688154617 376.7518672038654 33.35 33.35 84.0 2153.0 67.28125
5868.004885589796 40.0 0.0 2179.0 128.17647058823528 15070.074688154617 376.7518672038654 33.35 33.35 84.0 2153.0 67.28125
5869.003797505014 40.0 0.0 2179.0 128.17647058823528 15070.074688154617 376.7518672038654 33.35 33.35 84.0 2153.0 67.28125
5870.004885589796 40.0 0.0 2179.0 128.17647058823528 15070.074688154617 376.7518672038654 33.35 33.35 84.0 2153.0 67.28125
5871.003797505014 40.0 0.0 2179.0 128.17647058823528 15070.074688154617 376.7518672038654 33.35 33.35 84.0 2153.0 67.28125
5872.004885589796 40.0 0.0 2179.0 128.17647058823528 15070.074688154617 376.7518672038654 33.35 33.35 84.0 2153.0 67.28125
5873.003797505014 40.0 0.0 2179.0 128.17647058823528 15070.074688154617 376.7518672038654 33.35 33.35 84.0 2153.0 67.28125
5874.004885589796 40.0 0.0 2179.0 128.17647058823528 15070.074688154617 376.7518672038654 33.35 33.35 84.0 2153.0 67.28125
5875.003797505014 40.0 0.0 2179.0 128.17647058823528 15070.074688154617 376.7518672038654 33.35 33.35 84.0 2153.0 67.28125
5876.004885589796 40.0 0.0 2179.0 128.17647058823528 15070.074688154617 376.7518672038654 33.35 33.35 84.0 2153.0 67.28125
5877.003797505014 40.0 0.0 2179.0 128.17647058823528 15070.074688154617 376.7518672038654 33.35 33.35 84.0 2153.0 67.28125
5878.004885589796 40.0 0.0 2179.0 128.17647058823528 15070.074688154617 376.7518672038654 33.35 33.35 84.0 2153.0 67.28125
5879.003797505014 40.0 0.0 2179.0 128.17647058823528 15070.074688154617 376.7518672038654 33.35 33.35 84.0 2153.0 67.28125
5880.004885589796 40.0 0.0 2179.0 128.17647058823528 15070.074688154617 376.7518672038654 33.35 33.35 84.0 2153.0 67.28125
5881.003797505014 40.0 0.0 2179.0 128.17647058823528 15070.074688154617 376.7518672038654 33.35 33.35 84.0 2153.0 67.28125
5882.004885589796 40.0 0.0 2179.0 128.17647058823528 15070.074688154617 376.7518672038654 33.35 33.35 84.0 2153.0 67.28125
5883.003797505014 40.0 0.0 2179.0 128.17647058823528 15070.074688154617 376.7518672038654 33.35 33.35 84.0 2153.0 67.28125
5884.004885589796 40.0 0.0 2179.0 128.17647058823528 15070.074688154617 376.7518672038654 33.35 33.35 84.0 2153.0 67.28125
5885.003797505014 40.0 0.0 2179.0 128.17647058823528 15070.074688154617 376.7518672038654 33.35 33.35 84.0 2153.0 67.28125
5886.004885589796 40.0 0.0 2179.0 128.17647058823528 15070.074688154617 376.7518672038654 33.35 33.35 84.0 2153.0 67.28125
5887.003797505014 40.0 0.0 2179.0 128.17647058823528 15070.074688154617 376.7518672038654 33.35 33.35 84.0 2153.0 67.28125
5888.004885589796 40.0 0.0 2179.0 128.17647058823528 15070.074688154617 376.7518672038654 33.35 33.35 84.0 2153.0 67.28125
5889.003797505014 40.0 0.0 2179.0 128.17647058823528 15070.074688154617 376.7518672038654 33.35 33.35 84.0 2153.0 67.28125
5890.004885589796 40.0 0.0 2179.0 128.17647058823528 15070.074688154617 376.7518672038654 33.35 33.35 84.0 2153.0 67.28125
5891.003797505014 40.0 0.0 2179.0 128.17647058823528 15070.074688154617 376.7518672038654 33.35 33.35 84.0 2153.0 67.28125
5892.004885589796 40.0 0.0 2179.0 128.17647058823528 15070.074688154617 376.7518672038654 33.35 33.35 84.0 2153.0 67.28125
5893.003797505014 40.0 0.0 2179.0 128.17647058823528 15070.074688154617 376.7518672038654 33.35 33.35 84.0 2153.0 67.28125
5894.004885589796 40.0 0.0 2179.0 128.17647058823528 15070.074688154617 376.7518672038654 33.35 33.35 84.0 2153.0 67.28125
5895.003797505014 40.0 0.0 2179.0 128.17647058823528 15070.074688154617 376.7518672038654 33.35 33.35 84.0 2153.0 67.28125
5896.004885589796 40.0 0.0 2179.0 128.17647058823528 15070.074688154617 376.7518672038654 33.35 33.35 84.0 2153.0 67.28125
5897.003797505014 40.0 0.0 2179.0 128.17647058823528 15070.074688154617 376.7518672038654 33.35 33.35 84.0 2153.0 67.28125
5898.004885589796 40.0 0.0 2179.0 128.17647058823528 15070.074688154617 376.7518672038654 33.35 33.35 84.0 2153.0 67.28125
5899.003797505014 40.0 0.0 2179.0 128.17647058823528 15070.074688154617 376.7518672038654 33.35 33.35 84.0 2153.0 67.28125
5900.004885589796 40.0 0.0 2179.0 128.17647058823528 15070.074688154617 376.7518672038654 33.35 33.35 84.0 2153.0 67.28125
5901.003797505014 40.0 0.0 2179.0 128.17647058823528 15070.074688154617 376.7518672038654 33.35 33.35 84.0 2153.0 67.28125
5902.004885589796 40.0 0.0 2179.0 128.17647058823528 15070.074688154617 376.7518672038654 33.35 33.35 84.0 2153.0 67.28125
5903.003797505014 40.0 0.0 2179.0 128.17647058823528 15070.074688154617 376.7518672038654 33.35 33.35 84.0 2153.0 67.28125
5904.004885589796 40.0 0.0 2179.0 128.17647058823528 15070.074688154617 376.7518672038654 33.35 33.35 84.0 2153.0 67.28125
5905.003797505014 40.0 0.0 2179.0 128.17647058823528 15070.074688154617 376.7518672038654 33.35 33.35 84.0 2153.0 67.28125
5906.004885589796 40.0 0.0 2179.0 128.17647058823528 15070.074688154617 376.7518672038654 33.35 33.35 84.0 2153.0 67.28125
5907.003797505014 40.0 0.0 2179.0 128.17647058823528 15070.074688154617 376.7518672038654 33.35 33.35 84.0 2153.0 67.28125
5908.004885589796 40.0 0.0 2179.0 128.17647058823528 15070.074688154617 376.7518672038654 33.35 33.35 84.0 2153.0 67.28125
5909.003797505014 40.0 0.0 2179.0 128.17647058823528 15070.074688154617 376.7518672038654 33.35 33.35 84.0 2153.0 67.28125
5910.004885589796 40.0 0.0 2179.0 128.17647058823528 15070.074688154617 376.7518672038654 33.35 33.35 84.0 2153.0 67.28125
5911.003797505014 40.0 0.0 2179.0 128.17647058823528 15070.074688154617 376.7518672038654 33.35 33.35 84.0 2153.0 67.28125
5912.004885589796 40.0 0.0 2179.0 128.17647058823528 15070.074688154617 376.7518672038654 33.35 33.35 84.0 2153.0 67.28125
5913.003797505014 40.0 0.0 2179.0 128.17647058823528 15070.074688154617 376.7518672038654 33.35 33.35 84.0 2153.0 67.28125
5914.004885589796 40.0 0.0 2179.0 128.17647058823528 15070.074688154617 376.7518672038654 33.35 33.35 84.0 2153.0 67.28125
5915.003797505014 40.0 0.0 2179.0 128.17647058823528 15070.074688154617 376.7518672038654 33.35 33.35 84.0 2153.0 67.28125
5916.004885589796 40.0 0.0 2179.0 128.17647058823528 15070.074688154617 376.7518672038654 33.35 33.35 84.0 2153.0 67.28125
5917.003797505014 40.0 0.0 2179.0 128.17647058823528 15070.074688154617 376.7518672038654 33.35 33.35 84.0 2153.0 67.28125
5918.004885589796 40.0 0.0 2179.0 128.17647058823528 15070.074688154617 376.7518672038654 33.35 33.35 84.0 2153.0 67.28125
5919.003797505014 40.0 0.0 2179.0 128.17647058823528 15070.074688154617 376.7518672038654 33.35 33.35 84.0 2153.0 67.28125
5920.004885589796 40.0 0.0 2179.0 128.17647058823528 15070.074688154617 376.7518672038654 33.35 33.35 84.0 2153.0 67.28125
5921.003797505014 40.0 0.0 2179.0 128.17647058823528 15070.074688154617 376.7518672038654 33.35 33.35 84.0 2153.0 67.28125
5922.004885589796 40.0 0.0 2179.0 128.17647058823528 15070.074688154617 376.7518672038654 33.35 33.35 84.0 2153.0 67.28125
5923.003797505014 40.0 0.0 2179.0 128.17647058823528 15070.074688154617 376.7518672038654 33.35 33.35 84.0 2153.0 67.28125
5924.004885589796 40.0 0.0 2179.0 128.17647058823528 15070.074688154617 376.7518672038654 33.35 33.35 84.0 2153.0 67.28125
5925.003797505014 40.0 0.0 2179.0 128.17647058823528 15070.074688154617 376.7518672038654 33.35 33.35 84.0 2153.0 67.28125
5926.004885589796 40.0 0.0 2179.0 128.17647058823528 15070.074688154617 376.7518672038654 33.35 33.35 84.0 2153.0 67.28125
5927.003797505014 40.0 0.0 2179.0 128.17647058823528 15070.074688154617 376.7518672038654 33.35 33.35 84.0 2153.0 67.28125
5928.004885589796 40.0 0.0 2179.0 128.17647058823528 15070.074688154617 376.7518672038654 33.35 33.35 84.0 2153.0 67.28125
5929.003797505014 40.0 0.0 2179.0 128.17647058823528 15070.074688154617 376.7518672038654 33.35 33.35 84.0 2153.0 67.28125
5930.004885589796 40.0 0.0 2179.0 128.17647058823528 15070.074688154617 376.7518672038654 33.35 33.35 84.0 2153.0 67.28125
5931.003797505014 40.0 0.0 2179.0 128.17647058823528 15070.074688154617 376.7518672038654 33.35 33.35 84.0 2153.0 67.28125
5932.004885589796 40.0 0.0 2179.0 128.17647058823528 15070.074688154617 376.7518672038654 33.35 33.35 84.0 2153.0 67.28125
5933.003797505014 40.0 0.0 2179.0 128.17647058823528 15070.074688154617 376.7518672038654 33.35 33.35 84.0 2153.0 67.28125
5934.004885589796 40.0 0.0 2179.0 128.17647058823528 15070.074688154617 376.7518672038654 33.35 33.35 84.0 2153.0 67.28125
5935.003797505014 40.0 0.0 2179.0 128.17647058823528 15070.074688154617 376.7518672038654 33.35 33.35 84.0 2153.0 67.28125
5936.004885589796 40.0 0.0 2179.0 128.17647058823528 15070.074688154617 376.7518672038654 33.35 33.35 84.0 2153.0 67.28125
5937.003797505014 40.0 0.0 2179.0 128.17647058823528 15070.074688154617 376.7518672038654 33.35 33.35 84.0 2153.0 67.28125
5938.004885589796 40.0 0.0 2179.0 128.17647058823528 15070.074688154617 376.7518672038654 33.35 33.35 84.0 2153.0 67.28125
5939.003797505014 40.0 0.0 2179.0 128.17647058823528 15070.074688154617 376.7518672038654 33.35 33.35 84.0 2153.0 67.28125
5940.004885589796 40.0 0.0 2179.0 128.17647058823528 15070.074688154617 376.7518672038654 33.35 33.35 84.0 2153.0 67.28125
5941.003797505014 40.0 0.0 2179.0 128.17647058823528 15070.074688154617 376.7518672038654 33.35 33.35 84.0 2153.0 67.28125
5942.004885589796 40.0 0.0 2179.0 128.17647058823528 15070.074688154617 376.7518672038654 33.35 33.35 84.0 2153.0 67.28125
5943.003797505014 40.0 0.0 2179.0 128.17647058823528 15070.074688154617 376.7518672038654 33.35 33.35 84.0 2153.0 67.28125
5944.004885589796 40.0 0.0 2179.0 128.17647058823528 15070.074688154617 376.7518672038654 33.35 33.35 84.0 2153.0 67.28125
5945.003797505014 40.0 0.0 2179.0 128.17647058823528 15070.074688154617 376.7518672038654 33.35 33.35 84.0 2153.0 67.28125
5946.004885589796 40.0 0.0 2179.0 128.17647058823528 15070.074688154617 376.7518672038654 33.35 33.35 84.0 2153.0 67.28125
5947.003797505014 40.0 0.0 2179.0 128.17647058823528 15070.074688154617 376.7518672038654 33.35 33.35 84.0 2153.0 67.28125
5948.004885589796 40.0 0.0 2179.0 128.17647058823528 15070.074688154617 376.7518672038654 33.35 33.35 84.0 2153.0 67.28125
5949.003797505014 40.0 0.0 2179.0 128.17647058823528 15070.074688154617 376.7518672038654 33.35 33.35 84.0 2153.0 67.28125
5950.004885589796 40.0 0.0 2179.0 128.17647058823528 15070.074688154617 376.7518672038654 33.35 33.35 84.0 2153.0 67.28125
5951.003797505014 40.0 0.0 2179.0 128.17647058823528 15070.074688154617 376.7518672038654 33.35 33.35 84.0 2153.0 67.28125
5952.004885589796 40.0 0.0 2179.0 128.17647058823528 15070.074688154617 376.7518672038654 33.35 33.35 84.0 2153.0 67.28125
5953.003797505014 40.0 0.0 2179.0 128.17647058823528 15070.074688154617 376.7518672038654 33.35 33.35 84.0 2153.0 67.28125
5954.004885589796 40.0 0.0 2179.0 128.17647058823528 15070.074688154617 376.7518672038654 33.35 33.35 84.0 2153.0 67.28125
5955.003797505014 40.0 0.0 2179.0 128.17647058823528 15070.074688154617 376.7518672038654 33.35 33.35 84.0 2153.0 67.28125
5956.004885589796 40.0 0.0 2179.0 128.17647058823528 15070.074688154617 376.7518672038654 33.35 33.35 84.0 2153.0 67.28125
5957.003797505014 40.0 0.0 2179.0 128.17647058823528 15070.074688154617 376.7518672038654 33.35 33.35 84.0 2153.0 67.28125
5958.004885589796 40.0 0.0 2179.0 128.17647058823528 15070.074688154617 376.7518672038654 33.35 33.35 84.0 2153.0 67.28125
5959.003797505014 40.0 0.0 2179.0 128.17647058823528 15070.074688154617 376.7518672038654 33.35 33.35 84.0 2153.0 67.28125
5960.004885589796 40.0 0.0 2179.0 128.17647058823528 15070.074688154617 376.7518672038654 33.35 33.35 84.0 2153.0 67.28125
5961.003797505014 40.0 0.0 2179.0 128.17647058823528 15070.074688154617 376.7518672038654 33.35 33.35 84.0 2153.0 67.28125
5962.004885589796 40.0 0.0 2179.0 128.17647058823528 15070.074688154617 376.7518672038654 33.35 33.35 84.0 2153.0 67.28125
5963.003797505014 40.0 0.0 2179.0 128.17647058823528 15070.074688154617 376.7518672038654 33.35 33.35 84.0 2153.0 67.28125
5964.004885589796 40.0 0.0 2179.0 128.17647058823528 15070.074688154617 376.7518672038654 33.35 33.35 84.0 2153.0 67.28125
5965.003797505014 40.0 0.0 2179.0 128.17647058823528 15070.074688154617 376.7518672038654 33.35 33.35 84.0 2153.0 67.28125
5966.004885589796 40.0 0.0 2179.0 128.17647058823528 15070.074688154617 376.7518672038654 33.35 33.35 84.0 2153.0 67.28125
5967.003797505014 40.0 0.0 2179.0 128.17647058823528 15070.074688154617 376.7518672038654 33.35 33.35 84.0 2153.0 67.28125
5968.004885589796 40.0 0.0 2179.0 128.17647058823528 15070.074688154617 376.7518672038654 33.35 33.35 84.0 2153.0 67.28125
5969.003797505014 40.0 0.0 2179.0 128.17647058823528 15070.074688154617 376.7518672038654 33.35 33.35 84.0 2153.0 67.28125
5970.004885589796 40.0 0.0 2179.0 128.17647058823528 15070.074688154617 376.7518672038654 33.35 33.35 84.0 2153.0 67.28125
5971.003797505014 40.0 0.0 2179.0 128.17647058823528 15070.074688154617 376.7518672038654 33.35 33.35 84.0 2153.0 67.28125
5972.004885589796 40.0 0.0 2179.0 128.17647058823528 15070.074688154617 376.7518672038654 33.35 33.35 84.0 2153.0 67.28125
5973.003797505014 40.0 0.0 2179.0 128.17647058823528 15070.074688154617 376.7518672038654 33.35 33.35 84.0 2153.0 67.28125
5974.004885589796 40.0 0.0 2179.0 128.17647058823528 15070.074688154617 376.7518672038654 33.35 33.35 84.0 2153.0 67.28125
5975.003797505014 40.0 0.0 2179.0 128.17647058823528 15070.074688154617 376.7518672038654 33.35 33.35 84.0 2153.0 67.28125
5976.004885589796 40.0 0.0 2179.0 128.17647058823528 15070.074688154617 376.7518672038654 33.35 33.35 84.0 2153.0 67.28125
5977.003797505014 40.0 0.0 2179.0 128.17647058823528 15070.074688154617 376.7518672038654 33.35 33.35 84.0 2153.0 67.28125
5978.004885589796 40.0 0.0 2179.0 128.17647058823528 15070.074688154617 376.7518672038654 33.35 33.35 84.0 2153.0 67.28125
5979.003797505014 40.0 0.0 2179.0 128.17647058823528 15070.074688154617 376.7518672038654 33.35 33.35 84.0 2153.0 67.28125
5980.004885589796 40.0 0.0 2179.0 128.17647058823528 15070.074688154617 376.7518672038654 33.35 33.35 84.0 2153.0 67.28125
5981.003797505014 40.0 0.0 2179.0 128.17647058823528 15070.074688154617 376.7518672038654 33.35 33.35 84.0 2153.0 67.28125
5982.004885589796 40.0 0.0 2179.0 128.17647058823528 15070.074688154617 376.7518672038654 33.35 33.35 84.0 2153.0 67.28125
5983.003797505014 40.0 0.0 2179.0 128.17647058823528 15070.074688154617 376.7518672038654 33.35 33.35 84.0 2153.0 67.28125
5984.004885589796 40.0 0.0 2179.0 128.17647058823528 15070.074688154617 376.7518672038654 33.35 33.35 84.0 2153.0 67.28125
5985.003797505014 40.0 0.0 2179.0 128.17647058823528 15070.074688154617 376.7518672038654 33.35 33.35 84.0 2153.0 67.28125
5986.004885589796 40.0 0.0 2179.0 128.17647058823528 15070.074688154617 376.7518672038654 33.35 33.35 84.0 2153.0 67.28125
5987.003797505014 40.0 0.0 2179.0 128.17647058823528 15070.074688154617 376.7518672038654 33.35 33.35 84.0 2153.0 67.28125
5988.004885589796 40.0 0.0 2179.0 128.17647058823528 15070.074688154617 376.7518672038654 33.35 33.35 84.0 2153.0 67.28125
5989.003797505014 40.0 0.0 2179.0 128.17647058823528 15070.074688154617 376.7518672038654 33.35 33.35 84.0 2153.0 67.28125
5990.004885589796 40.0 0.0 2179.0 128.17647058823528 15070.074688154617 376.7518672038654 33.35 33.35 84.0 2153.0 67.28125
5991.003797505014 40.0 0.0 2179.0 128.17647058823528 15070.074688154617 376.7518672038654 33.35 33.35 84.0 2153.0 67.28125
5992.004885589796 40.0 0.0 2179.0 128.17647058823528 15070.074688154617 376.7518672038654 33.35 33.35 84.0 2153.0 67.28125
5993.003797505014 40.0 0.0 2179.0 128.17647058823528 15070.074688154617 376.7518672038654 33.35 33.35 84.0 2153.0 67.28125
5994.004885589796 40.0 0.0 2179.0 128.17647058823528 15070.074688154617 376.7518672038654 33.35 33.35 84.0 2153.0 67.28125
5995.003797505014 40.0 0.0 2179.0 128.17647058823528 15070.074688154617 376.7518672038654 33.35 33.35 84.0 2153.0 67.28125
5996.004885589796 40.0 0.0 2179.0 128.17647058823528 15070.074688154617 376.7518672038654 33.35 33.35 84.0 2153.0 67.28125
5997.003797505014 40.0 0.0 2179.0 128.17647058823528 15070.074688154617 376.7518672038654 33.35 33.35 84.0 2153.0 67.28125
5998.004885589796 40.0 0.0 2179.0 128.17647058823528 15070.074688154617 376.7518672038654 33.35 33.35 84.0 2153.0 67.28125
5999.003797505014 40.0 0.0 2179.0 128.17647058823528 15070.074688154617 376.7518672038654 33.35 33.35 84.0 2153.0 67.28125
6000.004885589796 40.0 0.0 2179.0 128.17647058823528 15070.074688154617 376.7518672038654 33.35 33.35 84.0 2153.0 67.28125
6001.003797505014 40.0 0.0 2179.0 128.17647058823528 15070.074688154617 376.7518672038654 33.35 33.35 84.0 2153.0 67.28125
6002.004885589796 40.0 0.0 2179.0 128.17647058823528 15070.074688154617 376.7518672038654 33.35 33.35 84.0 2153.0 67.28125
6003.003797505014 40.0 0.0 2179.0 128.17647058823528 15070.074688154617 376.7518672038654 33.35 33.35 84.0 2153.0 67.28125
6004.004885589796 40.0 0.0 2179.0 128.17647058823528 15070.074688154617 376.7518672038654 33.35 33.35 84.0 2153.0 67.28125
6005.003797505014 40.0 0.0 2179.0 128.17647058823528 15070.074688154617 376.7518672038654 33.35 33.35 84.0 2153.0 67.28125
6006.004885589796 40.0 0.0 2179.0 128.17647058823528 15070.074688154617 376.7518672038654 33.35 33.35 84.0 2153.0 67.28125
6007.003797505014 40.0 0.0 2179.0 128.17647058823528 15070.074688154617 376.7518672038654 33.35 33.35 84.0 2153.0 67.28125
6008.004885589796 40.0 0.0 2179.0 128.17647058823528 15070.074688154617 376.7518672038654 33.35 33.35 84.0 2153.0 67.28125
6009.003797505014 40.0 0.0 2179.0 128.17647058823528 15070.074688154617 376.7518672038654 33.35 33.35 84.0 2153.0 67.28125
6010.004885589796 40.0 0.0 2179.0 128.17647058823528 15070.074688154617 376.7518672038654 33.35 33.35 84.0 2153.0 67.28125
6011.003797505014 40.0 0.0 2179.0 128.17647058823528 15070.074688154617 376.7518672038654 33.35 33.35 84.0 2153.0 67.28125
6012.004885589796 40.0 0.0 2179.0 128.17647058823528 15070.074688154617 376.7518672038654 33.35 33.35 84.0 2153.0 67.28125
6013.003797505014 40.0 0.0 2179.0 128.17647058823528 15070.074688154617 376.7518672038654 33.35 33.35 84.0 2153.0 67.28125
6014.004885589796 40.0 0.0 2179.0 128.17647058823528 15070.074688154617 376.7518672038654 33.35 33.35 84.0 2153.0 67.28125
6015.003797505014 40.0 0.0 2179.0 128.17647058823528 15070.074688154617 376.7518672038654 33.35 33.35 84.0 2153.0 67.28125
6016.004885589796 40.0 0.0 2179.0 128.17647058823528 15070.074688154617 376.7518672038654 33.35 33.35 84.0 2153.0 67.28125
6017.003797505014 40.0 0.0 2179.0 128.17647058823528 15070.074688154617 376.7518672038654 33.35 33.35 84.0 2153.0 67.28125
6018.004885589796 40.0 0.0 2179.0 128.17647058823528 15070.074688154617 376.7518672038654 33.35 33.35 84.0 2153.0 67.28125
6019.003797505014 40.0 0.0 2179.0 128.17647058823528 15070.074688154617 376.7518672038654 33.35 33.35 84.0 2153.0 67.28125
6020.004885589796 40.0 0.0 2179.0 128.17647058823528 15070.074688154617 376.7518672038654 33.35 33.35 84.0 2153.0 67.28125
6021.003797505014 40.0 0.0 2179.0 128.17647058823528 15070.074688154617 376.7518672038654 33.35 33.35 84.0 2153.0 67.28125
6022.004885589796 40.0 0.0 2179.0 128.17647058823528 15070.074688154617 376.7518672038654 33.35 33.35 84.0 2153.0 67.28125
6023.003797505014 40.0 0.0 2179.0 128.17647058823528 15070.074688154617 376.7518672038654 33.35 33.35 84.0 2153.0 67.28125
6024.004885589796 40.0 0.0 2179.0 128.17647058823528 15070.074688154617 376.7518672038654 33.35 33.35 84.0 2153.0 67.28125
6025.003797505014 40.0 0.0 2179.0 128.17647058823528 15070.074688154617 376.7518672038654 33.35 33.35 84.0 2153.0 67.28125
6026.004885589796 40.0 0.0 2179.0 128.17647058823528 15070.074688154617 376.7518672038654 33.35 33.35 84.0 2153.0 67.28125
6027.003797505014 40.0 0.0 2179.0 128.17647058823528 15070.074688154617 376.7518672038654 33.35 33.35 84.0 2153.0 67.28125
6028.004885589796 40.0 0.0 2179.0 128.17647058823528 15070.074688154617 376.7518672038654 33.35 33.35 84.0 2153.0 67.28125
6029.003797505014 40.0 0.0 2179.0 128.17647058823528 15070.074688154617 376.7518672038654 33.35 33.35 84.0 2153.0 67.28125
6030.004885589796 40.0 0.0 2179.0 128.17647058823528 15070.074688154617 376.7518672038654 33.35 33.35 84.0 2153.0 67.28125
6031.003797505014 40.0 0.0 2179.0 128.17647058823528 15070.074688154617 376.7518672038654 33.35 33.35 84.0 2153.0 67.28125
6032.004885589796 40.0 0.0 2179.0 128.17647058823528 15070.074688154617 376.7518672038654 33.35 33.35 84.0 2153.0 67.28125
6033.003797505014 40.0 0.0 2179.0 128.17647058823528 15070.074688154617 376.7518672038654 33.35 33.35 84.0 2153.0 67.28125
6034.004885589796 40.0 0.0 2179.0 128.17647058823528 15070.074688154617 376.7518672038654 33.35 33.35 84.0 2153.0 67.28125
6035.003797505014 40.0 0.0 2179.0 128.17647058823528 15070.074688154617 376.7518672038654 33.35 33.35 84.0 2153.0 67.28125
6036.004885589796 40.0 0.0 2179.0 128.17647058823528 15070.074688154617 376.7518672038654 33.35 33.35 84.0 2153.0 67.28125
6037.003797505014 40.0 0.0 2179.0 128.17647058823528 15070.074688154617 376.7518672038654 33.35 33.35 84.0 2153.0 67.28125
6038.004885589796 40.0 0.0 2179.0 128.17647058823528 15070.074688154617 376.7518672038654 33.35 33.35 84.0 2153.0 67.28125
6039.003797505014 40.0 0.0 2179.0 128.17647058823528 15070.074688154617 376.7518672038654 33.35 33.35 84.0 2153.0 67.28125
6040.004885589796 40.0 0.0 2179.0 128.17647058823528 15070.074688154617 376.7518672038654 33.35 33.35 84.0 2153.0 67.28125
6041.003797505014 40.0 0.0 2179.0 128.17647058823528 15070.074688154617 376.7518672038654 33.35 33.35 84.0 2153.0 67.28125
6042.004885589796 40.0 0.0 2179.0 128.17647058823528 15070.074688154617 376.7518672038654 33.35 33.35 84.0 2153.0 67.28125
6043.003797505014 40.0 0.0 2179.0 128.17647058823528 15070.074688154617 376.7518672038654 33.35 33.35 84.0 2153.0 67.28125
6044.004885589796 40.0 0.0 2179.0 128.17647058823528 15070.074688154617 376.7518672038654 33.35 33.35 84.0 2153.0 67.28125
6045.003797505014 40.0 0.0 2179.0 128.17647058823528 15070.074688154617 376.7518672038654 33.35 33.35 84.0 2153.0 67.28125
6046.004885589796 40.0 0.0 2179.0 128.17647058823528 15070.074688154617 376.7518672038654 33.35 33.35 84.0 2153.0 67.28125
6047.003797505014 40.0 0.0 2179.0 128.17647058823528 15070.074688154617 376.7518672038654 33.35 33.35 84.0 2153.0 67.28125
6048.004885589796 40.0 0.0 2179.0 128.17647058823528 15070.074688154617 376.7518672038654 33.35 33.35 84.0 2153.0 67.28125
6049.003797505014 40.0 0.0 2179.0 128.17647058823528 15070.074688154617 376.7518672038654 33.35 33.35 84.0 2153.0 67.28125
6050.004885589796 40.0 0.0 2179.0 128.17647058823528 15070.074688154617 376.7518672038654 33.35 33.35 84.0 2153.0 67.28125
6051.003797505014 40.0 0.0 2179.0 128.17647058823528 15070.074688154617 376.7518672038654 33.35 33.35 84.0 2153.0 67.28125
6052.004885589796 40.0 0.0 2179.0 128.17647058823528 15070.074688154617 376.7518672038654 33.35 33.35 84.0 2153.0 67.28125
6053.003797505014 40.0 0.0 2179.0 128.17647058823528 15070.074688154617 376.7518672038654 33.35 33.35 84.0 2153.0 67.28125
6054.004885589796 40.0 0.0 2179.0 128.17647058823528 15070.074688154617 376.7518672038654 33.35 33.35 84.0 2153.0 67.28125
6055.003797505014 40.0 0.0 2179.0 128.17647058823528 15070.074688154617 376.7518672038654 33.35 33.35 84.0 2153.0 67.28125
6056.004885589796 40.0 0.0 2179.0 128.17647058823528 15070.074688154617 376.7518672038654 33.35 33.35 84.0 2153.0 67.28125
6057.003797505014 40.0 0.0 2179.0 128.17647058823528 15070.074688154617 376.7518672038654 33.35 33.35 84.0 2153.0 67.28125
6058.004885589796 40.0 0.0 2179.0 128.17647058823528 15070.074688154617 376.7518672038654 33.35 33.35 84.0 2153.0 67.28125
6059.003797505014 40.0 0.0 2179.0 128.17647058823528 15070.074688154617 376.7518672038654 33.35 33.35 84.0 2153.0 67.28125
6060.004885589796 40.0 0.0 2179.0 128.17647058823528 15070.074688154617 376.7518672038654 33.35 33.35 84.0 2153.0 67.28125
6061.003797505014 40.0 0.0 2179.0 128.17647058823528 15070.074688154617 376.7518672038654 33.35 33.35 84.0 2153.0 67.28125
6062.004885589796 40.0 0.0 2179.0 128.17647058823528 15070.074688154617 376.7518672038654 33.35 33.35 84.0 2153.0 67.28125
6063.003797505014 40.0 0.0 2179.0 128.17647058823528 15070.074688154617 376.7518672038654 33.35 33.35 84.0 2153.0 67.28125
6064.004885589796 40.0 0.0 2179.0 128.17647058823528 15070.074688154617 376.7518672038654 33.35 33.35 84.0 2153.0 67.28125
6065.003797505014 40.0 0.0 2179.0 128.17647058823528 15070.074688154617 376.7518672038654 33.35 33.35 84.0 2153.0 67.28125
6066.004885589796 40.0 0.0 2179.0 128.17647058823528 15070.074688154617 376.7518672038654 33.35 33.35 84.0 2153.0 67.28125
6067.003797505014 40.0 0.0 2179.0 128.17647058823528 15070.074688154617 376.7518672038654 33.35 33.35 84.0 2153.0 67.28125
6068.004885589796 40.0 0.0 2179.0 128.17647058823528 15070.074688154617 376.7518672038654 33.35 33.35 84.0 2153.0 67.28125
6069.003797505014 40.0 0.0 2179.0 128.17647058823528 15070.074688154617 376.7518672038654 33.35 33.35 84.0 2153.0 67.28125
6070.004885589796 40.0 0.0 2179.0 128.17647058823528 15070.074688154617 376.7518672038654 33.35 33.35 84.0 2153.0 67.28125
6071.003797505014 40.0 0.0 2179.0 128.17647058823528 15070.074688154617 376.7518672038654 33.35 33.35 84.0 2153.0 67.28125
6072.004885589796 40.0 0.0 2179.0 128.17647058823528 15070.074688154617 376.7518672038654 33.35 33.35 84.0 2153.0 67.28125
6073.003797505014 40.0 0.0 2179.0 128.17647058823528 15070.074688154617 376.7518672038654 33.35 33.35 84.0 2153.0 67.28125
6074.004885589796 40.0 0.0 2179.0 128.17647058823528 15070.074688154617 376.7518672038654 33.35 33.35 84.0 2153.0 67.28125
6075.003797505014 40.0 0.0 2179.0 128.17647058823528 15070.074688154617 376.7518672038654 33.35 33.35 84.0 2153.0 67.28125
6076.004885589796 40.0 0.0 2179.0 128.17647058823528 15070.074688154617 376.7518672038654 33.35 33.35 84.0 2153.0 67.28125
6077.003797505014 40.0 0.0 2179.0 128.17647058823528 15070.074688154617 376.7518672038654 33.35 33.35 84.0 2153.0 67.28125
6078.004885589796 40.0 0.0 2179.0 128.17647058823528 15070.074688154617 376.7518672038654 33.35 33.35 84.0 2153.0 67.28125
6079.003797505014 40.0 0.0 2179.0 128.17647058823528 15070.074688154617 376.7518672038654 33.35 33.35 84.0 2153.0 67.28125
6080.004885589796 40.0 0.0 2179.0 128.17647058823528 15070.074688154617 376.7518672038654 33.35 33.35 84.0 2153.0 67.28125
6081.003797505014 40.0 0.0 2179.0 128.17647058823528 15070.074688154617 376.7518672038654 33.35 33.35 84.0 2153.0 67.28125
6082.004885589796 40.0 0.0 2179.0 128.17647058823528 15070.074688154617 376.7518672038654 33.35 33.35 84.0 2153.0 67.28125
6083.003797505014 40.0 0.0 2179.0 128.17647058823528 15070.074688154617 376.7518672038654 33.35 33.35 84.0 2153.0 67.28125
6084.004885589796 40.0 0.0 2179.0 128.17647058823528 15070.074688154617 376.7518672038654 33.35 33.35 84.0 2153.0 67.28125
6085.003797505014 40.0 0.0 2179.0 128.17647058823528 15070.074688154617 376.7518672038654 33.35 33.35 84.0 2153.0 67.28125
6086.004885589796 40.0 0.0 2179.0 128.17647058823528 15070.074688154617 376.7518672038654 33.35 33.35 84.0 2153.0 67.28125
6087.003797505014 40.0 0.0 2179.0 128.17647058823528 15070.074688154617 376.7518672038654 33.35 33.35 84.0 2153.0 67.28125
6088.004885589796 40.0 0.0 2179.0 128.17647058823528 15070.074688154617 376.7518672038654 33.35 33.35 84.0 2153.0 67.28125
6089.003797505014 40.0 0.0 2179.0 128.17647058823528 15070.074688154617 376.7518672038654 33.35 33.35 84.0 2153.0 67.28125
6090.004885589796 40.0 0.0 2179.0 128.17647058823528 15070.074688154617 376.7518672038654 33.35 33.35 84.0 2153.0 67.28125
6091.003797505014 40.0 0.0 2179.0 128.17647058823528 15070.074688154617 376.7518672038654 33.35 33.35 84.0 2153.0 67.28125
6092.004885589796 40.0 0.0 2179.0 128.17647058823528 15070.074688154617 376.7518672038654 33.35 33.35 84.0 2153.0 67.28125
6093.003797505014 40.0 0.0 2179.0 128.17647058823528 15070.074688154617 376.7518672038654 33.35 33.35 84.0 2153.0 67.28125
6094.004885589796 40.0 0.0 2179.0 128.17647058823528 15070.074688154617 376.7518672038654 33.35 33.35 84.0 2153.0 67.28125
6095.003797505014 40.0 0.0 2179.0 128.17647058823528 15070.074688154617 376.7518672038654 33.35 33.35 84.0 2153.0 67.28125
6096.004885589796 40.0 0.0 2179.0 128.17647058823528 15070.074688154617 376.7518672038654 33.35 33.35 84.0 2153.0 67.28125
6097.003797505014 40.0 0.0 2179.0 128.17647058823528 15070.074688154617 376.7518672038654 33.35 33.35 84.0 2153.0 67.28125
6098.004885589796 40.0 0.0 2179.0 128.17647058823528 15070.074688154617 376.7518672038654 33.35 33.35 84.0 2153.0 67.28125
6099.003797505014 40.0 0.0 2179.0 128.17647058823528 15070.074688154617 376.7518672038654 33.35 33.35 84.0 2153.0 67.28125
#####################################################################
# End of data export. Simulation finished at: 2025-04-16T09:05+0000 #
#####################################################################
